--||--||--||dz||Algeria
1044234240||1044250623||1111224682||dz||
1049707776||1049708031||1109653200||dz||
1049708544||1049710079||1109653200||dz||
1347944448||1347948543||1111226114||dz||
1357365248||1357365887||1109653200||dz||
1357367296||1357368063||1109653200||dz||
1357369344||1357369599||1109653200||dz||
1357370112||1357370879||1109653200||dz||
1358299136||1358303231||1119672886||dz||
1358512128||1358516223||1109653200||dz||
1360412672||1360420863||1111222296||dz||
1360420864||1360421119||1109653200||dz||
1360429056||1360433151||1109653200||dz||
1360674816||1360678911||1116364109||dz||
1361035628||1361035631||1109653200||dz||
1361035752||1361035759||1109653200||dz||
1361035788||1361035807||1109653200||dz||
1361036208||1361036223||1109653200||dz||
1361036316||1361036327||1109653200||dz||
1361036336||1361036351||1109653200||dz||
1361036360||1361036367||1109653200||dz||
1361036384||1361036387||1109653200||dz||
1361036524||1361036527||1109653200||dz||
1361036596||1361036599||1109653200||dz||
1361036604||1361036607||1109653200||dz||
1361036664||1361036667||1109653200||dz||
1361036720||1361036727||1109653200||dz||
1361036828||1361036831||1109653200||dz||
1361036848||1361036851||1109653200||dz||
1361036972||1361036979||1109653200||dz||
1361037084||1361037087||1109653200||dz||
1361037208||1361037215||1109653200||dz||
1361037296||1361037311||1109653200||dz||
1361037364||1361037367||1109653200||dz||
1361037444||1361037447||1109653200||dz||
1361037528||1361037551||1109653200||dz||
1361037632||1361037639||1109653200||dz||
1382383616||1382399999||1111112829||dz||
3224692736||3224692991||1109653200||dz||
3240727040||3240727551||1109653200||dz||
3250733056||3250741247||1112584827||dz||
3254489088||3254489343||1109653200||dz||
3254491136||3254491391||1109653200||dz||
3254495488||3254495743||1109653200||dz||
3254496768||3254497247||1109653200||dz||
3273150464||3273152511||1109653200||dz||
3274168832||3274169343||1109653200||dz||
3285926912||3285927423||1109653200||dz||
3289661440||3289677823||1160453618||dz||
3290245120||3290246143||1137380239||dz||
3291412480||3291414527||1153107955||dz||
3301490688||3301494783||1111268995||dz||
3522122048||3522122111||1109653200||dz||
3567606272||3567606783||1109653200||dz||
3582616576||3582616831||1109653200||dz||
3582736384||3582737407||1109653200||dz||
3585318912||3585327103||1112392520||dz||
3587292160||3587292223||1109653200||dz||
3642609664||3642613759||1115276247||dz||
