--||--||--||ar||Argentina
417857536||417923071||1109653200||ar||
1066458112||1066458367||1109653200||ar||
1078722560||1078734847||1109653200||ar||
1078753280||1078755327||1109653200||ar||
1081401856||1081402367||1109653200||ar||
1111228416||1111244799||1109653200||ar||
1114530816||1114531839||1109653200||ar||
1120517376||1120517631||1109653200||ar||
1158322944||1158323199||1109653200||ar||
1160677016||1160677023||1109653200||ar||
1383073088||1383073119||1109653200||ar||
1383073536||1383073663||1109653200||ar||
2361327616||2361393151||1109653200||ar||
2640052224||2640117759||1109653200||ar||
2713583616||2713649151||1109653200||ar||
2735341568||2735407103||1109653200||ar||
2818310144||2818375679||1109653200||ar||
2824011776||2824077311||1109653200||ar||
2824863744||2824929279||1109653200||ar||
2825191424||2825256959||1109653200||ar||
2833383424||2833448959||1109653200||ar||
2855469056||2855534591||1109653200||ar||
2862284800||2862350335||1109653200||ar||
2865889280||2865954815||1109653200||ar||
3187736576||3187744767||1147315495||ar||
3187802112||3187810303||1162351452||ar||
3187867648||3187884031||1155432064||ar||
3188129792||3188137983||1151034628||ar||
3190816768||3190882303||1143346627||ar||
3190882304||3190947839||1146796921||ar||
3190947840||3191013375||1157514288||ar||
3191275520||3191291903||1147581022||ar||
3262473016||3262473019||1109653200||ar||
3262473690||3262473691||1109653200||ar||
3262475308||3262475311||1109653200||ar||
3262476132||3262476135||1109653200||ar||
3262476352||3262476355||1109653200||ar||
3262476548||3262476551||1109653200||ar||
3262477248||3262477251||1109653200||ar||
3262477448||3262477451||1109653200||ar||
3262489728||3262489731||1109653200||ar||
3278939148||3278939151||1109653200||ar||
3278939264||3278939271||1109653200||ar||
3278939292||3278939295||1109653200||ar||
3278939316||3278939319||1109653200||ar||
3278941284||3278941287||1109653200||ar||
3278941344||3278941347||1109653200||ar||
3278941440||3278941443||1109653200||ar||
3278941848||3278941855||1109653200||ar||
3278944347||3278944347||1109653200||ar||
3278944361||3278944361||1109653200||ar||
3278944390||3278944390||1109653200||ar||
3278944538||3278944538||1109653200||ar||
3278944560||3278944560||1109653200||ar||
3278944580||3278944580||1109653200||ar||
3278944655||3278944657||1109653200||ar||
3278944660||3278944660||1109653200||ar||
3278944664||3278944665||1109653200||ar||
3278944668||3278944668||1109653200||ar||
3278944688||3278944688||1109653200||ar||
3278944736||3278944736||1109653200||ar||
3278944755||3278944755||1109653200||ar||
3278944764||3278944764||1109653200||ar||
3278944820||3278944823||1109653200||ar||
3278945128||3278945131||1109653200||ar||
3278945172||3278945175||1109653200||ar||
3278945204||3278945207||1109653200||ar||
3278945268||3278945271||1109653200||ar||
3278945324||3278945327||1109653200||ar||
3278945396||3278945399||1109653200||ar||
3278945432||3278945435||1109653200||ar||
3278945508||3278945515||1109653200||ar||
3278945536||3278945539||1109653200||ar||
3278945580||3278945583||1109653200||ar||
3278945660||3278945663||1109653200||ar||
3278945700||3278945703||1109653200||ar||
3278945724||3278945727||1109653200||ar||
3290447872||3290456063||1109653200||ar||
3325142016||3325142271||1109653200||ar||
3354955776||3354956031||1109653200||ar||
3355447552||3355447807||1109653200||ar||
3355463424||3355463935||1109653200||ar||
3355467776||3355468799||1109653200||ar||
3355489536||3355494655||1109653200||ar||
3355496448||3355498495||1109653200||ar||
3355500544||3355508735||1109653200||ar||
3355516928||3355525119||1109653200||ar||
3355538432||3355539199||1109653200||ar||
3355566080||3355574271||1109653200||ar||
3355648000||3355668991||1109653200||ar||
3355669248||3355672575||1109653200||ar||
3355682816||3355684863||1140579674||ar||
3355695104||3355697151||1148090066||ar||
3355779072||3355781119||1109653200||ar||
3355787264||3355803647||1109653200||ar||
3355820032||3355836415||1109653200||ar||
3356052224||3356052479||1109653200||ar||
3356070656||3356070911||1109653200||ar||
3356082688||3356082943||1109653200||ar||
3356086272||3356086527||1109653200||ar||
3356087296||3356087807||1109653200||ar||
3356089088||3356089343||1109653200||ar||
3356093184||3356093951||1109653200||ar||
3356094976||3356096255||1109653200||ar||
3356097792||3356098303||1109653200||ar||
3356123136||3356131839||1109653200||ar||
3356134144||3356134655||1109653200||ar||
3356139776||3356140031||1109653200||ar||
3356146176||3356146431||1109653200||ar||
3356148736||3356148991||1109653200||ar||
3356150016||3356150527||1109653200||ar||
3356151552||3356151807||1109653200||ar||
3356154624||3356154879||1109653200||ar||
3356263680||3356265215||1109653200||ar||
3356269056||3356269311||1109653200||ar||
3356495872||3356499967||1109653200||ar||
3356508160||3356508671||1109653200||ar||
3356510208||3356511999||1109653200||ar||
3356512256||3356514303||1109653200||ar||
3356516352||3356520447||1109653200||ar||
3356521472||3356521727||1109653200||ar||
3356524544||3356557311||1109653200||ar||
3357147136||3357179903||1109653200||ar||
3357475072||3357475839||1109653200||ar||
3357532160||3357536255||1109653200||ar||
3357540352||3357556735||1109653200||ar||
3357561856||3357581311||1109653200||ar||
3358132224||3358132479||1109653200||ar||
3358134272||3358138367||1109653200||ar||
3358148608||3358149631||1109653200||ar||
3358153328||3358153343||1109653200||ar||
3358158848||3358158975||1109653200||ar||
3358162944||3358191615||1109653200||ar||
3358192640||3358236671||1109653200||ar||
3358261248||3358264063||1109653200||ar||
3358264320||3358326783||1109653200||ar||
3358392320||3358457855||1109653200||ar||
3358523392||3358543615||1109653200||ar||
3358544128||3358555007||1109653200||ar||
3358555136||3358558207||1109653200||ar||
3358558976||3358559231||1109653200||ar||
3358560256||3358561791||1109653200||ar||
3358564352||3358564479||1109653200||ar||
3358564512||3358567423||1109653200||ar||
3358568960||3358569215||1109653200||ar||
3358571776||3358577151||1109653200||ar||
3358577408||3358578431||1109653200||ar||
3358579968||3358580223||1109653200||ar||
3358654464||3358658559||1109653200||ar||
3358662656||3358663431||1109653200||ar||
3358663680||3358665471||1109653200||ar||
3358665728||3358666239||1109653200||ar||
3358670848||3358683135||1109653200||ar||
3358687232||3358695423||1109653200||ar||
3358703616||3358715903||1109653200||ar||
3358760960||3358769151||1109653200||ar||
3358785536||3358822399||1109653200||ar||
3358827520||3358829567||1109653200||ar||
3358830592||3358851071||1109653200||ar||
3359047680||3359080447||1109653200||ar||
3359272960||3359277055||1109653200||ar||
3359309824||3359313919||1109653200||ar||
3359318016||3359354879||1109653200||ar||
3359358976||3359361023||1109653200||ar||
3359362048||3359363071||1109653200||ar||
3359367168||3359371263||1109653200||ar||
3359440896||3359444991||1109653200||ar||
3359449088||3359457487||1109653200||ar||
3359457504||3359457663||1109653200||ar||
3359457680||3359457695||1109653200||ar||
3359457728||3359461951||1109653200||ar||
3359462016||3359462271||1109653200||ar||
3359462336||3359463399||1109653200||ar||
3359463424||3359463679||1109653200||ar||
3359463744||3359464447||1109653200||ar||
3359465472||3359466495||1109653200||ar||
3359466752||3359472639||1109653200||ar||
3359473664||3359498239||1109653200||ar||
3359571968||3359580159||1109653200||ar||
3359588352||3359596543||1109653200||ar||
3359604736||3359621119||1109653200||ar||
3359916032||3359932415||1109653200||ar||
3359948800||3359989759||1109653200||ar||
3359997952||3360006143||1109653200||ar||
3360014336||3360096255||1109653200||ar||
3360153600||3360157695||1109653200||ar||
3360260096||3360276479||1109653200||ar||
3360686080||3360696703||1109653200||ar||
3360696712||3360706559||1109653200||ar||
3360718848||3360731135||1109653200||ar||
3360731136||3360735231||1147060931||ar||
3360735232||3360763903||1109653200||ar||
3360768000||3360772351||1109653200||ar||
3360772480||3360780287||1109653200||ar||
3360784384||3360788479||1109653200||ar||
3360792576||3360796671||1109653200||ar||
3360800768||3360849919||1109653200||ar||
3361038336||3361046527||1109653200||ar||
3361308672||3361325055||1109653200||ar||
3362324480||3362324735||1109653200||ar||
3362324992||3362326527||1109653200||ar||
3362338816||3362339839||1109653200||ar||
3362341888||3362342911||1109653200||ar||
3362537472||3362545663||1109653200||ar||
3362684928||3362691327||1109653200||ar||
3362691584||3362691839||1109653200||ar||
3362692096||3362693119||1109653200||ar||
3362816000||3362824191||1109653200||ar||
3362947072||3362983935||1109653200||ar||
3363028992||3363045375||1109653200||ar||
3363110912||3363112063||1109653200||ar||
3363112080||3363112127||1109653200||ar||
3363112144||3363127295||1109653200||ar||
3363143680||3363176447||1109653200||ar||
3363438592||3363471359||1109653200||ar||
3363520512||3363528703||1109653200||ar||
3363528704||3363536895||1140579703||ar||
3363536896||3363553791||1109653200||ar||
3363554048||3363557375||1109653200||ar||
3363651584||3363659775||1109653200||ar||
3363659776||3363667967||1127538565||ar||
3363733504||3363799039||1109653200||ar||
3363799040||3363831807||1120336821||ar||
3386114048||3386146815||1134806026||ar||
3386146816||3386179583||1149336145||ar||
3386425344||3386433535||1122041059||ar||
3386433536||3386441727||1142058460||ar||
3386589184||3386597375||1141359058||ar||
3387359232||3387391999||1132032048||ar||
3387392000||3387424767||1147147552||ar||
3387588608||3387621375||1139984000||ar||
3387621376||3387654143||1113677949||ar||
3387654144||3387686911||1125348737||ar||
3388604416||3388637183||1123212396||ar||
3388637184||3388669951||1129177072||ar||
3388669952||3388702719||1139984114||ar||
3388735488||3388800255||1109653200||ar||
3388800512||3388801023||1109653200||ar||
3388801024||3388866559||1155433118||ar||
3388866560||3388997631||1109653200||ar||
3417331712||3417331967||1109653200||ar||
3459364864||3459366911||1109653200||ar||
3507290112||3507355647||1109653200||ar||
3512983552||3512987647||1109653200||ar||
3560944164||3560944167||1109653200||ar||
3560944316||3560944323||1109653200||ar||
3560944364||3560944367||1109653200||ar||
3560944376||3560944379||1109653200||ar||
3560944460||3560944460||1109653200||ar||
3560944476||3560944479||1109653200||ar||
3560945728||3560945731||1109653200||ar||
3560945748||3560945751||1109653200||ar||
3560945764||3560945767||1109653200||ar||
3560945792||3560945795||1109653200||ar||
3560945816||3560945819||1109653200||ar||
3560946190||3560946190||1109653200||ar||
3560946199||3560946199||1109653200||ar||
3560946230||3560946230||1109653200||ar||
3560946238||3560946238||1109653200||ar||
3560946260||3560946260||1109653200||ar||
3560946263||3560946263||1109653200||ar||
3560946344||3560946344||1109653200||ar||
3560946500||3560946503||1109653200||ar||
3560946588||3560946591||1109653200||ar||
3560946604||3560946607||1109653200||ar||
3560946644||3560946647||1109653200||ar||
3560946717||3560946717||1109653200||ar||
3560946964||3560946967||1109653200||ar||
3560947016||3560947019||1109653200||ar||
3560947068||3560947071||1109653200||ar||
3560947276||3560947279||1109653200||ar||
3560947400||3560947407||1109653200||ar||
3560947412||3560947415||1109653200||ar||
3625346048||3625346303||1109653200||ar||
3628634112||3628636159||1109653200||ar||
3639918592||3639934975||1109653200||ar||
