--||--||--||am||Armenia
1042300224||1042300255||1109653200||am||
1046020096||1046028287||1109653200||am||
1347870720||1347874815||1109653200||am||
1357372928||1357373183||1109653200||am||
1383074816||1383075071||1109653200||am||
1401618432||1401634815||1109653200||am||
1406787584||1406795775||1109653200||am||
3253265408||3253265919||1109653200||am||
3259226624||3259227135||1109653200||am||
3260341504||3260341631||1109653200||am||
3281477120||3281477375||1109653200||am||
3287957504||3287965695||1109653200||am||
3559571456||3559579647||1109653200||am||
3561570304||3561578495||1109653200||am||
3585859584||3585861631||1109653200||am||
3587186944||3587187199||1109653200||am||
3648061440||3648069631||1109653200||am||
3650610432||3650610687||1109653200||am||
3650611456||3650611711||1109653200||am||
