--||--||--||at||Austria
1040468304||1040468319||1109653200||at||
1041088512||1041096703||1109653200||at||
1041945088||1041945151||1109653200||at||
1042841600||1042874367||1109653200||at||
1042893120||1042893135||1109653200||at||
1043202048||1043333119||1109653200||at||
1043609280||1043609343||1109653200||at||
1045138448||1045138463||1109653200||at||
1045954560||1045987327||1109653200||at||
1046708224||1046740991||1109653200||at||
1047566848||1047566851||1109653200||at||
1047789568||1047806031||1109653200||at||
1047806048||1047822335||1109653200||at||
1049370624||1049378815||1109653200||at||
1049405632||1049405695||1109653200||at||
1049765952||1049765983||1109653200||at||
1049768176||1049768191||1109653200||at||
1049770408||1049770415||1109653200||at||
1049771904||1049771967||1109653200||at||
1049776056||1049776063||1109653200||at||
1049776696||1049776703||1109653200||at||
1049776712||1049776719||1109653200||at||
1049778448||1049778455||1109653200||at||
1049778524||1049778531||1109653200||at||
1049779970||1049780094||1109653200||at||
1049780992||1049781247||1109653200||at||
1049782656||1049782663||1109653200||at||
1049785000||1049785007||1109653200||at||
1051557888||1051566079||1109653200||at||
1051852800||1051918335||1109653200||at||
1051918848||1051919359||1109653200||at||
1051941120||1051941631||1109653200||at||
1051941888||1051942143||1109653200||at||
1051942912||1051951103||1109653200||at||
1052114944||1052180479||1109653200||at||
1052257792||1052258303||1109653200||at||
1052260632||1052260639||1109653200||at||
1052272544||1052272575||1109653200||at||
1052275200||1052275711||1109653200||at||
1052278832||1052278847||1109653200||at||
1052288304||1052288319||1109653200||at||
1052288512||1052289023||1109653200||at||
1052310784||1052311039||1109653200||at||
1052315104||1052315135||1109653200||at||
1052325200||1052325215||1109653200||at||
1052331616||1052331647||1109653200||at||
1052335552||1052335615||1109653200||at||
1052340224||1052340527||1109653200||at||
1052340736||1052340767||1109653200||at||
1052340864||1052341247||1109653200||at||
1052341504||1052342271||1109653200||at||
1052345536||1052345551||1109653200||at||
1052345728||1052345855||1109653200||at||
1052358496||1052358511||1109653200||at||
1052401312||1052401343||1109653200||at||
1052405760||1052407519||1109653200||at||
1052407552||1052407839||1109653200||at||
1052407936||1052408159||1109653200||at||
1052408576||1052408831||1109653200||at||
1052417088||1052417119||1109653200||at||
1052427872||1052427903||1109653200||at||
1052438528||1052439503||1109653200||at||
1052439520||1052439551||1109653200||at||
1052453376||1052453887||1109653200||at||
1052457984||1052458367||1109653200||at||
1052458432||1052458495||1109653200||at||
1052487424||1052487679||1109653200||at||
1052490752||1052491775||1109653200||at||
1053294592||1053295359||1109653200||at||
1053295392||1053295471||1109653200||at||
1053295616||1053296639||1109653200||at||
1053339648||1053340159||1109653200||at||
1054121984||1054130175||1109653200||at||
1054474240||1054539775||1109653200||at||
1056522240||1056538623||1109653200||at||
1120914416||1120914431||1109653200||at||
1346404352||1346408447||1109653200||at||
1346510848||1346519039||1109653200||at||
1346537984||1346537988||1109653200||at||
1346537992||1346537999||1109653200||at||
1346760704||1346764799||1109653200||at||
1347022848||1347026943||1109653200||at||
1347100672||1347108863||1109653200||at||
1347153920||1347158015||1109653200||at||
1347346432||1347354623||1109653200||at||
1347518464||1347522559||1109653200||at||
1347856640||1347856895||1109653200||at||
1348034560||1348038655||1109653200||at||
1349255168||1349451775||1109653200||at||
1349470208||1349471231||1109653200||at||
1349484032||1349486335||1109653200||at||
1349510144||1349510655||1109653200||at||
1349516288||1349517311||1109653200||at||
1350041600||1350083263||1109653200||at||
1350083328||1350213887||1109653200||at||
1350214656||1350219775||1109653200||at||
1350221824||1350303743||1109653200||at||
1352271088||1352271095||1109653200||at||
1357772688||1357772695||1109653200||at||
1357963264||1357964199||1109653200||at||
1357964208||1357967359||1109653200||at||
1357975552||1357979647||1138684320||at||
1358143488||1358147583||1109653200||at||
1358282752||1358286847||1109653200||at||
1358700544||1358704639||1109653200||at||
1359200256||1359216639||1109653200||at||
1359331328||1359347711||1109653200||at||
1359642624||1359675391||1109653200||at||
1360011264||1360015359||1109653200||at||
1360027648||1360031743||1109653200||at||
1360039936||1360044031||1109653200||at||
1360334848||1360338943||1156045933||at||
1360360448||1360361471||1143180720||at||
1360564224||1360565247||1156385053||at||
1360822272||1360826367||1109653200||at||
1361018880||1361022975||1109653200||at||
1361035960||1361035963||1109653200||at||
1361036352||1361036359||1109653200||at||
1361037340||1361037343||1109653200||at||
1371340800||1371406335||1109653200||at||
1372684416||1372684543||1109653200||at||
1373175808||1373241343||1109653200||at||
1373569024||1373634559||1109653200||at||
1382481920||1382498303||1109653200||at||
1385521152||1385529343||1109653200||at||
1385554528||1385554531||1109653200||at||
1385554720||1385554735||1109653200||at||
1385611264||1385619455||1109653200||at||
1388314624||1388322815||1109653200||at||
1388478464||1388486655||1109653200||at||
1388728641||1388728673||1109653200||at||
1390018560||1390084095||1109653200||at||
1396703232||1396834303||1109653200||at||
1396998144||1397006335||1109653200||at||
1401430016||1401432063||1109653200||at||
1401497600||1401499647||1109653200||at||
1401868288||1401870335||1109653200||at||
1403256832||1403322367||1109653200||at||
1403994112||1404010495||1109653200||at||
1406599168||1406664703||1109653200||at||
1406713856||1406717951||1109653200||at||
1406717984||1406718207||1109653200||at||
1406718212||1406718975||1109653200||at||
1406719008||1406719231||1109653200||at||
1406719236||1406722047||1109653200||at||
1406836736||1406844927||1109653200||at||
1406902272||1406910463||1109653200||at||
1410637824||1410646015||1109653200||at||
1416626176||1417019391||1109653200||at||
1417084928||1417150463||1109653200||at||
1426915328||1426931711||1119852988||at||
1431994368||1432002559||1109653200||at||
1432159488||1432159743||1109653200||at||
1432160000||1432160255||1109653200||at||
1433608192||1433616383||1109653200||at||
1434189824||1434451967||1109653200||at||
1434686720||1434686975||1109653200||at||
1436440576||1436442623||1109653200||at||
1436475392||1436477439||1109653200||at||
1438744576||1438760959||1109653200||at||
1439105024||1439121407||1109653200||at||
1441587200||1441595391||1156226185||at||
1441599488||1441600511||1152476055||at||
1441601536||1441603583||1138855870||at||
1441701888||1441710079||1160890323||at||
1442811904||1442815999||1154053675||at||
1444937728||1445003263||1127187305||at||
1446543360||1446543615||1134106396||at||
1446544384||1446544639||1151383694||at||
1446546688||1446546943||1145417853||at||
1446547712||1446547967||1127187211||at||
1446549504||1446549759||1157952503||at||
1446551552||1446551807||1139120859||at||
1446551808||1446552063||1145417891||at||
1446552320||1446552575||1157952529||at||
1446554624||1446554879||1156821567||at||
1446555648||1446555903||1157248635||at||
1446556416||1446556671||1141188832||at||
1446561024||1446561279||1148878281||at||
1446707200||1446739967||1130210078||at||
1475575808||1475592191||1131334644||at||
1483997184||1484128255||1134106699||at||
1502658560||1502666751||1151597886||at||
2156003328||2156134399||1109653200||at||
2166030336||2166095871||1109653200||at||
2206334976||2206400511||1109653200||at||
2312110080||2312175615||1109653200||at||
2316697600||2316763135||1109653200||at||
2330460160||2330525695||1109653200||at||
2353922048||2353987583||1109653200||at||
2378760192||2378825727||1109653200||at||
2378891264||2378956799||1109653200||at||
2381578240||2381643775||1109653200||at||
2402418688||2402484223||1109653200||at||
2407661568||2407727103||1109653200||at||
2409693184||2409758719||1109653200||at||
2412576768||2412642303||1109653200||at||
2413821952||2413887487||1109653200||at||
2415198208||2415263743||1109653200||at||
2420178944||2420244479||1109653200||at||
2448490496||2448556031||1109653200||at||
2448687104||2448752639||1109653200||at||
2456551424||2456616959||1109653200||at||
2456813568||2456879103||1109653200||at||
2474442752||2474508287||1109653200||at||
2486697984||2486763519||1109653200||at||
2496004096||2496069631||1109653200||at||
2509504512||2509570047||1109653200||at||
2523594752||2523660287||1109653200||at||
2621046784||2621112319||1109653200||at||
2644967424||2645098495||1109653200||at||
2645622784||2645688319||1109653200||at||
2650210304||2650275839||1109653200||at||
2687762432||2687827967||1109653200||at||
2701459456||2701524991||1109653200||at||
2708340736||2708406271||1109653200||at||
2719547392||2719612927||1109653200||at||
2751660032||2751725567||1109653200||at||
2759870948||2759870951||1109653200||at||
3221594624||3221594879||1109653200||at||
3222990336||3222990591||1109653200||at||
3223580672||3223581951||1109653200||at||
3223823872||3223824127||1109653200||at||
3224820736||3224820991||1109653200||at||
3225426944||3225427199||1109653200||at||
3225682944||3225683199||1109653200||at||
3226268416||3226268927||1109653200||at||
3226639616||3226640127||1109653200||at||
3226737408||3226737663||1109653200||at||
3226787072||3226787327||1109653200||at||
3226998528||3226999039||1109653200||at||
3227286784||3227287039||1109653200||at||
3227290112||3227290367||1109653200||at||
3227290880||3227291135||1109653200||at||
3227393024||3227393279||1109653200||at||
3227400448||3227400703||1109653200||at||
3227443712||3227443967||1109653200||at||
3227447040||3227447295||1109653200||at||
3227784960||3227785727||1109653200||at||
3227910400||3227910655||1109653200||at||
3227914496||3227914751||1109653200||at||
3228269568||3228270079||1109653200||at||
3228297216||3228297727||1109653200||at||
3228334336||3228334591||1109653200||at||
3228364288||3228364543||1109653200||at||
3228417792||3228418559||1109653200||at||
3228526592||3228526847||1109653200||at||
3228564480||3228564735||1109653200||at||
3228581120||3228581375||1109653200||at||
3229273600||3229273855||1109653200||at||
3229360128||3229360383||1109653200||at||
3229391616||3229391871||1109653200||at||
3229700096||3229700351||1109653200||at||
3229938944||3229939199||1109653200||at||
3229969664||3229969919||1109653200||at||
3230088960||3230089215||1109653200||at||
3230106880||3230107135||1109653200||at||
3230327808||3230328063||1109653200||at||
3230827520||3230827775||1109653200||at||
3230997248||3230997503||1109653200||at||
3231049728||3231049983||1109653200||at||
3231107840||3231108095||1109653200||at||
3231200768||3231201023||1109653200||at||
3231203072||3231203327||1109653200||at||
3231251968||3231252223||1109653200||at||
3231296768||3231299327||1109653200||at||
3231728384||3231728639||1109653200||at||
3231770368||3231770879||1109653200||at||
3231973376||3232038911||1109653200||at||
3232645120||3232646399||1109653200||at||
3233577216||3233577471||1109653200||at||
3233624832||3233625087||1109653200||at||
3236381440||3236381695||1109653200||at||
3238061568||3238061823||1109653200||at||
3238067712||3238067967||1109653200||at||
3238657792||3238658047||1109653200||at||
3239090944||3239091199||1109653200||at||
3239106048||3239106559||1109653200||at||
3239111936||3239112191||1109653200||at||
3239113728||3239113983||1109653200||at||
3239128064||3239128319||1109653200||at||
3239170304||3239170559||1109653200||at||
3239173632||3239173887||1109653200||at||
3239181312||3239181567||1109653200||at||
3239465472||3239465727||1109653200||at||
3239466240||3239466495||1109653200||at||
3239488000||3239488255||1109653200||at||
3239666176||3239666687||1109653200||at||
3239692032||3239692287||1109653200||at||
3239782400||3239782655||1109653200||at||
3239834624||3239835135||1109653200||at||
3239951104||3239951359||1109653200||at||
3240010496||3240010751||1109653200||at||
3240037888||3240038143||1109653200||at||
3240700160||3240700415||1109653200||at||
3240713728||3240713983||1109653200||at||
3240741120||3240741375||1109653200||at||
3240742656||3240742911||1109653200||at||
3240748032||3240748287||1109653200||at||
3240749056||3240749311||1109653200||at||
3240861184||3240861695||1109653200||at||
3240875008||3240875519||1143855896||at||
3241017344||3241082879||1109653200||at||
3241496576||3241496831||1109653200||at||
3241857536||3241859071||1109653200||at||
3243245568||3243251967||1109653200||at||
3243252480||3243297791||1109653200||at||
3243298048||3243376639||1109653200||at||
3243442176||3243507711||1109653200||at||
3245086208||3245086463||1109653200||at||
3245090816||3245091327||1109653200||at||
3245106176||3245106687||1109653200||at||
3245115904||3245116415||1109653200||at||
3245127424||3245127679||1109653200||at||
3245134848||3245135103||1109653200||at||
3245165056||3245165567||1109653200||at||
3245168640||3245168895||1109653200||at||
3245181952||3245182463||1109653200||at||
3245185024||3245187071||1109653200||at||
3245205504||3245205759||1109653200||at||
3245214208||3245214719||1109653200||at||
3245218816||3245219839||1109653200||at||
3245235712||3245235967||1109653200||at||
3245244672||3245244927||1109653200||at||
3245246464||3245246719||1109653200||at||
3245258240||3245258751||1109653200||at||
3245289216||3245289471||1109653200||at||
3247070720||3247070975||1109653200||at||
3247073536||3247073791||1109653200||at||
3247078144||3247078399||1109653200||at||
3247782304||3247782311||1109653200||at||
3247823104||3247823871||1109653200||at||
3247877632||3247879167||1109653200||at||
3248095232||3248160767||1109653200||at||
3248372240||3248372247||1109653200||at||
3248372256||3248372263||1109653200||at||
3248807936||3248808447||1109653200||at||
3248810496||3248812543||1109653200||at||
3249143808||3249274879||1109653200||at||
3249705984||3249706495||1109653200||at||
3249709056||3249709311||1109653200||at||
3249711872||3249712127||1109653200||at||
3249715200||3249715455||1109653200||at||
3249721344||3249721599||1109653200||at||
3250192384||3250323455||1109653200||at||
3250376704||3250380799||1109653200||at||
3250451584||3250451599||1109653200||at||
3250588800||3250588927||1109653200||at||
3250754048||3250754303||1109653200||at||
3251185920||3251186175||1109653200||at||
3251201536||3251201791||1109653200||at||
3251202560||3251202815||1109653200||at||
3251219712||3251220223||1109653200||at||
3251252224||3251252479||1109653200||at||
3251306496||3251306751||1109653200||at||
3251315712||3251322879||1109653200||at||
3251364608||3251364863||1109653200||at||
3252319232||3252319743||1109653200||at||
3252944896||3253010431||1109653200||at||
3253640192||3253641215||1124416417||at||
3253892608||3253892863||1109653200||at||
3253969408||3253969919||1109653200||at||
3254557440||3254557695||1109653200||at||
3255237120||3255237375||1109653200||at||
3255319808||3255320063||1109653200||at||
3255320320||3255320575||1109653200||at||
3255336960||3255345151||1109653200||at||
3255391744||3255392255||1109653200||at||
3255415808||3255416319||1109653200||at||
3255470080||3255470591||1109653200||at||
3255485184||3255485439||1109653200||at||
3255488512||3255489535||1109653200||at||
3256385536||3256393727||1109653200||at||
3256427512||3256427519||1109653200||at||
3256705792||3256706047||1109653200||at||
3256709120||3256709887||1109653200||at||
3257204736||3257270271||1109653200||at||
3257482240||3257482751||1109653200||at||
3257576192||3257577471||1109653200||at||
3257925632||3257991167||1109653200||at||
3258338176||3258338303||1109653200||at||
3258338320||3258338431||1109653200||at||
3258338497||3258338623||1109653200||at||
3258338704||3258339327||1109653200||at||
3258339796||3258339839||1109653200||at||
3258340800||3258340863||1109653200||at||
3258340928||3258341375||1109653200||at||
3258341424||3258341455||1109653200||at||
3258341472||3258341887||1109653200||at||
3258341952||3258342207||1109653200||at||
3258342272||3258342431||1109653200||at||
3258342448||3258342591||1109653200||at||
3258342656||3258343423||1109653200||at||
3259318600||3259318607||1109653200||at||
3259320056||3259320063||1109653200||at||
3259814400||3259814655||1109653200||at||
3259821824||3259822079||1109653200||at||
3260549120||3260549375||1109653200||at||
3260893184||3260893439||1109653200||at||
3260894208||3260895231||1109653200||at||
3261071360||3261136895||1109653200||at||
3261784064||3261816575||1109653200||at||
3261816832||3261857791||1109653200||at||
3262152704||3262185471||1109653200||at||
3262422528||3262423039||1109653200||at||
3262439424||3262439935||1109653200||at||
3262444032||3262444543||1109653200||at||
3262472220||3262472223||1109653200||at||
3262472232||3262472235||1109653200||at||
3262472268||3262472271||1109653200||at||
3262472580||3262472583||1109653200||at||
3262472700||3262472703||1109653200||at||
3262472796||3262472799||1109653200||at||
3262472844||3262472847||1109653200||at||
3262472900||3262472903||1109653200||at||
3262472964||3262472967||1109653200||at||
3262472980||3262472983||1109653200||at||
3262473052||3262473055||1109653200||at||
3262473196||3262473199||1109653200||at||
3262475388||3262475395||1109653200||at||
3262476184||3262476187||1109653200||at||
3262476348||3262476351||1109653200||at||
3262476396||3262476399||1109653200||at||
3262476436||3262476439||1109653200||at||
3262476444||3262476447||1109653200||at||
3262476676||3262476679||1109653200||at||
3262476924||3262476927||1109653200||at||
3262476936||3262476939||1109653200||at||
3262477068||3262477071||1109653200||at||
3262477212||3262477215||1109653200||at||
3262477376||3262477379||1109653200||at||
3262477468||3262477471||1109653200||at||
3262477632||3262477635||1109653200||at||
3262477728||3262477731||1109653200||at||
3262478032||3262478035||1109653200||at||
3262478089||3262478089||1109653200||at||
3262478350||3262478350||1109653200||at||
3262478418||3262478418||1109653200||at||
3262478433||3262478433||1109653200||at||
3262478444||3262478444||1109653200||at||
3262478543||3262478543||1109653200||at||
3262478633||3262478633||1109653200||at||
3262478646||3262478646||1109653200||at||
3262478663||3262478663||1109653200||at||
3262478666||3262478666||1109653200||at||
3262478690||3262478690||1109653200||at||
3262478727||3262478727||1109653200||at||
3262478757||3262478757||1109653200||at||
3262478863||3262478863||1109653200||at||
3262478874||3262478874||1109653200||at||
3262478878||3262478878||1109653200||at||
3262478894||3262478894||1109653200||at||
3262478921||3262478921||1109653200||at||
3262478926||3262478926||1109653200||at||
3262478953||3262478953||1109653200||at||
3262478999||3262478999||1109653200||at||
3262479001||3262479001||1109653200||at||
3262479031||3262479031||1109653200||at||
3262479037||3262479037||1109653200||at||
3262479047||3262479047||1109653200||at||
3262479056||3262479056||1109653200||at||
3262479108||3262479108||1109653200||at||
3262479132||3262479132||1109653200||at||
3262479179||3262479179||1109653200||at||
3262479250||3262479250||1109653200||at||
3262479304||3262479304||1109653200||at||
3262479380||3262479380||1109653200||at||
3262479423||3262479423||1109653200||at||
3262479440||3262479440||1109653200||at||
3262479484||3262479484||1109653200||at||
3262479516||3262479516||1109653200||at||
3262479547||3262479547||1109653200||at||
3262479626||3262479626||1109653200||at||
3262479639||3262479639||1109653200||at||
3262479679||3262479679||1109653200||at||
3262479702||3262479702||1109653200||at||
3262479714||3262479714||1109653200||at||
3262479721||3262479721||1109653200||at||
3262479725||3262479725||1109653200||at||
3262479738||3262479738||1109653200||at||
3262479750||3262479750||1109653200||at||
3262479776||3262479776||1109653200||at||
3262479784||3262479784||1109653200||at||
3262479796||3262479797||1109653200||at||
3262479799||3262479799||1109653200||at||
3262479835||3262479835||1109653200||at||
3262479880||3262479880||1109653200||at||
3262479901||3262479901||1109653200||at||
3262479923||3262479923||1109653200||at||
3262479954||3262479954||1109653200||at||
3262479960||3262479960||1109653200||at||
3262479980||3262479980||1109653200||at||
3262479992||3262479992||1109653200||at||
3262480041||3262480041||1109653200||at||
3262480051||3262480051||1109653200||at||
3262480074||3262480074||1109653200||at||
3262480095||3262480095||1109653200||at||
3262480111||3262480111||1109653200||at||
3262480134||3262480134||1109653200||at||
3262480141||3262480141||1109653200||at||
3262480306||3262480306||1109653200||at||
3262480319||3262480319||1109653200||at||
3262480349||3262480349||1109653200||at||
3262480366||3262480366||1109653200||at||
3262480373||3262480373||1109653200||at||
3262513152||3262578687||1109653200||at||
3263100928||3263101183||1109653200||at||
3264327680||3264328703||1109653200||at||
3264395264||3264396287||1109653200||at||
3264765952||3264774143||1109653200||at||
3264782336||3264790527||1109653200||at||
3264832000||3264832255||1109653200||at||
3264835328||3264835583||1109653200||at||
3264837632||3264839679||1109653200||at||
3264862464||3264862719||1109653200||at||
3264863232||3264864255||1109653200||at||
3265167360||3265175551||1109653200||at||
3265341184||3265341279||1109653200||at||
3265367040||3265367295||1109653200||at||
3265407184||3265407187||1109653200||at||
3265407200||3265407207||1109653200||at||
3265464832||3265465087||1109653200||at||
3265465344||3265465599||1109653200||at||
3265465856||3265465983||1109653200||at||
3265658880||3265724415||1109653200||at||
3266412544||3266420735||1109653200||at||
3266805760||3266809343||1109653200||at||
3266809600||3266813951||1109653200||at||
3267504384||3267504639||1109653200||at||
3267509248||3267509503||1109653200||at||
3267529728||3267530751||1109653200||at||
3267534576||3267534591||1109653200||at||
3267543296||3267543551||1109653200||at||
3267551232||3267551743||1109653200||at||
3267552256||3267553023||1109653200||at||
3267557632||3267557887||1109653200||at||
3267558912||3267559423||1109653200||at||
3267636992||3267637247||1109653200||at||
3267646976||3267647487||1109653200||at||
3267649536||3267649791||1109653200||at||
3267650304||3267650367||1109653200||at||
3267650432||3267650559||1109653200||at||
3267672576||3267672831||1109653200||at||
3267675136||3267675391||1109653200||at||
3268411392||3268424959||1109653200||at||
3268425984||3268426495||1109653200||at||
3268428032||3268428287||1109653200||at||
3268428544||3268429055||1109653200||at||
3268429312||3268429567||1109653200||at||
3268430080||3268430847||1109653200||at||
3268431104||3268476927||1109653200||at||
3269984256||3270049791||1109653200||at||
3270242816||3270243071||1109653200||at||
3270648576||3270648831||1109653200||at||
3270649088||3270649343||1109653200||at||
3270650112||3270650367||1109653200||at||
3270926336||3270926591||1109653200||at||
3271363408||3271363415||1109653200||at||
3271376640||3271376895||1109653200||at||
3271393280||3271393791||1109653200||at||
3271405824||3271406079||1109653200||at||
3271406848||3271407615||1109653200||at||
3271407872||3271408127||1109653200||at||
3271688192||3271688703||1109653200||at||
3271688960||3271690751||1109653200||at||
3271692288||3271692543||1109653200||at||
3271692800||3271693311||1109653200||at||
3271693568||3271694591||1109653200||at||
3271694848||3271695359||1109653200||at||
3271695616||3271696127||1109653200||at||
3271770112||3271786495||1109653200||at||
3272110592||3272110847||1109653200||at||
3272113920||3272114175||1109653200||at||
3272392704||3272400895||1109653200||at||
3272663040||3272671231||1109653200||at||
3273264640||3273265151||1109653200||at||
3273310208||3273318399||1109653200||at||
3273440768||3273441279||1109653200||at||
3273818112||3273826303||1109653200||at||
3273877536||3273877567||1109653200||at||
3274164224||3274164735||1109653200||at||
3274166272||3274166783||1109653200||at||
3274368512||3274368767||1109653200||at||
3274692864||3274693119||1109653200||at||
3274902400||3274902423||1109653200||at||
3274952704||3274954239||1109653200||at||
3274954496||3274954623||1109653200||at||
3274956616||3274956623||1109653200||at||
3274957056||3274957567||1109653200||at||
3274958336||3274959231||1109653200||at||
3274959616||3274959871||1109653200||at||
3274960640||3274961407||1109653200||at||
3274961920||3274962111||1109653200||at||
3275137024||3275145215||1109653200||at||
3275399168||3275407359||1109653200||at||
3275595776||3275603967||1109653200||at||
3275627008||3275627519||1109653200||at||
3275751424||3275759615||1109653200||at||
3276067840||3276068351||1109653200||at||
3276105728||3276106751||1109653200||at||
3276123136||3276124159||1109653200||at||
3276125184||3276126207||1109653200||at||
3276128256||3276129279||1109653200||at||
3276169216||3276177407||1109653200||at||
3276201984||3276210175||1109653200||at||
3276221464||3276221503||1109653200||at||
3276221536||3276221567||1109653200||at||
3276221632||3276221695||1109653200||at||
3276244832||3276244863||1109653200||at||
3276244900||3276244903||1109653200||at||
3276244936||3276244967||1109653200||at||
3276244972||3276244975||1109653200||at||
3276244980||3276244983||1109653200||at||
3276244988||3276244991||1109653200||at||
3276472320||3276472575||1109653200||at||
3276472864||3276472895||1109653200||at||
3276473088||3276473311||1109653200||at||
3276473344||3276473855||1109653200||at||
3276474160||3276474207||1109653200||at||
3276474224||3276474295||1109653200||at||
3276474320||3276474367||1109653200||at||
3276537152||3276537599||1109653200||at||
3276680704||3276681215||1109653200||at||
3276682240||3276682751||1109653200||at||
3276734464||3276734735||1109653200||at||
3276734752||3276734815||1109653200||at||
3276734944||3276735455||1109653200||at||
3276735488||3276735935||1109653200||at||
3276736000||3276736511||1109653200||at||
3276742912||3276743071||1109653200||at||
3276743424||3276743903||1109653200||at||
3276743936||3276744191||1109653200||at||
3276748800||3276748951||1109653200||at||
3276748960||3276749023||1109653200||at||
3276749056||3276749087||1109653200||at||
3276751296||3276751359||1109653200||at||
3276767968||3276767999||1109653200||at||
3276768864||3276768895||1109653200||at||
3276769984||3276770015||1109653200||at||
3276772288||3276772351||1109653200||at||
3276785920||3276786175||1109653200||at||
3276786432||3276786687||1109653200||at||
3276786944||3276787359||1109653200||at||
3276795904||3276797951||1109653200||at||
3276799392||3276799455||1109653200||at||
3276988416||3276996607||1109653200||at||
3277848576||3277856767||1109653200||at||
3278815232||3278823423||1109653200||at||
3278938248||3278938251||1109653200||at||
3278938280||3278938283||1109653200||at||
3278938400||3278938403||1109653200||at||
3278938608||3278938611||1109653200||at||
3278938668||3278938671||1109653200||at||
3278938988||3278938991||1109653200||at||
3278939732||3278939735||1109653200||at||
3278940560||3278940563||1109653200||at||
3278941172||3278941175||1109653200||at||
3278942124||3278942127||1109653200||at||
3278942807||3278942807||1109653200||at||
3278942816||3278942816||1109653200||at||
3278942835||3278942835||1109653200||at||
3278942948||3278942948||1109653200||at||
3278942954||3278942954||1109653200||at||
3278942969||3278942969||1109653200||at||
3278943014||3278943014||1109653200||at||
3278943051||3278943051||1109653200||at||
3278943073||3278943073||1109653200||at||
3278943099||3278943099||1109653200||at||
3278943101||3278943101||1109653200||at||
3278943121||3278943121||1109653200||at||
3278943306||3278943306||1109653200||at||
3278943335||3278943335||1109653200||at||
3278943406||3278943406||1109653200||at||
3278943427||3278943427||1109653200||at||
3278943451||3278943451||1109653200||at||
3278943497||3278943497||1109653200||at||
3278943506||3278943506||1109653200||at||
3278943520||3278943520||1109653200||at||
3278943524||3278943524||1109653200||at||
3278943529||3278943530||1109653200||at||
3278943558||3278943558||1109653200||at||
3278943606||3278943606||1109653200||at||
3278943656||3278943656||1109653200||at||
3278943658||3278943658||1109653200||at||
3278943697||3278943697||1109653200||at||
3278943701||3278943701||1109653200||at||
3278943819||3278943819||1109653200||at||
3278943827||3278943827||1109653200||at||
3278943943||3278943943||1109653200||at||
3278943984||3278943984||1109653200||at||
3278943993||3278943994||1109653200||at||
3278944023||3278944023||1109653200||at||
3278944052||3278944052||1109653200||at||
3278944072||3278944072||1109653200||at||
3278944095||3278944095||1109653200||at||
3278944106||3278944106||1109653200||at||
3278944143||3278944143||1109653200||at||
3278944199||3278944199||1109653200||at||
3278944210||3278944210||1109653200||at||
3278944234||3278944234||1109653200||at||
3278944251||3278944251||1109653200||at||
3278945894||3278945894||1109653200||at||
3279319040||3279320063||1109653200||at||
3279322664||3279322671||1109653200||at||
3279354880||3279355647||1109653200||at||
3279972352||3279974399||1109653200||at||
3279987712||3279988223||1109653200||at||
3279989248||3279989759||1109653200||at||
3280596480||3280596991||1109653200||at||
3280766976||3280767999||1109653200||at||
3280786432||3280787455||1109653200||at||
3281103936||3281103943||1109653200||at||
3281340672||3281340927||1109653200||at||
3281341184||3281341439||1109653200||at||
3281351424||3281351679||1109653200||at||
3281371136||3281373183||1109653200||at||
3281377280||3281379327||1109653200||at||
3281383424||3281385471||1109653200||at||
3281974528||3281974783||1109653200||at||
3282714624||3282722815||1109653200||at||
3283160232||3283160239||1109653200||at||
3283162728||3283162735||1109653200||at||
3283207680||3283208191||1109653200||at||
3283220992||3283221503||1109653200||at||
3283355736||3283355743||1109653200||at||
3283550208||3283550239||1109653200||at||
3283550272||3283550335||1109653200||at||
3283550464||3283550623||1109653200||at||
3283550720||3283552255||1109653200||at||
3283588480||3283588543||1109653200||at||
3283600896||3283601343||1109653200||at||
3283601400||3283601919||1109653200||at||
3283607424||3283607551||1109653200||at||
3284042496||3284042751||1109653200||at||
3284045568||3284045823||1109653200||at||
3284828160||3284844543||1109653200||at||
3285082112||3285084159||1109653200||at||
3285462784||3285462847||1109653200||at||
3285462880||3285462911||1109653200||at||
3285462952||3285462975||1109653200||at||
3285463008||3285463039||1109653200||at||
3285466624||3285466879||1109653200||at||
3285475328||3285475839||1109653200||at||
3285475872||3285476159||1109653200||at||
3285476224||3285476351||1109653200||at||
3285476864||3285476927||1109653200||at||
3285476992||3285477119||1109653200||at||
3285515264||3285515519||1109653200||at||
3285517216||3285517247||1109653200||at||
3285530496||3285530559||1109653200||at||
3285536748||3285536751||1109653200||at||
3285538376||3285538383||1109653200||at||
3285543680||3285543743||1109653200||at||
3285546112||3285546239||1109653200||at||
3285547008||3285547023||1109653200||at||
3285547040||3285547071||1109653200||at||
3285554176||3285554431||1109653200||at||
3285555200||3285555231||1109653200||at||
3285581504||3285581567||1109653200||at||
3286363136||3286364159||1109653200||at||
3286638592||3286646783||1109653200||at||
3286671360||3286679551||1109653200||at||
3286791680||3286791935||1109653200||at||
3286918144||3286919167||1109653200||at||
3286931200||3286931455||1109653200||at||
3286932736||3286932991||1109653200||at||
3287480320||3287481343||1109653200||at||
3287630336||3287630847||1109653200||at||
3287636992||3287637503||1109653200||at||
3287671040||3287671295||1109653200||at||
3287818240||3287826431||1109653200||at||
3345442816||3345443327||1109653200||at||
3557253120||3557261311||1109653200||at||
3557392384||3557400575||1109653200||at||
3557826560||3557834751||1109653200||at||
3557900288||3557916671||1109653200||at||
3558288128||3558288191||1109653200||at||
3558291216||3558291231||1109653200||at||
3558291264||3558291279||1109653200||at||
3558367232||3558367271||1109653200||at||
3558367280||3558368063||1109653200||at||
3558368128||3558372351||1109653200||at||
3558372608||3558372735||1109653200||at||
3558373376||3558375423||1109653200||at||
3558555648||3558572031||1109653200||at||
3558817792||3558819167||1109653200||at||
3558819200||3558821791||1109653200||at||
3558821796||3558825983||1109653200||at||
3558940672||3558948863||1109653200||at||
3559374848||3559383039||1109653200||at||
3559514112||3559522303||1109653200||at||
3560169472||3560177663||1109653200||at||
3560226816||3560235007||1109653200||at||
3560742912||3560751103||1109653200||at||
3560939524||3560939527||1109653200||at||
3560939684||3560939687||1109653200||at||
3560939940||3560939943||1109653200||at||
3560939956||3560939959||1109653200||at||
3560940136||3560940139||1109653200||at||
3560940192||3560940195||1109653200||at||
3560940264||3560940267||1109653200||at||
3560940280||3560940283||1109653200||at||
3560940620||3560940623||1109653200||at||
3560940632||3560940635||1109653200||at||
3560940952||3560940955||1109653200||at||
3560941096||3560941099||1109653200||at||
3560941256||3560941259||1109653200||at||
3560941512||3560941515||1109653200||at||
3560941868||3560941871||1109653200||at||
3560942120||3560942123||1109653200||at||
3560942204||3560942207||1109653200||at||
3560942360||3560942363||1109653200||at||
3560942800||3560942803||1109653200||at||
3560942808||3560942811||1109653200||at||
3560942828||3560942831||1109653200||at||
3560942932||3560942935||1109653200||at||
3560943194||3560943194||1109653200||at||
3560943200||3560943200||1109653200||at||
3560943208||3560943208||1109653200||at||
3560943250||3560943250||1109653200||at||
3560943371||3560943371||1109653200||at||
3560943473||3560943473||1109653200||at||
3560943591||3560943591||1109653200||at||
3560943600||3560943600||1109653200||at||
3560943625||3560943625||1109653200||at||
3560943652||3560943652||1109653200||at||
3560943701||3560943701||1109653200||at||
3561022720||3561022975||1109653200||at||
3561218048||3561226239||1109653200||at||
3561234432||3561242623||1109653200||at||
3561332736||3561340927||1109653200||at||
3561381888||3561382479||1109653200||at||
3561382496||3561390079||1109653200||at||
3561637888||3561638143||1109653200||at||
3562536960||3562545151||1109653200||at||
3562577920||3562586111||1109653200||at||
3562995712||3563003903||1109653200||at||
3563382496||3563382503||1109653200||at||
3563382584||3563382587||1109653200||at||
3563855872||3563864063||1109653200||at||
3564007456||3564007487||1109653200||at||
3564601344||3564609535||1109653200||at||
3564749312||3564750095||1109653200||at||
3564750112||3564750879||1109653200||at||
3564750896||3564750927||1109653200||at||
3564750976||3564751391||1109653200||at||
3564751408||3564751631||1109653200||at||
3564751640||3564751647||1109653200||at||
3564751712||3564751727||1109653200||at||
3564751744||3564751807||1109653200||at||
3564751872||3564751887||1109653200||at||
3564751968||3564752127||1109653200||at||
3564752464||3564752479||1109653200||at||
3564752608||3564752623||1109653200||at||
3564752640||3564755199||1109653200||at||
3564755248||3564755255||1109653200||at||
3564755264||3564755327||1109653200||at||
3564755376||3564756287||1109653200||at||
3564756368||3564756399||1109653200||at||
3564756416||3564756735||1109653200||at||
3564756744||3564756991||1109653200||at||
3564929024||3564937215||1109653200||at||
3564954112||3564954127||1109653200||at||
3564954136||3564954159||1109653200||at||
3564954180||3564954183||1109653200||at||
3564954192||3564954199||1109653200||at||
3564954208||3564954239||1109653200||at||
3564954328||3564954335||1109653200||at||
3564954368||3564954383||1109653200||at||
3564956736||3564956751||1109653200||at||
3564956768||3564956855||1109653200||at||
3564956976||3564956991||1109653200||at||
3564957024||3564957039||1109653200||at||
3564957056||3564957695||1109653200||at||
3564958096||3564958103||1109653200||at||
3564958112||3564958143||1109653200||at||
3564958148||3564958159||1109653200||at||
3564958208||3564958463||1109653200||at||
3564958488||3564958495||1109653200||at||
3564958720||3564958783||1109653200||at||
3564958817||3564958911||1109653200||at||
3564958913||3564958943||1109653200||at||
3564959009||3564959039||1109653200||at||
3564959072||3564959091||1109653200||at||
3564959096||3564959103||1109653200||at||
3564959120||3564959127||1109653200||at||
3564959192||3564959195||1109653200||at||
3564959200||3564959227||1109653200||at||
3564959264||3564959295||1109653200||at||
3564959444||3564959451||1109653200||at||
3564959488||3564959495||1109653200||at||
3564959500||3564959503||1109653200||at||
3564959512||3564959519||1109653200||at||
3564959536||3564959615||1109653200||at||
3564959624||3564959639||1109653200||at||
3564959696||3564959703||1109653200||at||
3564959744||3564959759||1109653200||at||
3564959905||3564959935||1109653200||at||
3564960192||3564960215||1109653200||at||
3564960224||3564960231||1109653200||at||
3564960636||3564960639||1109653200||at||
3564960641||3564960655||1109653200||at||
3564960672||3564960735||1109653200||at||
3564960928||3564960959||1109653200||at||
3564961024||3564961055||1109653200||at||
3564961280||3564961791||1109653200||at||
3565043712||3565051903||1109653200||at||
3566764032||3566796799||1109653200||at||
3567583232||3567583487||1109653200||at||
3567583744||3567583999||1109653200||at||
3567584256||3567584383||1109653200||at||
3567584400||3567584407||1109653200||at||
3567584512||3567584639||1109653200||at||
3567673344||3567673967||1109653200||at||
3567673984||3567674015||1109653200||at||
3567674032||3567674095||1109653200||at||
3567674112||3567675671||1109653200||at||
3567675760||3567681535||1109653200||at||
3568762880||3568795647||1109653200||at||
3568959488||3568988159||1109653200||at||
3568990178||3568992255||1109653200||at||
3569000448||3569004543||1109653200||at||
3569008448||3569016831||1109653200||at||
3569713152||3569729535||1109653200||at||
3571381632||3571381695||1109653200||at||
3571382784||3571383039||1109653200||at||
3571383136||3571383151||1109653200||at||
3571383176||3571383179||1109653200||at||
3571464944||3571464947||1109653200||at||
3571977728||3571978239||1109653200||at||
3572236288||3572301823||1109653200||at||
3572447232||3572447239||1109653200||at||
3572580352||3572596735||1109653200||at||
3574153240||3574153243||1109653200||at||
3574153360||3574153367||1109653200||at||
3574153612||3574153623||1109653200||at||
3574153784||3574153787||1109653200||at||
3575631104||3575631111||1109653200||at||
3575634184||3575634191||1109653200||at||
3575709696||3575732735||1109653200||at||
3575732864||3575736319||1109653200||at||
3575736832||3575742463||1109653200||at||
3576040256||3576040271||1109653200||at||
3576605952||3576606207||1109653200||at||
3576619520||3576620031||1109653200||at||
3576627200||3576692735||1109653200||at||
3577618656||3577618663||1109653200||at||
3577655296||3577655519||1109653200||at||
3577655552||3577655647||1109653200||at||
3577655664||3577655679||1109653200||at||
3577655712||3577655743||1109653200||at||
3577655808||3577656447||1109653200||at||
3579445248||3579463679||1109653200||at||
3579463684||3579478015||1109653200||at||
3579723776||3579740159||1109653200||at||
3580215296||3580216319||1109653200||at||
3580260352||3580265727||1109653200||at||
3581157120||3581158655||1109653200||at||
3581159168||3581159295||1109653200||at||
3582058496||3582059167||1109653200||at||
3582059176||3582066687||1109653200||at||
3582292056||3582292063||1109653200||at||
3582295264||3582295295||1109653200||at||
3582568968||3582568983||1109653200||at||
3582569024||3582569031||1109653200||at||
3582569040||3582569047||1109653200||at||
3582569056||3582569071||1109653200||at||
3582569208||3582569239||1109653200||at||
3582861312||3582869503||1109653200||at||
3582877696||3582885887||1109653200||at||
3582910464||3582918655||1109653200||at||
3582943232||3582951423||1109653200||at||
3583107072||3583115263||1109653200||at||
3583141728||3583141735||1109653200||at||
3583221760||3583238143||1109653200||at||
3583377408||3583385599||1109653200||at||
3583436800||3583442943||1109653200||at||
3583582208||3583590399||1109653200||at||
3583868928||3583877119||1109653200||at||
3583909888||3583918079||1109653200||at||
3583930368||3583930687||1109653200||at||
3583930824||3583930839||1109653200||at||
3583930880||3583931039||1109653200||at||
3583931136||3583931199||1109653200||at||
3583931296||3583931311||1109653200||at||
3583931328||3583931519||1109653200||at||
3583931648||3583932415||1109653200||at||
3584081920||3584082215||1109653200||at||
3584082304||3584082367||1109653200||at||
3584082400||3584082943||1109653200||at||
3584089088||3584089855||1109653200||at||
3584089872||3584089919||1109653200||at||
3584089952||3584090111||1109653200||at||
3584180224||3584188415||1109653200||at||
3584286720||3584303103||1109653200||at||
3584901120||3584909311||1109653200||at||
3584971776||3584971839||1109653200||at||
3584972448||3584972479||1109653200||at||
3584973056||3584973183||1109653200||at||
3585007616||3585015807||1109653200||at||
3585048576||3585056767||1109653200||at||
3585138688||3585146879||1109653200||at||
3585531904||3585540095||1109653200||at||
3585712128||3585720319||1109653200||at||
3587178496||3587179455||1109653200||at||
3587179472||3587186207||1109653200||at||
3587186216||3587186687||1109653200||at||
3587211264||3587219455||1109653200||at||
3587292800||3587292863||1109653200||at||
3588292608||3588308991||1109653200||at||
3588464640||3588472831||1109653200||at||
3588554752||3588571135||1109653200||at||
3588997120||3589013503||1109653200||at||
3589269456||3589269471||1109653200||at||
3589292032||3589308415||1109653200||at||
3590149216||3590149247||1109653200||at||
3641056360||3641056367||1109653200||at||
3641157952||3641157959||1109653200||at||
3641552896||3641556991||1109653200||at||
3641558784||3641558911||1109653200||at||
3641559296||3641559423||1109653200||at||
3641560320||3641560795||1109653200||at||
3641560828||3641561087||1109653200||at||
3641630720||3641634815||1109653200||at||
3641638912||3641643007||1109653200||at||
3641733120||3641737215||1109653200||at||
3641909248||3641913343||1109653200||at||
3642322944||3642327039||1109653200||at||
3642593280||3642597375||1109653200||at||
3644870144||3644870399||1109653200||at||
3644871168||3644871423||1109653200||at||
3644871680||3644872191||1109653200||at||
3645337088||3645337343||1109653200||at||
3645506560||3645506815||1109653200||at||
3645616128||3645620223||1109653200||at||
3645677568||3645681663||1109653200||at||
3645763627||3645763627||1109653200||at||
3645763636||3645763636||1109653200||at||
3645763789||3645763789||1109653200||at||
3645763958||3645763958||1109653200||at||
3645763965||3645763965||1109653200||at||
3645763975||3645763975||1109653200||at||
3645764063||3645764063||1109653200||at||
3645764156||3645764156||1109653200||at||
3645764242||3645764242||1109653200||at||
3645764384||3645764384||1109653200||at||
3645764435||3645764435||1109653200||at||
3645764458||3645764458||1109653200||at||
3645765456||3645765459||1109653200||at||
3648086016||3648087295||1109653200||at||
3648087304||3648087551||1109653200||at||
3648087560||3648087807||1109653200||at||
3648087816||3648088063||1109653200||at||
3648088072||3648088319||1109653200||at||
3648088328||3648088575||1109653200||at||
3648088584||3648090111||1109653200||at||
3648180768||3648180799||1109653200||at||
3648181024||3648181055||1109653200||at||
3648181312||3648181343||1109653200||at||
3648274432||3648278527||1109653200||at||
3648303104||3648307199||1109653200||at||
3648316672||3648316927||1109653200||at||
3648417792||3648417807||1109653200||at||
3648417920||3648418047||1109653200||at||
3650306784||3650306791||1109653200||at||
3650306800||3650306807||1109653200||at||
3650461696||3650465791||1109653200||at||
3650478080||3650482175||1109653200||at||
3652033792||3652033823||1109653200||at||
3652173824||3652177919||1109653200||at||
3652182528||3652182783||1109653200||at||
3652183616||3652183679||1109653200||at||
3652186880||3652187007||1109653200||at||
3653517312||3653522975||1109653200||at||
3653522992||3653525503||1109653200||at||
3653537792||3653541887||1109653200||at||
3653705168||3653705175||1109653200||at||
3653718016||3653722111||1109653200||at||
3656661184||3656661199||1109653200||at||
3656661584||3656661599||1109653200||at||
3656661648||3656661679||1109653200||at||
3656662272||3656662367||1109653200||at||
3656662432||3656662463||1109653200||at||
