--||--||--||au||Australia
973275136||973340671||1109653200||au||
973471744||973602815||1109653200||au||
973733888||973864959||1109653200||au||
974258176||975175679||1109653200||au||
978599936||978616319||1127706355||au||
978780160||978784255||1161756678||au||
979369984||979402751||1158034335||au||
979894272||980025343||1126072305||au||
980025344||980156415||1142835003||au||
980156416||980287487||1146192615||au||
983564288||984088575||1127623152||au||
984088576||984612863||1140753686||au||
984743936||984875007||1152159196||au||
992673792||992739327||1109653200||au||
993198080||993263615||1109653200||au||
994902016||995098623||1109653200||au||
995532800||995557375||1109653200||au||
996409344||996671487||1109653200||au||
996900864||996933631||1109653200||au||
997064704||997195775||1109653200||au||
997982208||998244351||1109653200||au||
999424000||999555071||1109653200||au||
999784448||999817215||1109653200||au||
999849984||999882751||1109653200||au||
999948288||1000079359||1109653200||au||
1000800256||1000865791||1109653200||au||
1001127936||1001390079||1109653200||au||
1002405888||1002438655||1109653200||au||
1007501312||1007517695||1109653200||au||
1010733056||1010761727||1109653200||au||
1019674624||1019740159||1109653200||au||
1020067840||1020264447||1109653200||au||
1021313024||1021837311||1109653200||au||
1022033920||1022099455||1109653200||au||
1022230528||1022623743||1109653200||au||
1022656512||1022689279||1109653200||au||
1022705664||1022885887||1109653200||au||
1022951424||1023213567||1109653200||au||
1023229952||1023279103||1109653200||au||
1023328256||1023344639||1109653200||au||
1023692800||1023705087||1109653200||au||
1023717376||1023721471||1109653200||au||
1023729664||1023737855||1109653200||au||
1023778816||1023787007||1109653200||au||
1023791104||1023803391||1109653200||au||
1023934464||1023967231||1109653200||au||
1023975424||1023983615||1109653200||au||
1024032768||1024065535||1109653200||au||
1024184320||1024188415||1109653200||au||
1024229376||1024262143||1109653200||au||
1024352256||1024360447||1109653200||au||
1024360632||1024360639||1109653200||au||
1024360736||1024360767||1109653200||au||
1024360896||1024361471||1109653200||au||
1024361488||1024361503||1109653200||au||
1024362608||1024362623||1109653200||au||
1024362736||1024362751||1109653200||au||
1024362976||1024366079||1109653200||au||
1024366336||1024368127||1109653200||au||
1024368384||1024376831||1109653200||au||
1025294336||1025343487||1109653200||au||
1026408448||1026424831||1109653200||au||
1026490368||1026555903||1109653200||au||
1027866624||1027997695||1109653200||au||
1029144576||1029242879||1109653200||au||
1029636096||1029668863||1109653200||au||
1039466496||1039532031||1109653200||au||
1039613952||1039630335||1109653200||au||
1039638528||1039654911||1109653200||au||
1066828160||1066828223||1109653200||au||
1072934784||1072934847||1109653200||au||
1074733056||1074737151||1109653200||au||
1079443328||1079443455||1109653200||au||
1082096640||1082096895||1109653200||au||
1082679808||1082679936||1109653200||au||
1082680577||1082680703||1109653200||au||
1089154916||1089154932||1109653200||au||
1090497904||1090497919||1109653200||au||
1098891568||1098891615||1109653200||au||
1098891624||1098891639||1109653200||au||
1098891712||1098891743||1109653200||au||
1101431680||1101431807||1109653200||au||
1109927168||1109927423||1109653200||au||
1120398592||1120399103||1109653200||au||
1122411552||1122411583||1109653200||au||
1122412288||1122412543||1109653200||au||
1122414336||1122414591||1109653200||au||
1125063232||1125063263||1109653200||au||
1159667712||1159669759||1109653200||au||
1159675904||1159676159||1109653200||au||
1159678208||1159678463||1109653200||au||
1160972800||1160973055||1109653200||au||
1360856076||1360856079||1109653200||au||
1360856110||1360856113||1109653200||au||
1388728706||1388728721||1109653200||au||
2032926720||2032992255||1159161887||au||
2043674624||2043936767||1161835200||au||
2050064384||2050080767||1156385148||au||
2081619968||2081636351||1152165770||au||
2090074112||2090205183||1152556474||au||
2090205184||2090237951||1155957318||au||
2090336256||2090401791||1153624468||au||
2091384832||2091450367||1152395686||au||
2091909120||2092957695||1152243463||au||
2096332800||2096340991||1152644558||au||
2097037312||2097053695||1153708451||au||
2097619200||2097619455||1154486483||au||
2101313536||2101346303||1152395738||au||
2110881792||2110914559||1152846377||au||
2113814528||2113822719||1159162027||au||
2113863680||2113929215||1154830819||au||
2159542272||2159607807||1109653200||au||
2163867648||2163933183||1109653200||au||
2169372672||2169438207||1109653200||au||
2170421248||2170486783||1109653200||au||
2170552320||2170617855||1109653200||au||
2172583936||2172649471||1109653200||au||
2176057344||2176122879||1109653200||au||
2184708096||2184773631||1109653200||au||
2187264000||2187329535||1109653200||au||
2187722752||2187788287||1109653200||au||
2188640256||2188705791||1109653200||au||
2189557760||2189623295||1109653200||au||
2191196160||2191261695||1109653200||au||
2193752064||2193817599||1109653200||au||
2195456000||2195521535||1109653200||au||
2208956416||2209021951||1109653200||au||
2209087488||2209153023||1109653200||au||
2209677312||2209742847||1109653200||au||
2209939456||2210004991||1109653200||au||
2212036608||2212102143||1109653200||au||
2213281792||2213347327||1109653200||au||
2213675008||2213740543||1109653200||au||
2213806080||2213937151||1109653200||au||
2226782208||2226847743||1109653200||au||
2229927936||2229993471||1109653200||au||
2248605696||2248671231||1109653200||au||
2249326592||2249392127||1109653200||au||
2255683584||2255749119||1109653200||au||
2257584128||2257649663||1109653200||au||
2257846272||2257911807||1109653200||au||
2258594976||2258594991||1109653200||au||
2258595200||2258595231||1109653200||au||
2258595600||2258595603||1109653200||au||
2258605056||2258605183||1109653200||au||
2258606896||2258606959||1109653200||au||
2258606964||2258606971||1109653200||au||
2258606976||2258607087||1109653200||au||
2258607104||2258607295||1109653200||au||
2258607336||2258607343||1109653200||au||
2258607352||2258607487||1109653200||au||
2259812352||2259877887||1109653200||au||
2261975040||2262040575||1109653200||au||
2291728384||2291859455||1109653200||au||
2293891072||2293956607||1109653200||au||
2303459328||2303524863||1109653200||au||
2304507904||2304573439||1109653200||au||
2305622016||2305687551||1109653200||au||
2305753088||2305818623||1109653200||au||
2308112384||2308177919||1109653200||au||
2308571136||2308636671||1109653200||au||
2308767744||2308833279||1109653200||au||
2309357568||2309423103||1109653200||au||
2309750784||2309816319||1109653200||au||
2312830976||2312896511||1109653200||au||
2315714560||2315780095||1109653200||au||
2316500992||2316566527||1109653200||au||
2316828672||2316959743||1109653200||au||
2318139392||2318204927||1109653200||au||
2319908864||2319974399||1109653200||au||
2320302080||2320367615||1109653200||au||
2320433152||2320564223||1109653200||au||
2323775488||2323841023||1109653200||au||
2327969792||2328035327||1109653200||au||
2328756224||2328821759||1109653200||au||
2329477120||2329542655||1109653200||au||
2331770880||2331836415||1109653200||au||
2334916608||2334982143||1109653200||au||
2335899648||2335965183||1109653200||au||
2337669120||2337734655||1109653200||au||
2340552704||2340618239||1109653200||au||
2340683776||2340749311||1109653200||au||
2340814848||2340880383||1109653200||au||
2342715392||2342780927||1109653200||au||
2343043072||2343108607||1109653200||au||
2344353792||2344419327||1109653200||au||
2347106304||2347171839||1109653200||au||
2353987584||2354053119||1109653200||au||
2354249728||2354315263||1109653200||au||
2359230464||2359295999||1109653200||au||
2359820288||2359885823||1109653200||au||
2365390848||2365456383||1109653200||au||
2373451776||2373517311||1109653200||au||
2374238208||2374303743||1109653200||au||
2376597504||2376663039||1109653200||au||
2381512704||2381578239||1109653200||au||
2405171200||2405236735||1109653200||au||
2406940672||2407006207||1109653200||au||
2410545152||2410610687||1109653200||au||
2411462656||2411593727||1109653200||au||
2413297664||2413363199||1109653200||au||
2413428736||2413494271||1109653200||au||
2414739456||2414804991||1109653200||au||
2416312320||2416377855||1109653200||au||
2419392512||2419458047||1109653200||au||
2419523584||2419589119||1109653200||au||
2421096448||2421161983||1109653200||au||
2422276096||2422341631||1109653200||au||
2423128064||2423193599||1109653200||au||
2424438784||2425159679||1109653200||au||
2429353984||2429419519||1109653200||au||
2430205952||2430271487||1109653200||au||
2450194432||2450259967||1109653200||au||
2453536768||2453602303||1109653200||au||
2457075712||2457141247||1109653200||au||
2457206784||2457272319||1109653200||au||
2458910720||2458976255||1109653200||au||
2461138944||2461204479||1109653200||au||
2462253056||2462384127||1109653200||au||
2463956992||2464022527||1109653200||au||
2466906112||2466971647||1109653200||au||
2468937728||2469003263||1109653200||au||
2470576128||2470641663||1109653200||au||
2470772736||2470838271||1109653200||au||
2471231488||2471297023||1109653200||au||
2473394176||2473459711||1109653200||au||
2474901504||2474967039||1109653200||au||
2479357952||2479423487||1109653200||au||
2479947776||2480013311||1109653200||au||
2480078848||2480209919||1109653200||au||
2492530688||2492596223||1109653200||au||
2494955520||2495021055||1109653200||au||
2495807488||2495873023||1109653200||au||
2508390400||2508455935||1109653200||au||
2508652544||2508718079||1109653200||au||
2509242368||2509307903||1109653200||au||
2510749696||2510815231||1109653200||au||
2511011840||2511077375||1109653200||au||
2511339520||2511405055||1109653200||au||
2523201536||2523267071||1109653200||au||
2526478336||2526543871||1109653200||au||
2527920128||2527985663||1109653200||au||
2529099776||2529165311||1109653200||au||
2529886208||2529951743||1109653200||au||
2530148352||2530213887||1109653200||au||
2531590144||2531655679||1109653200||au||
2541879296||2541944831||1109653200||au||
2545025024||2545090559||1109653200||au||
2555117568||2555183103||1109653200||au||
2555576320||2555641855||1109653200||au||
2556100608||2556166143||1109653200||au||
2556559360||2556624895||1109653200||au||
2559770624||2559836159||1109653200||au||
2573926400||2573991935||1109653200||au||
2604400640||2604466175||1109653200||au||
2605121536||2605187071||1109653200||au||
2609840128||2609971199||1109653200||au||
2612723712||2612789247||1109653200||au||
2613903360||2613968895||1109653200||au||
2618294272||2618359807||1109653200||au||
2618687488||2618753023||1109653200||au||
2620522496||2620588031||1109653200||au||
2639593472||2639659007||1109653200||au||
2642411520||2642477055||1109653200||au||
2644180992||2644246527||1109653200||au||
2647851008||2647916543||1109653200||au||
2653421568||2653487103||1109653200||au||
2653749248||2653814783||1109653200||au||
2654339072||2654404607||1109653200||au||
2656632832||2656698367||1109653200||au||
2668429312||2668494847||1109653200||au||
2670985216||2671050751||1109653200||au||
2672361472||2672427007||1109653200||au||
2674851840||2674917375||1109653200||au||
2680422400||2680487935||1109653200||au||
2681143296||2681208831||1109653200||au||
2683830272||2683895807||1109653200||au||
2688548864||2688614399||1109653200||au||
2697854976||2697920511||1109653200||au||
2698903552||2698969087||1109653200||au||
2703949824||2704015359||1109653200||au||
2704408576||2704474111||1109653200||au||
2708799488||2708865023||1109653200||au||
2710503424||2710568959||1109653200||au||
2710700032||2710765567||1109653200||au||
2711093248||2711158783||1109653200||au||
2727411712||2727608319||1109653200||au||
2735210496||2735276031||1109653200||au||
2743009280||2743140351||1109653200||au||
2747072512||2747138047||1109653200||au||
2749890560||2750021631||1109653200||au||
2754936832||2755002367||1109653200||au||
2756378624||2756444159||1109653200||au||
2756706304||2756771839||1109653200||au||
2757820416||2757885951||1109653200||au||
2758541312||2758606847||1109653200||au||
2758803456||2758868991||1109653200||au||
2769027072||2769092607||1109653200||au||
2770272256||2770337791||1109653200||au||
2772631552||2772697087||1109653200||au||
2772762624||2772828159||1109653200||au||
2773876736||2773942271||1109653200||au||
2775973888||2776039423||1109653200||au||
2777546752||2777612287||1109653200||au||
2780495872||2780561407||1109653200||au||
2780758016||2780823551||1109653200||au||
2783182848||2783248383||1109653200||au||
2783969280||2784034815||1109653200||au||
2789212160||2789277695||1109653200||au||
2792882176||2792947711||1109653200||au||
2803761152||2803826687||1109653200||au||
2808545280||2808610815||1109653200||au||
2809856000||2809921535||1109653200||au||
2810314752||2810380287||1109653200||au||
2812411904||2812477439||1109653200||au||
2814181376||2814246911||1109653200||au||
2827091968||2827157503||1109653200||au||
2827223040||2827288575||1109653200||au||
2827354112||2827419647||1109653200||au||
2827747328||2827812863||1109653200||au||
2828533760||2828664831||1109653200||au||
2830761984||2830827519||1109653200||au||
2831548416||2831613951||1109653200||au||
2832793600||2832859135||1109653200||au||
2835087360||2835152895||1109653200||au||
2848522240||2848587775||1109653200||au||
2848980992||2850029567||1109653200||au||
2862415872||2862481407||1109653200||au||
3221614592||3221614847||1109653200||au||
3222031360||3222031615||1109653200||au||
3222320128||3222320383||1109653200||au||
3222984448||3222988543||1109653200||au||
3222988800||3222989055||1109653200||au||
3223534336||3223534591||1109653200||au||
3223582720||3223582975||1109653200||au||
3223949824||3223950079||1109653200||au||
3223964416||3223964671||1109653200||au||
3223991296||3223991551||1109653200||au||
3223993344||3223994111||1109653200||au||
3224016640||3224016895||1109653200||au||
3224090880||3224091391||1109653200||au||
3224094208||3224094463||1109653200||au||
3224096512||3224097279||1109653200||au||
3224101376||3224102399||1109653200||au||
3224104704||3224104959||1109653200||au||
3224399104||3224399615||1109653200||au||
3224434688||3224434943||1109653200||au||
3224651776||3224652287||1109653200||au||
3224677120||3224678655||1109653200||au||
3224680704||3224680959||1109653200||au||
3224683520||3224684031||1109653200||au||
3224791296||3224791807||1109653200||au||
3224798976||3224799231||1109653200||au||
3224799488||3224799743||1109653200||au||
3224828672||3224828927||1109653200||au||
3224855040||3224855551||1109653200||au||
3224858624||3224858879||1109653200||au||
3224878592||3224878847||1109653200||au||
3224880640||3224880895||1109653200||au||
3224883456||3224883711||1109653200||au||
3224889344||3224889599||1109653200||au||
3225060608||3225061631||1109653200||au||
3225506304||3225508863||1109653200||au||
3225518592||3225518847||1109653200||au||
3225531904||3225532159||1109653200||au||
3225540864||3225541119||1109653200||au||
3225549312||3225549567||1109653200||au||
3225616640||3225616895||1109653200||au||
3225619456||3225619711||1109653200||au||
3225637888||3225638399||1109653200||au||
3225660160||3225660415||1109653200||au||
3225671936||3225672191||1109653200||au||
3225679872||3225680127||1109653200||au||
3225715712||3225715967||1109653200||au||
3225717504||3225717759||1109653200||au||
3225725696||3225726207||1109653200||au||
3225727744||3225727999||1109653200||au||
3225847552||3225847807||1109653200||au||
3225857536||3225857791||1109653200||au||
3225868288||3225868543||1109653200||au||
3225869056||3225869311||1109653200||au||
3226012672||3226012927||1109653200||au||
3226015232||3226015487||1109653200||au||
3226026496||3226026751||1109653200||au||
3226110720||3226128639||1109653200||au||
3226237440||3226237695||1109653200||au||
3226273792||3226274047||1109653200||au||
3226276096||3226276351||1109653200||au||
3226635264||3226635519||1109653200||au||
3226636032||3226636287||1109653200||au||
3226640640||3226640895||1109653200||au||
3226656256||3226656511||1109653200||au||
3226658304||3226658559||1109653200||au||
3226695168||3226695679||1109653200||au||
3226696448||3226696703||1109653200||au||
3226715648||3226715903||1109653200||au||
3226722304||3226722559||1109653200||au||
3226724096||3226724351||1109653200||au||
3226725632||3226726143||1109653200||au||
3226753280||3226753535||1109653200||au||
3226786560||3226786815||1109653200||au||
3226789376||3226789631||1109653200||au||
3226791168||3226791679||1109653200||au||
3226792192||3226792703||1109653200||au||
3226894592||3226894847||1109653200||au||
3226903808||3226904063||1109653200||au||
3226994176||3226994687||1109653200||au||
3227040512||3227040767||1109653200||au||
3227235072||3227235327||1109653200||au||
3227236608||3227236863||1109653200||au||
3227243776||3227244031||1109653200||au||
3227396352||3227396607||1109653200||au||
3227401728||3227402495||1109653200||au||
3227437056||3227437311||1109653200||au||
3227439104||3227439615||1109653200||au||
3227443968||3227444223||1109653200||au||
3227448064||3227448575||1109653200||au||
3227784704||3227784959||1109653200||au||
3227799552||3227799807||1109653200||au||
3227878912||3227879167||1109653200||au||
3227891456||3227891711||1109653200||au||
3227909632||3227909887||1109653200||au||
3227971328||3227971583||1109653200||au||
3227974144||3227974655||1109653200||au||
3227987456||3227987711||1109653200||au||
3228008960||3228009215||1109653200||au||
3228009472||3228009727||1109653200||au||
3228052224||3228052991||1109653200||au||
3228240128||3228240383||1109653200||au||
3228263680||3228263935||1109653200||au||
3228328704||3228328959||1109653200||au||
3228332288||3228332543||1109653200||au||
3228508160||3228508415||1109653200||au||
3228526848||3228527103||1109653200||au||
3228620544||3228620799||1109653200||au||
3229265920||3229266175||1109653200||au||
3229274624||3229274879||1109653200||au||
3229354496||3229355775||1109653200||au||
3229381888||3229382143||1109653200||au||
3229390848||3229391103||1109653200||au||
3229814016||3229814271||1109653200||au||
3229817600||3229818623||1109653200||au||
3229833728||3229834495||1109653200||au||
3229874944||3229875455||1109653200||au||
3229886720||3229886975||1109653200||au||
3229900032||3229900287||1109653200||au||
3229902336||3229902591||1109653200||au||
3229940992||3229941247||1109653200||au||
3229945344||3229945599||1109653200||au||
3229947136||3229947391||1109653200||au||
3229952256||3229952511||1109653200||au||
3230125824||3230126335||1109653200||au||
3230126592||3230126847||1109653200||au||
3230148352||3230148607||1109653200||au||
3230295040||3230295295||1109653200||au||
3230311424||3230311679||1109653200||au||
3230842112||3230842367||1109653200||au||
3230844928||3230845183||1109653200||au||
3230853120||3230853375||1109653200||au||
3230857984||3230858751||1109653200||au||
3230888448||3230888703||1109653200||au||
3230919424||3230919679||1109653200||au||
3230922240||3230922495||1109653200||au||
3230924032||3230924287||1109653200||au||
3230954496||3230967295||1109653200||au||
3230981888||3230983935||1109653200||au||
3230995456||3230995711||1109653200||au||
3230999552||3230999807||1109653200||au||
3231004160||3231004415||1109653200||au||
3231028480||3231028735||1109653200||au||
3231080448||3231080703||1109653200||au||
3231083264||3231083519||1109653200||au||
3231088896||3231091711||1109653200||au||
3231107072||3231107327||1109653200||au||
3231107584||3231107839||1109653200||au||
3231115776||3231116799||1109653200||au||
3231118848||3231119103||1109653200||au||
3231208960||3231209471||1109653200||au||
3231217408||3231217663||1109653200||au||
3231223808||3231224063||1109653200||au||
3231224320||3231224575||1109653200||au||
3231237376||3231237631||1109653200||au||
3231254784||3231255039||1109653200||au||
3231276288||3231276543||1109653200||au||
3231292928||3231293183||1109653200||au||
3231302656||3231303167||1109653200||au||
3231502080||3231502591||1109653200||au||
3231512832||3231513087||1109653200||au||
3231715328||3231715583||1109653200||au||
3231716096||3231716351||1109653200||au||
3231729408||3231729663||1109653200||au||
3231750912||3231751167||1109653200||au||
3231754496||3231755263||1109653200||au||
3231763712||3231763967||1109653200||au||
3231769856||3231770111||1109653200||au||
3233572096||3233572351||1109653200||au||
3233573632||3233573887||1109653200||au||
3233575680||3233575935||1109653200||au||
3233579008||3233579263||1109653200||au||
3233584896||3233585151||1109653200||au||
3233593856||3233594111||1109653200||au||
3233625600||3233625855||1109653200||au||
3233635840||3233636095||1109653200||au||
3233646592||3233646847||1109653200||au||
3233649664||3233649919||1109653200||au||
3233652480||3233652735||1109653200||au||
3233665024||3233666047||1109653200||au||
3233670400||3233671679||1109653200||au||
3233692928||3233693183||1109653200||au||
3233694208||3233694463||1109653200||au||
3233723392||3233723903||1109653200||au||
3233730560||3233732607||1109653200||au||
3234005504||3234005759||1109653200||au||
3234007552||3234007807||1109653200||au||
3234013696||3234013951||1109653200||au||
3234016256||3234019327||1109653200||au||
3234031104||3234031359||1109653200||au||
3234033664||3234033919||1109653200||au||
3234043904||3234044159||1109653200||au||
3234048512||3234048767||1109653200||au||
3234055424||3234055679||1109653200||au||
3234064640||3234064895||1109653200||au||
3234275328||3234279423||1109653200||au||
3234539008||3234539519||1109653200||au||
3234569216||3234569727||1109653200||au||
3234574336||3234574591||1109653200||au||
3234578688||3234578943||1109653200||au||
3234583808||3234584063||1109653200||au||
3234589440||3234589695||1109653200||au||
3234753536||3234753791||1109653200||au||
3234755840||3234756095||1109653200||au||
3234799872||3234800127||1109653200||au||
3234800640||3234800895||1109653200||au||
3234816000||3234816767||1109653200||au||
3234820352||3234820607||1109653200||au||
3234821888||3234822655||1109653200||au||
3234830080||3234832127||1109653200||au||
3234832640||3234832895||1109653200||au||
3234833664||3234833919||1109653200||au||
3234839296||3234839551||1109653200||au||
3234841856||3234842367||1109653200||au||
3234854912||3234855167||1109653200||au||
3236372992||3236373247||1109653200||au||
3236379392||3236379647||1109653200||au||
3236384000||3236384255||1109653200||au||
3236396800||3236397055||1109653200||au||
3236398848||3236399615||1109653200||au||
3236401152||3236401407||1109653200||au||
3236406784||3236407551||1109653200||au||
3236413696||3236413951||1109653200||au||
3236416256||3236416511||1109653200||au||
3236418304||3236418815||1109653200||au||
3236419584||3236419839||1109653200||au||
3236420096||3236420351||1109653200||au||
3236438016||3236446207||1109653200||au||
3236462592||3236470783||1109653200||au||
3236620032||3236620287||1109653200||au||
3236623616||3236623871||1109653200||au||
3236823296||3236825855||1109653200||au||
3236958208||3236962303||1109653200||au||
3237284608||3237284863||1109653200||au||
3237285120||3237285631||1109653200||au||
3237290496||3237291007||1109653200||au||
3237308672||3237310719||1109653200||au||
3237330944||3237331199||1109653200||au||
3237335552||3237337599||1109653200||au||
3237337856||3237338111||1109653200||au||
3237712896||3237713151||1109653200||au||
3237724928||3237725183||1109653200||au||
3237726464||3237726719||1109653200||au||
3237727232||3237728255||1109653200||au||
3237733632||3237733887||1109653200||au||
3262474240||3262474255||1109653200||au||
3262474260||3262474263||1109653200||au||
3262474268||3262474271||1109653200||au||
3262474276||3262474367||1109653200||au||
3262474372||3262474395||1109653200||au||
3262474400||3262474463||1109653200||au||
3262474468||3262474495||1109653200||au||
3275650592||3275650655||1109653200||au||
3275650688||3275650751||1109653200||au||
3278942212||3278942227||1109653200||au||
3278942232||3278942243||1109653200||au||
3278942248||3278942255||1109653200||au||
3278942260||3278942271||1109653200||au||
3278942276||3278942291||1109653200||au||
3278942300||3278942355||1109653200||au||
3278942360||3278942383||1109653200||au||
3278942388||3278942399||1109653200||au||
3278942404||3278942435||1109653200||au||
3278942440||3278942443||1109653200||au||
3278942448||3278942455||1109653200||au||
3280658176||3280658431||1109653200||au||
3285547072||3285547135||1109653200||au||
3300921344||3300925439||1109653200||au||
3300929536||3300933631||1109653200||au||
3300935680||3300937727||1109653200||au||
3300938752||3300941823||1109653200||au||
3300945920||3301441535||1109653200||au||
3322875904||3322888191||1109653200||au||
3323030016||3323030271||1109653200||au||
3323031808||3323032575||1109653200||au||
3323064320||3323064831||1109653200||au||
3323339264||3323339519||1109653200||au||
3323342592||3323343615||1109653200||au||
3323346176||3323346431||1109653200||au||
3325108224||3325110271||1109653200||au||
3325122304||3325122559||1109653200||au||
3325131776||3325132031||1109653200||au||
3325232128||3325233151||1109653200||au||
3325256704||3325256959||1109653200||au||
3325278720||3325278975||1109653200||au||
3325281280||3325281535||1109653200||au||
3325284864||3325285375||1109653200||au||
3325888512||3325890559||1109653200||au||
3331194880||3331260415||1109653200||au||
3388997632||3389001727||1109653200||au||
3389014016||3389014271||1109653200||au||
3389014784||3389015807||1109653200||au||
3389016576||3389017087||1109653200||au||
3389018624||3389019135||1109653200||au||
3389019392||3389020159||1109653200||au||
3389020672||3389020927||1109653200||au||
3389021184||3389021439||1109653200||au||
3389021952||3389022463||1109653200||au||
3389022720||3389023231||1109653200||au||
3389023488||3389023999||1109653200||au||
3389024512||3389025791||1109653200||au||
3389026560||3389027327||1109653200||au||
3389035520||3389035775||1109653200||au||
3389037056||3389037567||1109653200||au||
3389044736||3389045759||1109653200||au||
3389063168||3389064447||1109653200||au||
3389067264||3389071359||1109653200||au||
3389092864||3389093887||1109653200||au||
3389120512||3389122559||1109653200||au||
3389128704||3389129727||1109653200||au||
3389132800||3389136895||1109653200||au||
3389143040||3389145087||1109653200||au||
3389194240||3389195775||1109653200||au||
3389196288||3389197567||1109653200||au||
3389202432||3389211647||1109653200||au||
3389212672||3389213439||1109653200||au||
3389214208||3389214719||1109653200||au||
3389218816||3389227007||1109653200||au||
3389228032||3389228799||1109653200||au||
3389229312||3389229567||1109653200||au||
3389243392||3389247487||1109653200||au||
3389266176||3389266431||1109653200||au||
3389266944||3389267967||1109653200||au||
3389276160||3389284351||1109653200||au||
3389317120||3389322239||1109653200||au||
3389323264||3389323775||1109653200||au||
3389324032||3389324287||1109653200||au||
3389325312||3389326335||1109653200||au||
3389326848||3389327359||1109653200||au||
3389349888||3389358079||1109653200||au||
3389366272||3389374463||1109653200||au||
3389391616||3389392127||1109653200||au||
3389392896||3389410047||1109653200||au||
3389410304||3389411327||1109653200||au||
3389411584||3389412351||1109653200||au||
3389412864||3389413119||1109653200||au||
3389413376||3389413887||1109653200||au||
3389414144||3389414911||1109653200||au||
3389417984||3389418239||1109653200||au||
3389418496||3389418751||1109653200||au||
3389419520||3389421567||1109653200||au||
3389422592||3389431807||1109653200||au||
3389454336||3389455359||1109653200||au||
3389456896||3389457407||1109653200||au||
3389458432||3389460479||1109653200||au||
3389472768||3389480959||1109653200||au||
3389493248||3389521919||1109653200||au||
3389526016||3389528319||1109653200||au||
3389530112||3389532159||1109653200||au||
3389545472||3389545727||1109653200||au||
3389546496||3389554687||1109653200||au||
3389579234||3389579263||1109653200||au||
3389587456||3389603839||1109653200||au||
3389644800||3389661183||1109653200||au||
3389673472||3389677567||1109653200||au||
3389685760||3389718527||1109653200||au||
3389784320||3389784575||1109653200||au||
3389789696||3389790719||1109653200||au||
3389791232||3389791743||1109653200||au||
3389792000||3389801983||1109653200||au||
3389802240||3389802751||1109653200||au||
3389803264||3389803519||1109653200||au||
3389806080||3389807359||1109653200||au||
3389807616||3389808127||1109653200||au||
3389809152||3389809919||1109653200||au||
3389811200||3389811711||1109653200||au||
3389811968||3389813759||1109653200||au||
3389814528||3389815295||1109653200||au||
3389816064||3389846271||1109653200||au||
3389915136||3389917183||1109653200||au||
3389931520||3389932287||1109653200||au||
3389934592||3389935615||1109653200||au||
3389935872||3389936127||1109653200||au||
3389937920||3389938175||1109653200||au||
3389939456||3389939711||1109653200||au||
3389940224||3389940479||1109653200||au||
3389940992||3389941247||1109653200||au||
3389941760||3389942271||1109653200||au||
3389943296||3389944319||1109653200||au||
3389945344||3389947647||1109653200||au||
3389947904||3389949695||1109653200||au||
3389950208||3389950975||1109653200||au||
3389951744||3389953279||1109653200||au||
3389953792||3389954303||1109653200||au||
3389954816||3389956607||1109653200||au||
3389957632||3389957887||1109653200||au||
3389958400||3389970431||1109653200||au||
3389971200||3389971967||1109653200||au||
3389972224||3389972479||1109653200||au||
3389973760||3389975295||1109653200||au||
3389976320||3389979647||1109653200||au||
3390310400||3390316543||1109653200||au||
3390325504||3390327807||1109653200||au||
3390329088||3390329343||1109653200||au||
3390333440||3390333695||1109653200||au||
3390336512||3390337023||1109653200||au||
3390375936||3390377983||1109653200||au||
3390480384||3390484479||1109653200||au||
3391523584||3391523839||1109653200||au||
3391524864||3391525375||1109653200||au||
3391525888||3391526143||1109653200||au||
3391528192||3391528959||1109653200||au||
3391529472||3391529983||1109653200||au||
3391660800||3391661055||1109653200||au||
3391688192||3391688703||1109653200||au||
3391719168||3391719423||1109653200||au||
3391721472||3391721727||1109653200||au||
3391734016||3391734783||1109653200||au||
3391746048||3391750143||1109653200||au||
3391815680||3391819775||1109653200||au||
3391823872||3391832063||1109653200||au||
3391848448||3391856639||1109653200||au||
3391873024||3391877119||1109653200||au||
3391900416||3391901695||1109653200||au||
3391906304||3391906815||1109653200||au||
3391910912||3391911935||1109653200||au||
3391916288||3391916543||1109653200||au||
3391920128||3391930367||1109653200||au||
3391947520||3391947775||1109653200||au||
3391950080||3391950335||1109653200||au||
3391971328||3391979519||1109653200||au||
3391987712||3391991807||1109653200||au||
3392017920||3392018431||1109653200||au||
3392020480||3392028671||1109653200||au||
3392046080||3392049151||1109653200||au||
3392077824||3392081919||1109653200||au||
3392086016||3392094207||1109653200||au||
3392106496||3392109567||1109653200||au||
3392112128||3392112639||1109653200||au||
3392114176||3392114687||1109653200||au||
3392354304||3392356351||1109653200||au||
3392380928||3392385023||1109653200||au||
3392403456||3392404479||1109653200||au||
3392406016||3392407551||1109653200||au||
3392413696||3392421887||1109653200||au||
3392472064||3392473087||1109653200||au||
3392479232||3392487423||1109653200||au||
3392520192||3392524287||1109653200||au||
3392638976||3392643071||1109653200||au||
3392668672||3392669695||1109653200||au||
3392675840||3392684031||1109653200||au||
3392692224||3392700415||1109653200||au||
3392708608||3392712703||1109653200||au||
3392799232||3392800767||1109653200||au||
3392806912||3392815103||1109653200||au||
3392832512||3392835583||1109653200||au||
3392839680||3392847871||1109653200||au||
3392864512||3392866303||1109653200||au||
3392868352||3392880639||1109653200||au||
3392888832||3392892927||1109653200||au||
3392901120||3392905215||1109653200||au||
3392942080||3392954367||1109653200||au||
3392958464||3392962559||1109653200||au||
3392995840||3392997375||1109653200||au||
3392998400||3392999423||1109653200||au||
3393028096||3393060863||1109653200||au||
3393069056||3393077247||1109653200||au||
3393090560||3393091071||1109653200||au||
3393093632||3393101823||1109653200||au||
3393105920||3393110015||1109653200||au||
3393124352||3393126399||1109653200||au||
3393134592||3393146879||1109653200||au||
3393189888||3393191423||1109653200||au||
3393260032||3393265663||1109653200||au||
3393273856||3393282047||1109653200||au||
3393298432||3393302527||1109653200||au||
3393389568||3393390591||1109653200||au||
3393404928||3393421311||1109653200||au||
3393470464||3393474559||1109653200||au||
3393495040||3393499135||1109653200||au||
3393520640||3393521663||1109653200||au||
3393553408||3393554431||1109653200||au||
3393572864||3393576959||1109653200||au||
3393585152||3393593343||1109653200||au||
3393622016||3393626111||1109653200||au||
3393658880||3393662975||1109653200||au||
3393691648||3393695743||1109653200||au||
3393724416||3393728511||1109653200||au||
3393732608||3393736703||1109653200||au||
3393748992||3393765375||1109653200||au||
3393773568||3393777663||1109653200||au||
3393779712||3393780735||1109653200||au||
3393782784||3393783807||1109653200||au||
3393815552||3393816575||1109653200||au||
3393848320||3393849343||1109653200||au||
3393863680||3393867775||1109653200||au||
3393880064||3393896447||1109653200||au||
3393906688||3393908735||1109653200||au||
3393910784||3393912319||1109653200||au||
3393913856||3393914879||1109653200||au||
3393976320||3393977343||1109653200||au||
3394011136||3394027519||1109653200||au||
3394041856||3394042879||1109653200||au||
3394064384||3394068479||1109653200||au||
3394078720||3394079743||1109653200||au||
3394117632||3394121727||1109653200||au||
3394168832||3394170879||1109653200||au||
3394172928||3394173951||1109653200||au||
3394179072||3394183167||1109653200||au||
3394215936||3394220031||1109653200||au||
3394232320||3394236415||1109653200||au||
3394238464||3394239487||1109653200||au||
3394256896||3394269183||1109653200||au||
3394277376||3394281471||1109653200||au||
3394285568||3394289663||1109653200||au||
3394307072||3394308095||1109653200||au||
3394310144||3394314239||1109653200||au||
3394322432||3394326527||1109653200||au||
3394330624||3394338815||1109653200||au||
3394359296||3394363391||1109653200||au||
3394437120||3394438143||1109653200||au||
3394453504||3394461695||1109653200||au||
3394465792||3394469887||1109653200||au||
3394482176||3394486271||1109653200||au||
3394500608||3394501631||1109653200||au||
3394507264||3394508799||1109653200||au||
3394519040||3394523135||1109653200||au||
3394629632||3394631679||1109653200||au||
3394634752||3394635775||1109653200||au||
3394641920||3394650111||1109653200||au||
3394662400||3394666495||1109653200||au||
3394686976||3394691071||1109653200||au||
3394697216||3394699263||1109653200||au||
3394700288||3394707455||1109653200||au||
3394740224||3394744319||1109653200||au||
3394752512||3394756607||1109653200||au||
3394760704||3394764799||1109653200||au||
3394813952||3394815999||1109653200||au||
3394831360||3394834431||1109653200||au||
3394836480||3394838527||1109653200||au||
3394871296||3394879487||1109653200||au||
3394883584||3394887679||1109653200||au||
3394891776||3394894847||1109653200||au||
3394896896||3394899967||1109653200||au||
3394908160||3394912255||1109653200||au||
3394936832||3394940927||1109653200||au||
3394957312||3394960383||1109653200||au||
3394962432||3394965503||1109653200||au||
3394967552||3394969599||1109653200||au||
3394995200||3394998271||1109653200||au||
3395010560||3395014655||1109653200||au||
3395027968||3395031039||1109653200||au||
3395035136||3395039231||1109653200||au||
3395043328||3395059711||1109653200||au||
3395080192||3395084287||1109653200||au||
3395088384||3395091455||1109653200||au||
3395093504||3395096575||1109653200||au||
3395117056||3395121151||1109653200||au||
3395129344||3395141631||1109653200||au||
3395153920||3395156991||1109653200||au||
3395166208||3395170303||1109653200||au||
3395174400||3395182591||1109653200||au||
3395284992||3395288063||1109653200||au||
3396995072||3396997119||1109653200||au||
3396999168||3397001215||1109653200||au||
3397003264||3397005311||1109653200||au||
3397023744||3397025791||1109653200||au||
3397026048||3397029887||1109653200||au||
3397083136||3397087231||1109653200||au||
3397105664||3397107711||1109653200||au||
3397128192||3397136383||1109653200||au||
3397140480||3397148671||1109653200||au||
3397152768||3397156863||1109653200||au||
3397185536||3397201919||1109653200||au||
3397230592||3397238783||1109653200||au||
3397259264||3397263359||1109653200||au||
3397275648||3397287935||1109653200||au||
3397308416||3397312511||1109653200||au||
3397316608||3397320703||1109653200||au||
3397328896||3397330943||1109653200||au||
3397341184||3397345279||1109653200||au||
3397349376||3397353471||1109653200||au||
3397363712||3397369855||1109653200||au||
3397410816||3397419007||1109653200||au||
3397468160||3397492735||1109653200||au||
3397496832||3397500927||1109653200||au||
3397566464||3397574655||1109653200||au||
3397584896||3397591039||1109653200||au||
3397595136||3397599231||1109653200||au||
3397603328||3397607423||1109653200||au||
3397632000||3397636095||1109653200||au||
3397713920||3397722111||1109653200||au||
3397726208||3397730303||1109653200||au||
3397742592||3397746687||1109653200||au||
3397780480||3397795839||1109653200||au||
3397836800||3397844991||1109653200||au||
3397918720||3397926911||1109653200||au||
3397935104||3397951487||1109653200||au||
3397963776||3397975039||1109653200||au||
3397992448||3398008831||1109653200||au||
3398017024||3398040575||1109653200||au||
3398041600||3398066175||1109653200||au||
3398090752||3398098943||1109653200||au||
3398107136||3398156287||1109653200||au||
3398164480||3398172671||1109653200||au||
3398279168||3398287359||1109653200||au||
3398291456||3398295551||1109653200||au||
3398304768||3398320127||1109653200||au||
3398336512||3398344703||1109653200||au||
3398361088||3398369279||1109653200||au||
3398369792||3398377471||1109653200||au||
3398381568||3398393855||1109653200||au||
3398397952||3398402047||1109653200||au||
3398475776||3398483967||1109653200||au||
3398488064||3398492159||1109653200||au||
3398504448||3398508543||1109653200||au||
3398567424||3398574079||1109653200||au||
3398606848||3398615039||1109653200||au||
3398619136||3398623231||1109653200||au||
3398631424||3398636287||1109653200||au||
3398636352||3398636367||1109653200||au||
3398636384||3398636415||1109653200||au||
3398636528||3398636543||1109653200||au||
3398636752||3398636767||1109653200||au||
3398636800||3398638079||1109653200||au||
3398638144||3398638159||1109653200||au||
3398638168||3398638175||1109653200||au||
3398638208||3398638719||1109653200||au||
3398639616||3398640895||1109653200||au||
3398641040||3398641055||1109653200||au||
3398641152||3398642511||1109653200||au||
3398642528||3398642559||1109653200||au||
3398642624||3398642639||1109653200||au||
3398642656||3398643231||1109653200||au||
3398643248||3398646783||1109653200||au||
3398647040||3398672383||1109653200||au||
3398684672||3398688767||1109653200||au||
3398709248||3398721535||1109653200||au||
3398729728||3398737919||1109653200||au||
3398742016||3398746111||1109653200||au||
3398750208||3398770687||1109653200||au||
3398819840||3398828031||1109653200||au||
3398832128||3398836223||1109653200||au||
3398840320||3398844415||1109653200||au||
3398856704||3398860799||1109653200||au||
3398873088||3398885375||1109653200||au||
3398894592||3398902015||1109653200||au||
3398902272||3398909951||1109653200||au||
3398938624||3398942719||1109653200||au||
3399004160||3399008255||1109653200||au||
3399012352||3399016447||1109653200||au||
3399025664||3399032831||1109653200||au||
3399036928||3399049215||1109653200||au||
3399077888||3399081983||1109653200||au||
3399099648||3399099903||1109653200||au||
3399100720||3399100735||1109653200||au||
3399100752||3399100799||1109653200||au||
3399100864||3399100879||1109653200||au||
3399100896||3399100927||1109653200||au||
3399101952||3399101983||1109653200||au||
3399102080||3399102111||1109653200||au||
3399102128||3399102207||1109653200||au||
3399102288||3399102399||1109653200||au||
3399102432||3399102463||1109653200||au||
3399102720||3399102975||1109653200||au||
3399106560||3399122943||1109653200||au||
3399196672||3399204863||1109653200||au||
3399217152||3399221247||1109653200||au||
3399389184||3399393279||1109653200||au||
3399401472||3399417855||1109653200||au||
3399507968||3399524351||1109653200||au||
3399548928||3399557119||1109653200||au||
3399565312||3399581695||1109653200||au||
3399593984||3399598079||1109653200||au||
3399630848||3399643135||1109653200||au||
3399659520||3399663615||1109653200||au||
3399712768||3399720959||1109653200||au||
3399725056||3399729151||1109653200||au||
3399749632||3399753727||1109653200||au||
3399778304||3399786495||1109653200||au||
3399794688||3399811071||1109653200||au||
3399823360||3399835647||1109653200||au||
3399839744||3399843839||1109653200||au||
3399852032||3399860223||1109653200||au||
3399864320||3399868415||1109653200||au||
3399921664||3399925759||1109653200||au||
3399974912||3399979007||1109653200||au||
3399995392||3399999487||1109653200||au||
3400003584||3400024063||1109653200||au||
3400028160||3400048639||1109653200||au||
3400060928||3400065023||1109653200||au||
3400077312||3400081407||1109653200||au||
3400097792||3400105983||1109653200||au||
3400114176||3400122367||1109653200||au||
3400134656||3400138751||1109653200||au||
3400151040||3400155135||1109653200||au||
3400167424||3400183807||1109653200||au||
3400187904||3400196095||1109653200||au||
3400228864||3400237055||1109653200||au||
3400245248||3400253439||1109653200||au||
3400257536||3400268799||1109653200||au||
3400270848||3400278015||1109653200||au||
3400294400||3400310783||1109653200||au||
3400336384||3400343551||1109653200||au||
3400364032||3400392703||1109653200||au||
3400401920||3400413183||1109653200||au||
3400421376||3400433663||1109653200||au||
3400445952||3400450047||1109653200||au||
3400458240||3400466431||1109653200||au||
3400531968||3400536063||1109653200||au||
3400605696||3400609791||1109653200||au||
3400691712||3400695807||1109653200||au||
3400773632||3400777727||1109653200||au||
3400790016||3400794111||1109653200||au||
3400806400||3400810495||1109653200||au||
3400826880||3400835071||1109653200||au||
3400847360||3400867839||1109653200||au||
3400876032||3400884223||1109653200||au||
3400888320||3400892415||1109653200||au||
3400933376||3400966143||1109653200||au||
3401015296||3401023487||1109653200||au||
3401400320||3401408511||1109653200||au||
3401428992||3401433087||1109653200||au||
3401515520||3401519103||1109653200||au||
3401527296||3401531391||1109653200||au||
3401539584||3401547775||1109653200||au||
3405774848||3405934591||1109653200||au||
3405936640||3406071807||1109653200||au||
3406073856||3406077951||1109653200||au||
3406078208||3406591487||1109653200||au||
3406591744||3406625023||1109653200||au||
3406625280||3406950399||1109653200||au||
3406951424||3407045887||1109653200||au||
3407046144||3407157607||1109653200||au||
3407157644||3407157695||1109653200||au||
3407157700||3407157703||1109653200||au||
3407157716||3407157723||1109653200||au||
3407158016||3407158063||1109653200||au||
3407158080||3407158095||1109653200||au||
3407158112||3407158143||1109653200||au||
3407158152||3407158167||1109653200||au||
3407158176||3407158239||1109653200||au||
3407158272||3407159047||1109653200||au||
3407159072||3407159075||1109653200||au||
3407159080||3407159087||1109653200||au||
3407159096||3407159111||1109653200||au||
3407159160||3407159163||1109653200||au||
3407159168||3407159183||1109653200||au||
3407159188||3407159207||1109653200||au||
3407159216||3407159231||1109653200||au||
3407159240||3407159255||1109653200||au||
3407159260||3407159263||1109653200||au||
3407159296||3407243263||1109653200||au||
3407243776||3407268863||1109653200||au||
3407269120||3407524607||1109653200||au||
3407524864||3407608715||1109653200||au||
3407608737||3407828991||1109653200||au||
3407829504||3407837183||1109653200||au||
3407837440||3407907839||1109653200||au||
3407908096||3409418495||1109653200||au||
3409418752||3409505023||1109653200||au||
3409505280||3409510367||1109653200||au||
3409510384||3409969151||1109653200||au||
3410755584||3410771967||1109653200||au||
3410792448||3410796543||1109653200||au||
3410862080||3410870271||1109653200||au||
3410890752||3410894847||1109653200||au||
3410915328||3410919423||1109653200||au||
3410931712||3410935807||1109653200||au||
3410939904||3410943999||1109653200||au||
3410956288||3410960383||1109653200||au||
3411018752||3411034111||1109653200||au||
3411050496||3411066879||1109653200||au||
3411083264||3411086335||1109653200||au||
3411111936||3411116031||1109653200||au||
3411128320||3411132415||1109653200||au||
3411144704||3411147775||1109653200||au||
3411149312||3411156991||1109653200||au||
3411173376||3411181567||1109653200||au||
3411189760||3411197951||1109653200||au||
3411202048||3411213311||1109653200||au||
3411215360||3411222527||1109653200||au||
3411226624||3411230719||1109653200||au||
3411263488||3411278847||1109653200||au||
3411296256||3411312639||1109653200||au||
3411313152||3411320831||1109653200||au||
3411337216||3411345407||1109653200||au||
3411464192||3411475455||1109653200||au||
3411476480||3411509247||1109653200||au||
3411542016||3411550207||1109653200||au||
3411570688||3411574783||1109653200||au||
3411587072||3411591167||1109653200||au||
3411599360||3411607551||1109653200||au||
3411608576||3411615743||1109653200||au||
3411623936||3411640319||1109653200||au||
3411656704||3411673087||1109653200||au||
3411674112||3411681279||1109653200||au||
3411738624||3411746815||1109653200||au||
3411755008||3411763199||1109653200||au||
3411767296||3411771391||1109653200||au||
3411795968||3411804159||1109653200||au||
3411805184||3411812351||1109653200||au||
3411857408||3411869695||1109653200||au||
3411943424||3411951615||1109653200||au||
3411968000||3411984383||1109653200||au||
3412002816||3412008959||1109653200||au||
3412029440||3412033535||1109653200||au||
3412107264||3412115455||1109653200||au||
3412123648||3412131839||1109653200||au||
3412213760||3412230143||1109653200||au||
3412246528||3412254719||1109653200||au||
3412262912||3412271103||1109653200||au||
3412273152||3412275199||1109653200||au||
3412281344||3412287487||1109653200||au||
3412320256||3412328191||1109653200||au||
3412328448||3412336639||1109653200||au||
3412340736||3412344831||1109653200||au||
3412348928||3412353023||1109653200||au||
3412361216||3412369407||1109653200||au||
3412377600||3412381695||1109653200||au||
3412385792||3412393983||1109653200||au||
3412451328||3412606975||1109653200||au||
3412705280||3412713471||1109653200||au||
3412852736||3412926463||1109653200||au||
3413016576||3413024767||1109653200||au||
3413032960||3413098495||1109653200||au||
3413102592||3413106687||1109653200||au||
3413110784||3413114879||1109653200||au||
3413131264||3413135359||1109653200||au||
3413139456||3413147647||1109653200||au||
3413229568||3413245951||1109653200||au||
3413295104||3413303295||1109653200||au||
3413565440||3413573887||1109653200||au||
3413576704||3413576959||1109653200||au||
3413577216||3413579007||1109653200||au||
3413584128||3413639167||1109653200||au||
3413753856||3413770239||1109653200||au||
3413786624||3413835775||1109653200||au||
3413848064||3413868543||1109653200||au||
3413884928||3413893119||1109653200||au||
3413902336||3413925887||1109653200||au||
3413946368||3413950463||1109653200||au||
3414171648||3414179839||1109653200||au||
3414188032||3414196223||1109653200||au||
3414204416||3414227967||1109653200||au||
3414230016||3414245375||1109653200||au||
3414253568||3414278143||1109653200||au||
3414302720||3414327295||1109653200||au||
3414335488||3414343679||1109653200||au||
3414360064||3414376447||1109653200||au||
3414413312||3414417407||1109653200||au||
3414425600||3414458367||1109653200||au||
3414466560||3414474751||1109653200||au||
3414478848||3414491135||1109653200||au||
3414532096||3414555647||1109653200||au||
3414556672||3414621183||1109653200||au||
3414646784||3414654975||1109653200||au||
3414663168||3414671359||1109653200||au||
3415089152||3415105535||1109653200||au||
3415113728||3415146495||1109653200||au||
3415162880||3415179263||1109653200||au||
3415187456||3415220223||1109653200||au||
3415224320||3415228415||1109653200||au||
3415285760||3415293951||1109653200||au||
3415302144||3415310335||1109653200||au||
3415326720||3415334911||1109653200||au||
3415425024||3415437311||1109653200||au||
3415441408||3415474175||1109653200||au||
3415490560||3415506943||1109653200||au||
3415556096||3415572479||1109653200||au||
3415752704||3415760895||1109653200||au||
3415777280||3415801855||1109653200||au||
3415802880||3415818239||1109653200||au||
3415822336||3415834623||1109653200||au||
3415838720||3415867391||1109653200||au||
3416131584||3416154111||1109653200||au||
3416261120||3416268799||1109653200||au||
3416272896||3416276991||1109653200||au||
3416289280||3416293375||1109653200||au||
3416297472||3416301567||1109653200||au||
3416327168||3416383487||1109653200||au||
3416514560||3416588287||1109653200||au||
3416653824||3416679543||1109653200||au||
3416679552||3416684175||1109653200||au||
3416684184||3416686591||1109653200||au||
3416694784||3416719359||1109653200||au||
3416727552||3416735743||1109653200||au||
3416793088||3416801279||1109653200||au||
3416851456||3416858623||1109653200||au||
3416862720||3416866815||1109653200||au||
3416915968||3416932351||1109653200||au||
3416936448||3416948735||1109653200||au||
3416982528||3417014271||1109653200||au||
3417022464||3417046015||1109653200||au||
3417112576||3417128959||1109653200||au||
3417133056||3417145343||1109653200||au||
3417179136||3417194495||1109653200||au||
3417198592||3417227263||1109653200||au||
3417244672||3417260031||1109653200||au||
3417264128||3417268223||1109653200||au||
3417272320||3417276415||1109653200||au||
3417284608||3417292799||1109653200||au||
3417333760||3417341951||1109653200||au||
3417849856||3417866239||1109653200||au||
3417939968||3417964543||1109653200||au||
3418062848||3418071039||1109653200||au||
3418128384||3418136575||1109653200||au||
3418144768||3418157055||1109653200||au||
3418161664||3418177535||1109653200||au||
3418181632||3418193919||1109653200||au||
3418206208||3418218495||1109653200||au||
3418227712||3418234879||1109653200||au||
3418235904||3418243071||1109653200||au||
3418251264||3418259455||1109653200||au||
3418271744||3418291711||1109653200||au||
3418292736||3418300415||1109653200||au||
3418300928||3418308607||1109653200||au||
3418326016||3418357759||1109653200||au||
3418374144||3418382335||1109653200||au||
3418390528||3418392831||1109653200||au||
3418393088||3418393911||1109653200||au||
3418393920||3418394111||1109653200||au||
3418395136||3418395903||1109653200||au||
3418396416||3418401535||1109653200||au||
3418401600||3418401631||1109653200||au||
3418401648||3418403327||1109653200||au||
3418403584||3418405631||1109653200||au||
3418405664||3418405695||1109653200||au||
3418405760||3418405855||1109653200||au||
3418405888||3418406911||1109653200||au||
3418472448||3418505215||1109653200||au||
3418517504||3418521599||1109653200||au||
3418583040||3418587135||1109653200||au||
3418621952||3418644479||1109653200||au||
3418947584||3418996735||1109653200||au||
3419013120||3419062271||1109653200||au||
3419070464||3419078655||1109653200||au||
3419238400||3419242495||1109653200||au||
3419275264||3419340799||1109653200||au||
3419344896||3419357183||1109653200||au||
3419411456||3419439103||1109653200||au||
3419508736||3419537407||1109653200||au||
3419541504||3419570175||1109653200||au||
3419611136||3419619327||1109653200||au||
3419623424||3419635711||1109653200||au||
3419672576||3419684863||1109653200||au||
3419688960||3419717631||1109653200||au||
3419734016||3419783167||1109653200||au||
3419791360||3419881471||1109653200||au||
3419897856||3419906047||1109653200||au||
3419914240||3419926527||1109653200||au||
3419971584||3419979775||1109653200||au||
3419996160||3420020735||1109653200||au||
3420127232||3420323839||1109653200||au||
3420332032||3420334591||1109653200||au||
3420334624||3420334639||1109653200||au||
3420334644||3420334647||1109653200||au||
3420335641||3420335647||1109653200||au||
3420337644||3420337647||1109653200||au||
3420337664||3420337727||1109653200||au||
3420337744||3420337835||1109653200||au||
3420337840||3420340019||1109653200||au||
3420340024||3420340143||1109653200||au||
3420340160||3420365823||1109653200||au||
3420365856||3420365887||1109653200||au||
3420366060||3420366063||1109653200||au||
3420366472||3420366591||1109653200||au||
3420366880||3420366911||1109653200||au||
3420367632||3420367647||1109653200||au||
3420367744||3420367807||1109653200||au||
3420367872||3420368015||1109653200||au||
3420368032||3420368063||1109653200||au||
3420368068||3420368639||1109653200||au||
3420369008||3420369023||1109653200||au||
3420369056||3420369087||1109653200||au||
3420369140||3420369143||1109653200||au||
3420369264||3420369279||1109653200||au||
3420369408||3420370431||1109653200||au||
3420370528||3420370687||1109653200||au||
3420371200||3420371455||1109653200||au||
3420371776||3420372223||1109653200||au||
3420372480||3420372991||1109653200||au||
3420377088||3420389375||1109653200||au||
3420393472||3420397567||1109653200||au||
3420401664||3420405759||1109653200||au||
3420409856||3420422143||1109653200||au||
3420430336||3420438527||1109653200||au||
3427763456||3427763711||1109653200||au||
3491971752||3491971759||1109653200||au||
3492005464||3492005487||1109653200||au||
3508118528||3508118559||1109653200||au||
3510020096||3510021119||1109653200||au||
3521086208||3521086463||1109653200||au||
3523215360||3523248127||1109653200||au||
3523317760||3523338239||1109653200||au||
3523342336||3523411967||1109653200||au||
3523497984||3523510271||1109653200||au||
3523518464||3523526655||1109653200||au||
3523530752||3523543039||1109653200||au||
3523555328||3523559423||1109653200||au||
3523579904||3523592191||1109653200||au||
3523682304||3523690495||1109653200||au||
3523698864||3523698879||1109653200||au||
3523698944||3523698975||1109653200||au||
3523699008||3523699071||1109653200||au||
3523699712||3523700223||1109653200||au||
3523700288||3523700351||1109653200||au||
3523700416||3523700671||1109653200||au||
3523700680||3523700735||1109653200||au||
3523701760||3523702783||1109653200||au||
3523702848||3523702871||1109653200||au||
3523702912||3523703039||1109653200||au||
3523703104||3523704703||1109653200||au||
3523704720||3523704751||1109653200||au||
3523704784||3523704791||1109653200||au||
3523704840||3523707135||1109653200||au||
3523707904||3523713279||1109653200||au||
3523713536||3523714943||1109653200||au||
3523715008||3523723263||1109653200||au||
3523725312||3523731455||1109653200||au||
3523731504||3523731519||1109653200||au||
3523731568||3523731583||1109653200||au||
3523731616||3523737599||1109653200||au||
3523738112||3523739135||1109653200||au||
3523739456||3523739519||1109653200||au||
3523739552||3523739575||1109653200||au||
3523739648||3524001791||1109653200||au||
3524145152||3524149247||1109653200||au||
3524157440||3524173823||1109653200||au||
3524247552||3524263935||1109653200||au||
3524444160||3524460543||1109653200||au||
3524726784||3524739071||1109653200||au||
3524743168||3524747263||1109653200||au||
3524755456||3524763647||1109653200||au||
3526393856||3526410239||1109653200||au||
3526414336||3526557695||1109653200||au||
3526897664||3526918143||1109653200||au||
3526922240||3526934527||1109653200||au||
3526942720||3526950911||1109653200||au||
3527004160||3527016447||1109653200||au||
3528396800||3528409087||1109653200||au||
3528441856||3528450047||1109653200||au||
3528491008||3528505007||1109653200||au||
3528505024||3528507391||1109653200||au||
3528720384||3528785919||1109653200||au||
3528908800||3528933375||1109653200||au||
3528966144||3528978431||1109653200||au||
3529056256||3529072639||1109653200||au||
3529080832||3529097215||1109653200||au||
3535355904||3535372287||1109653200||au||
3535380480||3535388671||1109653200||au||
3535814656||3535822847||1109653200||au||
3535896576||3535929343||1109653200||au||
3537018880||3537043455||1109653200||au||
3537047552||3537076223||1109653200||au||
3537305600||3537371135||1109653200||au||
3539435520||3539468287||1109653200||au||
3541696512||3542089727||1109653200||au||
3560945154||3560945156||1109653200||au||
3560945158||3560945167||1109653200||au||
3560945169||3560945169||1109653200||au||
3560945192||3560945192||1109653200||au||
3560945195||3560945195||1109653200||au||
3560945268||3560945271||1109653200||au||
3563382384||3563382391||1109653200||au||
3582569032||3582569035||1109653200||au||
3582569200||3582569207||1109653200||au||
3582569248||3582569263||1109653200||au||
3585699712||3585699839||1109653200||au||
3585700320||3585700343||1109653200||au||
3624845312||3624849407||1109653200||au||
3642191648||3642191679||1109653200||au||
3663986688||3663987711||1109653200||au||
3663989760||3663990271||1109653200||au||
3663991552||3663991807||1109653200||au||
3663992576||3664052223||1109653200||au||
3669557248||3669590015||1109653200||au||
3669614592||3669622783||1109653200||au||
3671130112||3671326719||1109653200||au||
3671457792||3671588863||1109653200||au||
3679027200||3679059967||1109653200||au||
3679158272||3679191039||1109653200||au||
3679682560||3679715327||1109653200||au||
3680133120||3680174079||1109653200||au||
3680223232||3680239615||1109653200||au||
3684573184||3684597759||1109653200||au||
3697606656||3697672191||1109653200||au||
3700973568||3701211135||1109653200||au||
3701252096||3701276671||1109653200||au||
3701293056||3701309439||1109653200||au||
3706060800||3706191871||1109653200||au||
3706200064||3706208255||1109653200||au||
3706257408||3706322943||1109653200||au||
3706388480||3707109375||1109653200||au||
3707215872||3707224063||1109653200||au||
3707568128||3707633663||1109653200||au||
3708542976||3708551167||1109653200||au||
3715653632||3715760127||1109653200||au||
3716202496||3716218879||1109653200||au||
3716440064||3716448255||1109653200||au||
3716489216||3716497407||1109653200||au||
3716530176||3716546559||1109653200||au||
3720818688||3720839167||1109653200||au||
3720859648||3720871935||1109653200||au||
3732733952||3732799487||1109653200||au||
3732832256||3732930559||1109653200||au||
3734700032||3734765567||1109653200||au||
3735232512||3735289855||1109653200||au||
3735404544||3735420927||1109653200||au||
3738042368||3738173439||1109653200||au||
3739287552||3739353087||1109653200||au||
3739570176||3739582463||1109653200||au||
3739697152||3739746303||1109653200||au||
3740905472||3740925951||1109653200||au||
3741024256||3741057023||1109653200||au||
