--||--||--||az||Azerbaijan
1054138368||1054146559||1109653200||az||
1054441472||1054449663||1109653200||az||
1346711552||1346715647||1109653200||az||
1360089088||1360093183||1143180693||az||
1360351232||1360355327||1154486344||az||
1388445696||1388453887||1109653200||az||
1434714112||1434746879||1109653200||az||
1436454912||1436456959||1109653200||az||
3259225344||3259226111||1109653200||az||
3260353536||3260353791||1109653200||az||
3267009280||3267009535||1109653200||az||
3285889792||3285890047||1109653200||az||
3559288192||3559288207||1109653200||az||
3559288832||3559290879||1109653200||az||
3559291392||3559291647||1109653200||az||
3559882752||3559890943||1109653200||az||
3564037120||3564037375||1109653200||az||
3564039168||3564039679||1109653200||az||
3564040704||3564041215||1109653200||az||
3564042496||3564042751||1109653200||az||
3584835584||3584843775||1109653200||az||
3641597952||3641602047||1109653200||az||
3644854272||3644858367||1109653200||az||
3651710976||3651715071||1109653200||az||
