--||--||--||bd||Bangladesh
999817216||999849983||1109653200||bd||
1072932352||1072932863||1109653200||bd||
1072933888||1072934143||1109653200||bd||
1079383808||1079384063||1109653200||bd||
3278940132||3278940135||1109653200||bd||
3389284352||3389292543||1109653200||bd||
3389333504||3389341695||1109653200||bd||
3389435904||3389439999||1109653200||bd||
3390488576||3390492671||1109653200||bd||
3391664128||3391668223||1109653200||bd||
3391907840||3391909887||1109653200||bd||
3392385024||3392389119||1109653200||bd||
3392512000||3392516095||1109653200||bd||
3392897024||3392901119||1109653200||bd||
3392917504||3392921599||1109653200||bd||
3393908736||3393910783||1109653200||bd||
3394281472||3394282239||1109653200||bd||
3394282752||3394283007||1109653200||bd||
3394283776||3394284031||1109653200||bd||
3394510848||3394514943||1109653200||bd||
3395039232||3395043327||1109653200||bd||
3397206016||3397210111||1109653200||bd||
3400065024||3400073215||1109653200||bd||
3400436480||3400437247||1109653200||bd||
3400437592||3400437599||1109653200||bd||
3400437936||3400437951||1109653200||bd||
3400438080||3400438107||1109653200||bd||
3400438144||3400438175||1109653200||bd||
3400438848||3400438863||1109653200||bd||
3400438928||3400438943||1109653200||bd||
3400439008||3400439023||1109653200||bd||
3400439552||3400439711||1109653200||bd||
3400439744||3400439807||1109653200||bd||
3400440160||3400440167||1109653200||bd||
3400440176||3400440191||1109653200||bd||
3400440224||3400440239||1109653200||bd||
3400440296||3400440303||1109653200||bd||
3400440456||3400440463||1109653200||bd||
3400440736||3400440743||1109653200||bd||
3400440800||3400440807||1109653200||bd||
3400440832||3400440895||1109653200||bd||
3400441152||3400441279||1109653200||bd||
3410780160||3410788351||1109653200||bd||
3411197952||3411202047||1109653200||bd||
3411255296||3411263487||1109653200||bd||
3411566592||3411570687||1109653200||bd||
3412688896||3412697087||1109653200||bd||
3413164032||3413172223||1109653200||bd||
3418136576||3418144767||1109653200||bd||
3418157056||3418161663||1109653200||bd||
3418218496||3418227711||1109653200||bd||
3418234880||3418235903||1109653200||bd||
3418291712||3418292735||1109653200||bd||
3418300416||3418300927||1109653200||bd||
3418324992||3418326015||1109653200||bd||
3523493888||3523497983||1109653200||bd||
3567616000||3567616511||1109653200||bd||
3585700256||3585700271||1109653200||bd||
3585700288||3585700303||1109653200||bd||
3624279040||3624279071||1109653200||bd||
3641353152||3641353183||1109653200||bd||
3641353216||3641353727||1109653200||bd||
