--||--||--||by||Belarus
1042296576||1042296831||1109653200||by||
1042300160||1042300175||1109653200||by||
1052504320||1052504351||1109653200||by||
1348378624||1348381695||1109653200||by||
1348381952||1348382719||1109653200||by||
1348395008||1348399103||1109653200||by||
1360601088||1360605183||1109653200||by||
1389477888||1389494271||1109653200||by||
1422516224||1422520319||1109653200||by||
1442803712||1442804223||1127791844||by||
1442804224||1442807807||1134106006||by||
1446608896||1446641663||1140579574||by||
1476190208||1476198399||1145418647||by||
3239161088||3239161343||1109653200||by||
3239711232||3239711487||1109653200||by||
3247908864||3247909887||1109653200||by||
3253230592||3253230847||1109653200||by||
3253270528||3253271551||1109653200||by||
3259219968||3259220479||1109653200||by||
3259319880||3259319887||1109653200||by||
3260303872||3260304127||1109653200||by||
3260322048||3260322303||1109653200||by||
3260415488||3260415999||1109653200||by||
3265183744||3265191935||1109653200||by||
3269621760||3269623551||1109653200||by||
3274833920||3274842111||1109653200||by||
3274961664||3274961727||1109653200||by||
3281466368||3281466623||1109653200||by||
3281466880||3281467135||1109653200||by||
3285188608||3285190655||1109653200||by||
3285502528||3285502591||1109653200||by||
3286122496||3286130431||1109653200||by||
3560943534||3560943534||1109653200||by||
3563233280||3563241471||1109653200||by||
3568309760||3568309919||1109653200||by||
3568309952||3568310015||1109653200||by||
3579132160||3579132415||1109653200||by||
3583806720||3583806975||1109653200||by||
3585662976||3585671167||1109653200||by||
3590310400||3590310655||1109653200||by||
3642040320||3642048511||1109653200||by||
3642191872||3642195967||1109653200||by||
3647722752||3647722879||1109653200||by||
