--||--||--||be||Belgium
1040468320||1040468335||1109653200||be||
1040482304||1040515071||1109653200||be||
1042891952||1042891967||1109653200||be||
1043988564||1043988567||1109653200||be||
1043988672||1043988679||1109653200||be||
1043988816||1043988831||1109653200||be||
1043988896||1043989055||1109653200||be||
1043989752||1043989759||1109653200||be||
1043990272||1043990303||1109653200||be||
1043990368||1043990527||1109653200||be||
1043990616||1043990623||1109653200||be||
1043991064||1043991071||1109653200||be||
1043991296||1043992063||1109653200||be||
1043992832||1043993343||1109653200||be||
1043993472||1043993599||1109653200||be||
1043993856||1043994623||1109653200||be||
1043995144||1043995147||1109653200||be||
1043995172||1043995179||1109653200||be||
1043995184||1043995187||1109653200||be||
1043995212||1043995219||1109653200||be||
1043995312||1043995663||1109653200||be||
1043995688||1043995695||1109653200||be||
1043995704||1043995719||1109653200||be||
1043995736||1043995751||1109653200||be||
1043995760||1043995767||1109653200||be||
1043995784||1043995799||1109653200||be||
1043995832||1043995839||1109653200||be||
1043995848||1043995863||1109653200||be||
1043995888||1043995903||1109653200||be||
1043995936||1043995943||1109653200||be||
1043995960||1043995967||1109653200||be||
1043996000||1043996015||1109653200||be||
1043996024||1043996031||1109653200||be||
1043996104||1043996119||1109653200||be||
1043996128||1043996143||1109653200||be||
1043996152||1043996159||1109653200||be||
1043998196||1043998199||1109653200||be||
1043999200||1043999207||1109653200||be||
1043999896||1043999999||1109653200||be||
1044000112||1044000127||1109653200||be||
1044002144||1044002175||1109653200||be||
1044003356||1044003359||1109653200||be||
1044003363||1044003363||1109653200||be||
1044003752||1044003755||1109653200||be||
1044003808||1044003839||1109653200||be||
1044004224||1044004303||1109653200||be||
1044009512||1044009599||1109653200||be||
1044009665||1044009727||1109653200||be||
1044011824||1044012031||1109653200||be||
1044012072||1044012079||1109653200||be||
1044012136||1044012143||1109653200||be||
1044012240||1044012255||1109653200||be||
1044012328||1044012335||1109653200||be||
1044013056||1044013135||1109653200||be||
1044013144||1044014111||1109653200||be||
1044014120||1044017663||1109653200||be||
1044017984||1044018175||1109653200||be||
1044019200||1044019319||1109653200||be||
1044019324||1044019383||1109653200||be||
1044019388||1044019695||1109653200||be||
1044019700||1044019995||1109653200||be||
1044020000||1044020735||1109653200||be||
1044021760||1044021887||1109653200||be||
1044022512||1044022527||1109653200||be||
1044022784||1044023295||1109653200||be||
1044023352||1044023359||1109653200||be||
1044023392||1044023551||1109653200||be||
1044024064||1044024319||1109653200||be||
1044024448||1044024575||1109653200||be||
1044024848||1044024851||1109653200||be||
1044024880||1044024959||1109653200||be||
1044025352||1044025855||1109653200||be||
1044026896||1044026899||1109653200||be||
1044026905||1044026907||1109653200||be||
1044026912||1044027263||1109653200||be||
1044027704||1044028927||1109653200||be||
1044029068||1044029311||1109653200||be||
1044029446||1044029447||1109653200||be||
1044029452||1044029452||1109653200||be||
1044029454||1044029455||1109653200||be||
1044029464||1044029466||1109653200||be||
1044029468||1044029470||1109653200||be||
1044029480||1044029483||1109653200||be||
1044029486||1044029487||1109653200||be||
1044029489||1044029489||1109653200||be||
1044029493||1044029493||1109653200||be||
1044029495||1044029497||1109653200||be||
1044029499||1044029501||1109653200||be||
1044029503||1044029505||1109653200||be||
1044029510||1044029510||1109653200||be||
1044029512||1044029535||1109653200||be||
1044029537||1044029537||1109653200||be||
1044029539||1044029545||1109653200||be||
1044029547||1044029548||1109653200||be||
1044029550||1044029550||1109653200||be||
1044029552||1044029552||1109653200||be||
1044029554||1044029554||1109653200||be||
1044029557||1044029557||1109653200||be||
1044029559||1044029561||1109653200||be||
1044029568||1044029568||1109653200||be||
1044029570||1044029572||1109653200||be||
1044029576||1044029580||1109653200||be||
1044029582||1044029584||1109653200||be||
1044029586||1044029586||1109653200||be||
1044029588||1044029590||1109653200||be||
1044029596||1044029596||1109653200||be||
1044029599||1044029599||1109653200||be||
1044029601||1044029601||1109653200||be||
1044029604||1044029606||1109653200||be||
1044029609||1044029609||1109653200||be||
1044029611||1044029611||1109653200||be||
1044029613||1044029616||1109653200||be||
1044029619||1044029620||1109653200||be||
1044029624||1044029625||1109653200||be||
1044029629||1044029630||1109653200||be||
1044029632||1044029634||1109653200||be||
1044029636||1044029636||1109653200||be||
1044029639||1044029640||1109653200||be||
1044029648||1044029648||1109653200||be||
1044029652||1044029652||1109653200||be||
1044029660||1044029660||1109653200||be||
1044029664||1044029664||1109653200||be||
1044029668||1044029668||1109653200||be||
1044029670||1044029672||1109653200||be||
1044029677||1044029678||1109653200||be||
1044029684||1044029684||1109653200||be||
1044029687||1044029687||1109653200||be||
1044029694||1044029694||1109653200||be||
1044029720||1044029727||1109653200||be||
1044029744||1044029759||1109653200||be||
1044029776||1044029783||1109653200||be||
1044029896||1044029903||1109653200||be||
1044029952||1044029959||1109653200||be||
1044030048||1044030055||1109653200||be||
1044030128||1044030135||1109653200||be||
1044030384||1044030391||1109653200||be||
1044030400||1044030407||1109653200||be||
1044030608||1044030615||1109653200||be||
1044030728||1044030735||1109653200||be||
1044030760||1044030767||1109653200||be||
1044030816||1044030823||1109653200||be||
1044030880||1044030887||1109653200||be||
1044030912||1044030919||1109653200||be||
1044031000||1044031007||1109653200||be||
1044031160||1044031167||1109653200||be||
1044031272||1044031279||1109653200||be||
1044031320||1044031327||1109653200||be||
1044031360||1044031360||1109653200||be||
1044031364||1044031364||1109653200||be||
1044031440||1044031447||1109653200||be||
1044031490||1044031490||1109653200||be||
1044031495||1044031495||1109653200||be||
1044031497||1044031497||1109653200||be||
1044031508||1044031508||1109653200||be||
1044031510||1044031510||1109653200||be||
1044031524||1044031524||1109653200||be||
1044031532||1044031532||1109653200||be||
1044031534||1044031536||1109653200||be||
1044031553||1044031553||1109653200||be||
1044031557||1044031557||1109653200||be||
1044031559||1044031559||1109653200||be||
1044031563||1044031563||1109653200||be||
1044031567||1044031567||1109653200||be||
1044031569||1044031569||1109653200||be||
1044031574||1044031574||1109653200||be||
1044031580||1044031581||1109653200||be||
1044031583||1044031584||1109653200||be||
1044031593||1044031593||1109653200||be||
1044031598||1044031598||1109653200||be||
1044031600||1044031600||1109653200||be||
1044031628||1044031628||1109653200||be||
1044031630||1044031630||1109653200||be||
1044031636||1044031636||1109653200||be||
1044031641||1044031641||1109653200||be||
1044031644||1044031644||1109653200||be||
1044031652||1044031652||1109653200||be||
1044031655||1044031655||1109653200||be||
1044031657||1044031658||1109653200||be||
1044031669||1044031670||1109653200||be||
1044031674||1044031674||1109653200||be||
1044031676||1044031677||1109653200||be||
1044031684||1044031684||1109653200||be||
1044031688||1044031688||1109653200||be||
1044031691||1044031692||1109653200||be||
1044031699||1044031699||1109653200||be||
1044031704||1044031704||1109653200||be||
1044031710||1044031710||1109653200||be||
1044031712||1044031712||1109653200||be||
1044031715||1044031715||1109653200||be||
1044031718||1044031719||1109653200||be||
1044031722||1044031723||1109653200||be||
1044031816||1044031839||1109653200||be||
1044031848||1044031863||1109653200||be||
1044031880||1044031887||1109653200||be||
1044031928||1044031935||1109653200||be||
1044032000||1044032015||1109653200||be||
1044032048||1044032055||1109653200||be||
1044032072||1044032079||1109653200||be||
1044032104||1044032127||1109653200||be||
1044032152||1044032167||1109653200||be||
1044032192||1044032199||1109653200||be||
1044032224||1044032231||1109653200||be||
1044032272||1044032287||1109653200||be||
1044032304||1044032311||1109653200||be||
1044032320||1044032327||1109653200||be||
1044032400||1044032407||1109653200||be||
1044032592||1044032599||1109653200||be||
1044032608||1044032615||1109653200||be||
1044032640||1044032647||1109653200||be||
1044032792||1044032799||1109653200||be||
1044032816||1044032831||1109653200||be||
1044032856||1044032863||1109653200||be||
1044033064||1044033071||1109653200||be||
1044033144||1044033151||1109653200||be||
1044033168||1044033175||1109653200||be||
1044033184||1044033191||1109653200||be||
1044033352||1044033359||1109653200||be||
1044033528||1044033535||1109653200||be||
1044033624||1044033631||1109653200||be||
1044033672||1044033679||1109653200||be||
1044033720||1044033727||1109653200||be||
1044033928||1044033935||1109653200||be||
1044033992||1044033999||1109653200||be||
1044034232||1044034239||1109653200||be||
1044034280||1044034287||1109653200||be||
1044034328||1044034335||1109653200||be||
1044034376||1044034383||1109653200||be||
1044034488||1044034495||1109653200||be||
1044034512||1044034519||1109653200||be||
1044034616||1044034623||1109653200||be||
1044034736||1044034743||1109653200||be||
1044034752||1044034759||1109653200||be||
1044034848||1044034855||1109653200||be||
1044034976||1044034983||1109653200||be||
1044035064||1044035071||1109653200||be||
1044035856||1044035863||1109653200||be||
1044036080||1044036087||1109653200||be||
1044036328||1044036335||1109653200||be||
1044036864||1044036864||1109653200||be||
1044036866||1044036866||1109653200||be||
1044036891||1044036891||1109653200||be||
1044036900||1044036900||1109653200||be||
1044036908||1044036908||1109653200||be||
1044036910||1044036910||1109653200||be||
1044036928||1044036928||1109653200||be||
1044036943||1044036943||1109653200||be||
1044036949||1044036951||1109653200||be||
1044036958||1044036958||1109653200||be||
1044036968||1044036968||1109653200||be||
1044036971||1044036971||1109653200||be||
1044036977||1044036977||1109653200||be||
1044036991||1044036991||1109653200||be||
1044037015||1044037015||1109653200||be||
1044037022||1044037022||1109653200||be||
1044037025||1044037025||1109653200||be||
1044037027||1044037027||1109653200||be||
1044037038||1044037038||1109653200||be||
1044037043||1044037043||1109653200||be||
1044037048||1044037048||1109653200||be||
1044037050||1044037051||1109653200||be||
1044037057||1044037057||1109653200||be||
1044037062||1044037063||1109653200||be||
1044037066||1044037066||1109653200||be||
1044037071||1044037071||1109653200||be||
1044037092||1044037092||1109653200||be||
1044037100||1044037100||1109653200||be||
1044037102||1044037102||1109653200||be||
1044037107||1044037107||1109653200||be||
1044037110||1044037110||1109653200||be||
1044037192||1044037199||1109653200||be||
1044037288||1044037295||1109653200||be||
1044038560||1044038567||1109653200||be||
1044039848||1044039855||1109653200||be||
1044039936||1044040703||1109653200||be||
1044043984||1044043987||1109653200||be||
1044044176||1044044179||1109653200||be||
1044044184||1044045311||1109653200||be||
1044045888||1044046079||1109653200||be||
1044046208||1044046847||1109653200||be||
1044051972||1044052031||1109653200||be||
1044052040||1044053503||1109653200||be||
1044059264||1044059935||1109653200||be||
1044060032||1044060063||1109653200||be||
1044061392||1044061399||1109653200||be||
1044062024||1044062031||1109653200||be||
1044062104||1044062111||1109653200||be||
1044062184||1044062199||1109653200||be||
1044062232||1044062239||1109653200||be||
1044062376||1044062383||1109653200||be||
1044062504||1044062511||1109653200||be||
1044062536||1044062543||1109653200||be||
1044062576||1044062583||1109653200||be||
1044062648||1044062655||1109653200||be||
1044062664||1044062671||1109653200||be||
1044068352||1044068991||1109653200||be||
1044069632||1044070399||1109653200||be||
1044076544||1044076927||1109653200||be||
1044077824||1044078591||1109653200||be||
1044092928||1044093183||1109653200||be||
1044104544||1044104559||1109653200||be||
1044104768||1044107263||1109653200||be||
1044117504||1044117551||1109653200||be||
1044117568||1044119551||1109653200||be||
1044250624||1044251391||1109653200||be||
1044251648||1044252415||1109653200||be||
1044252928||1044253439||1109653200||be||
1044253696||1044254463||1109653200||be||
1044254976||1044255487||1109653200||be||
1044256000||1044256511||1109653200||be||
1044256768||1044257535||1109653200||be||
1044257792||1044258559||1109653200||be||
1044259072||1044259583||1109653200||be||
1044260096||1044261631||1109653200||be||
1044262144||1044262399||1109653200||be||
1044263168||1044263423||1109653200||be||
1044264192||1044264447||1109653200||be||
1044265216||1044265471||1109653200||be||
1044265984||1044266751||1109653200||be||
1044267520||1044269567||1109653200||be||
1044270080||1044271615||1109653200||be||
1044272128||1044272383||1109653200||be||
1044272896||1044273151||1109653200||be||
1044273408||1044273663||1109653200||be||
1044273920||1044274175||1109653200||be||
1044930560||1044938751||1109653200||be||
1046316032||1046316543||1109653200||be||
1046872064||1046872583||1109653200||be||
1046872592||1046872615||1109653200||be||
1046872640||1046872647||1109653200||be||
1046872656||1046872671||1109653200||be||
1046872800||1046872815||1109653200||be||
1046872960||1046872999||1109653200||be||
1046873008||1046873023||1109653200||be||
1046873088||1046873343||1109653200||be||
1046873600||1046877183||1109653200||be||
1046878208||1046878463||1109653200||be||
1046878720||1046879263||1109653200||be||
1046879272||1046879311||1109653200||be||
1046879328||1046879495||1109653200||be||
1046879504||1046879511||1109653200||be||
1046879536||1046879567||1109653200||be||
1046879592||1046879623||1109653200||be||
1046879648||1046879655||1109653200||be||
1046879664||1046879679||1109653200||be||
1046879688||1046879743||1109653200||be||
1046879776||1046879791||1109653200||be||
1046879808||1046879831||1109653200||be||
1046879840||1046879847||1109653200||be||
1046879896||1046879935||1109653200||be||
1046879944||1046879959||1109653200||be||
1046879968||1046880127||1109653200||be||
1046880136||1046880143||1109653200||be||
1046880152||1046880191||1109653200||be||
1046880256||1046880511||1109653200||be||
1046880520||1046880535||1109653200||be||
1046880544||1046880559||1109653200||be||
1046880592||1046880623||1109653200||be||
1046880632||1046880679||1109653200||be||
1046880688||1046880703||1109653200||be||
1046880712||1046880895||1109653200||be||
1046880904||1046880935||1109653200||be||
1046880976||1046881039||1109653200||be||
1046881056||1046881071||1109653200||be||
1046881080||1046881127||1109653200||be||
1046881136||1046881263||1109653200||be||
1046881280||1046882047||1109653200||be||
1046882304||1046884351||1109653200||be||
1047365120||1047365135||1109653200||be||
1047527424||1047535615||1109653200||be||
1047838720||1047846911||1109653200||be||
1048953408||1048953439||1109653200||be||
1048956224||1048956255||1109653200||be||
1049405312||1049405375||1109653200||be||
1049405568||1049405631||1109653200||be||
1050621408||1050621439||1109653200||be||
1050676471||1050676471||1109653200||be||
1051084288||1051084799||1109653200||be||
1051096832||1051097087||1109653200||be||
1051098112||1051099135||1109653200||be||
1051100808||1051100831||1109653200||be||
1051101152||1051101183||1109653200||be||
1051101280||1051101287||1109653200||be||
1051101640||1051101647||1109653200||be||
1051101680||1051101687||1109653200||be||
1051101720||1051101735||1109653200||be||
1051102144||1051102159||1109653200||be||
1051102208||1051103231||1109653200||be||
1051103234||1051103239||1109653200||be||
1051103440||1051103447||1109653200||be||
1051104232||1051104239||1109653200||be||
1051104616||1051104623||1109653200||be||
1051105144||1051105151||1109653200||be||
1051106304||1051106311||1109653200||be||
1051106336||1051106343||1109653200||be||
1051106592||1051106599||1109653200||be||
1051106664||1051106671||1109653200||be||
1051107072||1051107079||1109653200||be||
1051107330||1051107335||1109653200||be||
1051107352||1051107359||1109653200||be||
1051107392||1051107407||1109653200||be||
1051107520||1051107839||1109653200||be||
1051115520||1051125759||1109653200||be||
1051577568||1051577575||1109653200||be||
1051578176||1051578239||1109653200||be||
1051578352||1051578359||1109653200||be||
1052248144||1052248159||1109653200||be||
1052266496||1052268543||1109653200||be||
1052268608||1052268671||1109653200||be||
1052271872||1052272127||1109653200||be||
1052288296||1052288303||1109653200||be||
1052290576||1052290591||1109653200||be||
1052311616||1052311679||1109653200||be||
1052311872||1052311895||1109653200||be||
1052317600||1052317607||1109653200||be||
1052320128||1052320255||1109653200||be||
1052335616||1052336127||1109653200||be||
1052340528||1052340543||1109653200||be||
1052346904||1052346911||1109653200||be||
1052349120||1052349151||1109653200||be||
1052352992||1052353023||1109653200||be||
1052360992||1052361023||1109653200||be||
1052361472||1052361647||1109653200||be||
1052361664||1052361695||1109653200||be||
1052364544||1052364671||1109653200||be||
1052364800||1052366207||1109653200||be||
1052366336||1052366655||1109653200||be||
1052366720||1052367871||1109653200||be||
1052396608||1052396671||1109653200||be||
1052400000||1052400127||1109653200||be||
1052401152||1052401279||1109653200||be||
1052401408||1052401599||1109653200||be||
1052408384||1052408447||1109653200||be||
1052409952||1052409983||1109653200||be||
1052410048||1052410111||1109653200||be||
1052414976||1052415999||1109653200||be||
1052418048||1052419583||1109653200||be||
1052424824||1052424831||1109653200||be||
1052425152||1052425215||1109653200||be||
1052428480||1052428543||1109653200||be||
1052429440||1052429567||1109653200||be||
1052430336||1052430407||1109653200||be||
1052430464||1052430527||1109653200||be||
1052430592||1052433407||1109653200||be||
1052438016||1052438399||1109653200||be||
1052461296||1052461311||1109653200||be||
1052471040||1052471295||1109653200||be||
1052491776||1052493567||1109653200||be||
1052493696||1052494335||1109653200||be||
1052494592||1052495439||1109653200||be||
1052495488||1052495551||1109653200||be||
1052495584||1052495871||1109653200||be||
1052771328||1052771391||1109653200||be||
1053114368||1053130751||1109653200||be||
1053326336||1053326399||1109653200||be||
1053332992||1053334015||1109653200||be||
1053350400||1053350527||1109653200||be||
1053350656||1053350911||1109653200||be||
1053622272||1053630463||1109653200||be||
1053638656||1053655039||1109653200||be||
1054100576||1054100607||1109653200||be||
1054101344||1054101375||1109653200||be||
1054195712||1054212095||1109653200||be||
1055221504||1055221631||1128201770||be||
1055457280||1055465471||1109653200||be||
1055469068||1055469071||1109653200||be||
1055471616||1055472639||1109653200||be||
1055472896||1055473151||1109653200||be||
1055473408||1055473639||1109653200||be||
1055588352||1055653887||1109653200||be||
1101864224||1101864255||1109653200||be||
1346469888||1346473983||1109653200||be||
1346535424||1346537983||1109653200||be||
1346537989||1346537991||1109653200||be||
1346538008||1346538015||1109653200||be||
1346538032||1346539519||1109653200||be||
1347952640||1347956735||1109653200||be||
1348177920||1348178943||1125800039||be||
1348178944||1348179199||1124167291||be||
1348179200||1348182015||1132464156||be||
1352144512||1352144519||1109653200||be||
1352402792||1352402799||1109653200||be||
1352405056||1352405119||1109653200||be||
1355284480||1355415551||1109653200||be||
1357676544||1357709311||1109653200||be||
1357893376||1357893391||1109653200||be||
1358241792||1358241807||1109653200||be||
1358242592||1358242623||1109653200||be||
1358245648||1358245663||1109653200||be||
1359708160||1359740927||1109653200||be||
1361035832||1361035839||1109653200||be||
1361035864||1361035871||1109653200||be||
1361036072||1361036079||1109653200||be||
1362813440||1362814463||1109653200||be||
1362814976||1362821119||1109653200||be||
1362837504||1362845695||1109653200||be||
1362870272||1362872319||1109653200||be||
1362872336||1362873855||1109653200||be||
1362873864||1362876415||1109653200||be||
1362876448||1362876671||1109653200||be||
1362877184||1362877951||1109653200||be||
1362877972||1362880511||1109653200||be||
1362880576||1362882047||1109653200||be||
1362882076||1362885119||1109653200||be||
1362886400||1362886400||1109653200||be||
1362886402||1362886655||1109653200||be||
1364328448||1364459519||1109653200||be||
1364749312||1364749855||1109653200||be||
1364749888||1364749983||1109653200||be||
1364811776||1364819967||1109653200||be||
1369702400||1369833471||1109653200||be||
1370030080||1370062847||1109653200||be||
1370304512||1370305023||1109653200||be||
1371275264||1371340799||1109653200||be||
1374683136||1375207423||1109653200||be||
1384792624||1384792639||1109653200||be||
1384793792||1384793855||1109653200||be||
1384794880||1384795327||1109653200||be||
1384818464||1384818495||1109653200||be||
1385119744||1385136127||1109653200||be||
1385308160||1385309183||1109653200||be||
1385324544||1385332735||1109653200||be||
1387134976||1387155455||1109653200||be||
1387167744||1387188223||1109653200||be||
1387249664||1387250687||1109653200||be||
1389658112||1389674495||1109653200||be||
1398849536||1398850095||1109653200||be||
1398850560||1398851199||1109653200||be||
1398851328||1398852095||1109653200||be||
1399128064||1399160831||1109653200||be||
1401290752||1401356287||1109653200||be||
1404084224||1404088319||1109653200||be||
1406746624||1406750975||1109653200||be||
1406751104||1406751231||1109653200||be||
1406751488||1406752767||1109653200||be||
1406752784||1406754815||1109653200||be||
1406763008||1406771199||1109653200||be||
1410433024||1410441215||1109653200||be||
1410842624||1410850815||1109653200||be||
1421869056||1422393343||1109653200||be||
1424600832||1424601087||1109653200||be||
1425463296||1425465343||1109653200||be||
1426735104||1426751487||1109653200||be||
1426865920||1426866175||1162442919||be||
1427768320||1427769343||1137645357||be||
1427769344||1427770367||1155175741||be||
1427771392||1427772415||1158724425||be||
1427832832||1427865599||1117925071||be||
1427914752||1427931135||1147060655||be||
1431838720||1431846911||1109653200||be||
1432068096||1432076287||1109653200||be||
1436444672||1436446719||1109653200||be||
1436471296||1436473343||1109653200||be||
1439236096||1439301631||1109653200||be||
1441447936||1441456127||1136870994||be||
1445396480||1445429247||1122040987||be||
1445429248||1445462015||1133237460||be||
1463812096||1464074239||1135315706||be||
1475641344||1475657727||1137131303||be||
1486028800||1486061567||1145936119||be||
2187853824||2187919359||1109653200||be||
2251685888||2251751423||1109653200||be||
2251948032||2252013567||1109653200||be||
2260205568||2260271103||1109653200||be||
2318401536||2318467071||1109653200||be||
2328559616||2328625151||1109653200||be||
2328690688||2328756223||1109653200||be||
2332688384||2332753919||1109653200||be||
2337931264||2337996799||1109653200||be||
2342846464||2342911999||1109653200||be||
2371878912||2371944447||1109653200||be||
2374959104||2375024639||1109653200||be||
2382168064||2382233599||1109653200||be||
2407596032||2407661567||1109653200||be||
2410217472||2410283007||1109653200||be||
2432172032||2432237567||1109653200||be||
2456223744||2456289279||1109653200||be||
2460942336||2461007871||1109653200||be||
2472345600||2472411135||1109653200||be||
2508587008||2508652543||1109653200||be||
2526937088||2527002623||1109653200||be||
2533031936||2533097471||1109653200||be||
2560098304||2560163839||1109653200||be||
2644770816||2644836351||1109653200||be||
2646671360||2646736895||1109653200||be||
2655191040||2655256575||1111112700||be||
2698838016||2698903551||1109653200||be||
2704998400||2705063935||1109653200||be||
2745368576||2745434111||1109653200||be||
2745499648||2745548799||1109653200||be||
2752446464||2752511999||1109653200||be||
2753757184||2753822719||1109653200||be||
2868838400||2868903935||1109653200||be||
2870607872||2870673407||1109653200||be||
3223262976||3223263231||1109653200||be||
3223267328||3223267583||1109653200||be||
3224258304||3224258559||1109653200||be||
3225445376||3225446399||1109653200||be||
3226067456||3226067711||1109653200||be||
3226548992||3226549247||1109653200||be||
3227240448||3227240703||1109653200||be||
3227288064||3227288319||1109653200||be||
3227888128||3227888383||1109653200||be||
3227909120||3227909375||1109653200||be||
3228083968||3228084479||1109653200||be||
3229361920||3229362175||1109653200||be||
3229749760||3229750015||1109653200||be||
3229968128||3229968383||1109653200||be||
3230115584||3230116095||1109653200||be||
3230120192||3230120447||1109653200||be||
3230143232||3230143487||1109653200||be||
3231218688||3231218943||1109653200||be||
3231295488||3231295743||1109653200||be||
3231482880||3231483135||1109653200||be||
3231507200||3231507455||1109653200||be||
3231668736||3231668991||1109653200||be||
3231793152||3231793663||1109653200||be||
3233609728||3233609983||1109653200||be||
3238594560||3238595583||1109653200||be||
3239075840||3239076095||1109653200||be||
3239162624||3239162879||1109653200||be||
3239501824||3239505919||1109653200||be||
3239539456||3239539711||1109653200||be||
3239665664||3239666175||1109653200||be||
3239788544||3239789055||1109653200||be||
3239959808||3239960063||1109653200||be||
3239996928||3239997183||1109653200||be||
3240700416||3240700671||1109653200||be||
3240730112||3240730623||1109653200||be||
3240749312||3240749567||1109653200||be||
3241476352||3241478143||1109653200||be||
3241478400||3241481471||1109653200||be||
3241484800||3241485311||1109653200||be||
3241485568||3241496575||1109653200||be||
3241496832||3241497343||1109653200||be||
3241498112||3241498367||1109653200||be||
3241499136||3241499903||1109653200||be||
3241500160||3241502975||1109653200||be||
3241503488||3241508095||1109653200||be||
3241508352||3241538815||1109653200||be||
3241539072||3241541375||1109653200||be||
3241804032||3241820159||1109653200||be||
3241824256||3241827071||1109653200||be||
3241827328||3241848063||1109653200||be||
3241861120||3241863167||1109653200||be||
3242852352||3242911231||1109653200||be||
3242911744||3242917887||1109653200||be||
3242950656||3242983423||1109653200||be||
3243974656||3243975423||1109653200||be||
3243975680||3243976447||1109653200||be||
3243976960||3243978751||1109653200||be||
3243991040||3243999231||1109653200||be||
3245132032||3245132287||1109653200||be||
3245135616||3245135871||1109653200||be||
3245161984||3245162495||1109653200||be||
3245164544||3245165055||1109653200||be||
3245178112||3245178623||1109653200||be||
3245193216||3245195263||1109653200||be||
3245204480||3245204735||1109653200||be||
3245206016||3245206271||1109653200||be||
3245232384||3245232639||1109653200||be||
3245235200||3245235455||1109653200||be||
3245244928||3245245183||1109653200||be||
3245252096||3245252351||1109653200||be||
3245260288||3245260799||1109653200||be||
3245275136||3245277183||1109653200||be||
3245280256||3245280767||1109653200||be||
3245301504||3245301759||1109653200||be||
3245334784||3245335039||1109653200||be||
3245337344||3245337599||1109653200||be||
3245932544||3245998079||1109653200||be||
3247072512||3247072767||1109653200||be||
3247816704||3247817471||1109653200||be||
3247817728||3247820799||1109653200||be||
3247823872||3247825151||1109653200||be||
3247825920||3247826943||1109653200||be||
3247828992||3247833087||1109653200||be||
3248372320||3248372327||1109653200||be||
3249712640||3249712895||1109653200||be||
3249719296||3249720319||1109653200||be||
3249721600||3249721855||1109653200||be||
3250454528||3250585599||1109653200||be||
3250757120||3250757375||1109653200||be||
3251192832||3251193343||1109653200||be||
3251216896||3251217151||1109653200||be||
3251243008||3251245055||1109653200||be||
3251257344||3251259903||1109653200||be||
3251260672||3251261183||1109653200||be||
3251674880||3251675135||1109653200||be||
3251802880||3251803135||1109653200||be||
3251806208||3251815167||1109653200||be||
3251815680||3251818495||1109653200||be||
3252338688||3252340735||1109653200||be||
3252486144||3252490239||1109653200||be||
3252527104||3252535295||1109653200||be||
3252542208||3252551679||1109653200||be||
3253888256||3253888511||1109653200||be||
3253895168||3253911551||1109653200||be||
3253962752||3253963263||1109653200||be||
3253993472||3254124543||1109653200||be||
3254994735||3254994735||1109653200||be||
3255231232||3255231487||1109653200||be||
3255238656||3255243583||1109653200||be||
3255243592||3255243679||1109653200||be||
3255243712||3255245791||1109653200||be||
3255245824||3255247615||1109653200||be||
3255247632||3255248127||1109653200||be||
3255248384||3255254927||1109653200||be||
3255254944||3255259903||1109653200||be||
3255259912||3255260095||1109653200||be||
3255260128||3255260143||1109653200||be||
3255260160||3255260319||1109653200||be||
3255260336||3255261519||1109653200||be||
3255261536||3255261679||1109653200||be||
3255261696||3255262799||1109653200||be||
3255262816||3255263295||1109653200||be||
3255263328||3255263335||1109653200||be||
3255263344||3255263423||1109653200||be||
3255263456||3255264479||1109653200||be||
3255264496||3255270431||1109653200||be||
3255270464||3255271359||1109653200||be||
3255271392||3255276223||1109653200||be||
3255276256||3255276719||1109653200||be||
3255276728||3255277015||1109653200||be||
3255277024||3255277983||1109653200||be||
3255278016||3255278855||1109653200||be||
3255278864||3255279087||1109653200||be||
3255279104||3255279135||1109653200||be||
3255279168||3255280047||1109653200||be||
3255280056||3255281311||1109653200||be||
3255281344||3255281439||1109653200||be||
3255281472||3255282663||1109653200||be||
3255282672||3255283871||1109653200||be||
3255283904||3255283927||1109653200||be||
3255283932||3255285535||1109653200||be||
3255285568||3255286095||1109653200||be||
3255286112||3255286279||1109653200||be||
3255286288||3255286591||1109653200||be||
3255286600||3255288735||1109653200||be||
3255288800||3255288831||1109653200||be||
3255289344||3255290127||1109653200||be||
3255290176||3255290263||1109653200||be||
3255290288||3255290295||1109653200||be||
3255290304||3255290319||1109653200||be||
3255290324||3255290351||1109653200||be||
3255290368||3255290879||1109653200||be||
3255291392||3255291399||1109653200||be||
3255291424||3255291615||1109653200||be||
3255291624||3255291639||1109653200||be||
3255291648||3255291711||1109653200||be||
3255291760||3255291767||1109653200||be||
3255291776||3255291839||1109653200||be||
3255291856||3255291871||1109653200||be||
3255291888||3255291983||1109653200||be||
3255292000||3255292159||1109653200||be||
3255292192||3255292311||1109653200||be||
3255292320||3255300319||1109653200||be||
3255300352||3255300631||1109653200||be||
3255300640||3255300799||1109653200||be||
3255300808||3255301159||1109653200||be||
3255301168||3255301303||1109653200||be||
3255301312||3255302175||1109653200||be||
3255302208||3255304191||1109653200||be||
3255317504||3255317759||1109653200||be||
3255320064||3255320319||1109653200||be||
3255414784||3255415807||1109653200||be||
3255449600||3255450111||1109653200||be||
3255471104||3255471615||1109653200||be||
3255471872||3255472127||1109653200||be||
3255472384||3255472639||1109653200||be||
3255472896||3255473151||1109653200||be||
3255473664||3255473919||1109653200||be||
3255482624||3255482815||1109653200||be||
3255482832||3255482839||1109653200||be||
3255486464||3255486719||1109653200||be||
3255487488||3255487743||1109653200||be||
3255488000||3255488255||1109653200||be||
3255497728||3255497983||1109653200||be||
3255558144||3255558399||1109653200||be||
3256452064||3256452071||1109653200||be||
3256489984||3256490239||1109653200||be||
3256696832||3256697343||1109653200||be||
3256705280||3256705791||1109653200||be||
3257371904||3257372159||1109653200||be||
3257469952||3257470975||1109653200||be||
3257491456||3257495551||1109653200||be||
3257574016||3257574143||1109653200||be||
3257574656||3257576191||1109653200||be||
3257588224||3257588735||1109653200||be||
3258297344||3258297599||1109653200||be||
3259314176||3259316223||1109653200||be||
3259318312||3259318319||1109653200||be||
3259318368||3259318399||1109653200||be||
3259318504||3259318511||1109653200||be||
3259319288||3259319295||1109653200||be||
3259319304||3259319311||1109653200||be||
3259319368||3259319375||1109653200||be||
3259320012||3259320015||1109653200||be||
3259638784||3259639039||1109653200||be||
3259642368||3259642623||1109653200||be||
3259656192||3259656207||1109653200||be||
3259656256||3259656287||1109653200||be||
3259656304||3259656311||1109653200||be||
3259656448||3259656703||1109653200||be||
3259656960||3259657215||1109653200||be||
3259657728||3259657887||1109653200||be||
3259657920||3259658239||1109653200||be||
3259891712||3259957247||1109653200||be||
3260571648||3260579839||1109653200||be||
3260800256||3260800271||1109653200||be||
3262472424||3262472427||1109653200||be||
3262473100||3262473103||1109653200||be||
3262475784||3262475787||1109653200||be||
3262475872||3262475875||1109653200||be||
3262475884||3262475887||1109653200||be||
3262476108||3262476111||1109653200||be||
3262476140||3262476143||1109653200||be||
3262476156||3262476159||1109653200||be||
3262476280||3262476283||1109653200||be||
3262476316||3262476319||1109653200||be||
3262476492||3262476495||1109653200||be||
3262476748||3262476751||1109653200||be||
3262476976||3262476979||1109653200||be||
3262477092||3262477095||1109653200||be||
3262477224||3262477227||1109653200||be||
3262477444||3262477447||1109653200||be||
3262477548||3262477551||1109653200||be||
3262477564||3262477571||1109653200||be||
3262477800||3262477803||1109653200||be||
3262478316||3262478319||1109653200||be||
3262478324||3262478327||1109653200||be||
3262478349||3262478349||1109653200||be||
3262478661||3262478661||1109653200||be||
3262478684||3262478684||1109653200||be||
3262478942||3262478942||1109653200||be||
3262478970||3262478970||1109653200||be||
3262479076||3262479076||1109653200||be||
3262479195||3262479195||1109653200||be||
3262479224||3262479224||1109653200||be||
3262479290||3262479290||1109653200||be||
3262479474||3262479474||1109653200||be||
3262479477||3262479477||1109653200||be||
3262479495||3262479495||1109653200||be||
3262479530||3262479530||1109653200||be||
3262479545||3262479545||1109653200||be||
3262479561||3262479561||1109653200||be||
3262479674||3262479674||1109653200||be||
3262479717||3262479717||1109653200||be||
3262479728||3262479728||1109653200||be||
3262479775||3262479775||1109653200||be||
3262479777||3262479777||1109653200||be||
3262479826||3262479826||1109653200||be||
3262479862||3262479862||1109653200||be||
3262479936||3262479936||1109653200||be||
3262479957||3262479957||1109653200||be||
3262480002||3262480002||1109653200||be||
3262480019||3262480019||1109653200||be||
3262480093||3262480093||1109653200||be||
3262480112||3262480112||1109653200||be||
3262480117||3262480117||1109653200||be||
3262480221||3262480221||1109653200||be||
3262480261||3262480261||1109653200||be||
3262480275||3262480275||1109653200||be||
3262636032||3262644223||1109653200||be||
3263506432||3263506687||1109653200||be||
3263506944||3263507199||1109653200||be||
3263510024||3263510031||1109653200||be||
3263511552||3263512063||1109653200||be||
3263530240||3263530495||1109653200||be||
3263764992||3263765503||1109653200||be||
3263773952||3263774207||1109653200||be||
3263774464||3263774719||1109653200||be||
3263793152||3263793407||1109653200||be||
3264125696||3264125951||1109653200||be||
3264379136||3264379391||1109653200||be||
3264606976||3264607231||1109653200||be||
3264667648||3264668159||1109653200||be||
3264847744||3264847807||1109653200||be||
3265352704||3265352959||1109653200||be||
3265355776||3265357055||1109653200||be||
3265357568||3265357823||1109653200||be||
3265358848||3265359103||1109653200||be||
3265366080||3265366271||1109653200||be||
3266830336||3266836479||1109653200||be||
3266837024||3266838527||1109653200||be||
3267547136||3267547391||1109653200||be||
3267625728||3267625983||1109653200||be||
3267626240||3267626495||1109653200||be||
3267629568||3267629823||1109653200||be||
3267632384||3267632639||1109653200||be||
3267632896||3267633151||1109653200||be||
3267635968||3267636223||1109653200||be||
3267638272||3267638527||1109653200||be||
3267643136||3267643391||1109653200||be||
3267644160||3267644415||1109653200||be||
3267644928||3267644959||1109653200||be||
3267644992||3267645055||1109653200||be||
3267648416||3267648447||1109653200||be||
3267658496||3267658751||1109653200||be||
3267674160||3267674303||1109653200||be||
3267679488||3267679743||1109653200||be||
3267682304||3267682559||1109653200||be||
3267741440||3267741695||1109653200||be||
3267744256||3267744511||1109653200||be||
3269433448||3269433455||1109653200||be||
3270189056||3270190079||1109653200||be||
3270654464||3270654719||1109653200||be||
3271290624||3271290879||1109653200||be||
3271372032||3271372287||1109653200||be||
3271373056||3271373311||1109653200||be||
3271374080||3271374335||1109653200||be||
3271375872||3271376383||1109653200||be||
3271377920||3271378687||1109653200||be||
3271380992||3271381247||1109653200||be||
3271383296||3271383551||1109653200||be||
3271384320||3271384575||1109653200||be||
3271384832||3271385087||1109653200||be||
3271392512||3271392767||1109653200||be||
3271394304||3271394559||1109653200||be||
3271399168||3271400959||1109653200||be||
3271408640||3271408895||1109653200||be||
3271409664||3271417855||1109653200||be||
3271424112||3271424127||1109653200||be||
3271557120||3271589887||1109653200||be||
3271909376||3271917567||1109653200||be||
3272212992||3272213375||1109653200||be||
3272214832||3272214847||1109653200||be||
3272214952||3272214959||1109653200||be||
3272215872||3272215879||1109653200||be||
3272216192||3272216207||1109653200||be||
3272217216||3272217279||1109653200||be||
3272218880||3272219135||1109653200||be||
3272409088||3272417279||1109653200||be||
3272423424||3272423935||1109653200||be||
3272605696||3272613887||1109653200||be||
3273034240||3273034751||1109653200||be||
3273261568||3273262079||1109653200||be||
3273277440||3273285631||1109653200||be||
3273434112||3273434623||1109653200||be||
3273867264||3273867519||1109653200||be||
3273879040||3273879551||1109653200||be||
3274175488||3274175999||1109653200||be||
3274399744||3274401247||1109653200||be||
3274401256||3274401271||1109653200||be||
3274401276||3274407935||1109653200||be||
3274692352||3274692607||1109653200||be||
3274917888||3274918911||1109653200||be||
3274919936||3274921983||1109653200||be||
3274922848||3274922863||1109653200||be||
3274929664||3274930175||1109653200||be||
3274933216||3274933247||1109653200||be||
3274936864||3274936871||1109653200||be||
3274952528||3274952543||1109653200||be||
3274954400||3274954415||1109653200||be||
3274956544||3274956615||1109653200||be||
3274957952||3274957967||1109653200||be||
3274957984||3274957999||1109653200||be||
3274958008||3274958015||1109653200||be||
3274960384||3274960447||1109653200||be||
3274962432||3274962687||1109653200||be||
3274963784||3274963791||1109653200||be||
3274964224||3274964735||1109653200||be||
3275587584||3275587839||1109653200||be||
3275588096||3275588287||1109653200||be||
3275588352||3275588711||1109653200||be||
3275588720||3275588799||1109653200||be||
3275588848||3275588855||1109653200||be||
3275589272||3275589279||1109653200||be||
3275589376||3275589471||1109653200||be||
3275589888||3275591167||1109653200||be||
3275591424||3275591679||1109653200||be||
3275595008||3275595039||1109653200||be||
3275612672||3275612927||1109653200||be||
3276292096||3276292479||1109653200||be||
3276292512||3276299295||1109653200||be||
3276299328||3276300287||1109653200||be||
3276455936||3276464127||1109653200||be||
3276490592||3276490623||1109653200||be||
3276518400||3276519423||1109653200||be||
3276520192||3276520223||1109653200||be||
3276520256||3276520447||1109653200||be||
3276528128||3276528223||1109653200||be||
3276528240||3276528247||1109653200||be||
3276528256||3276528359||1109653200||be||
3276528368||3276528495||1109653200||be||
3276528512||3276528519||1109653200||be||
3276528528||3276528719||1109653200||be||
3276528736||3276528799||1109653200||be||
3276528832||3276528895||1109653200||be||
3276681728||3276682239||1109653200||be||
3276737016||3276737023||1109653200||be||
3276738016||3276738047||1109653200||be||
3276743904||3276743935||1109653200||be||
3276744192||3276744703||1109653200||be||
3276746336||3276746351||1109653200||be||
3276749312||3276749343||1109653200||be||
3276749376||3276749823||1109653200||be||
3276750176||3276750207||1109653200||be||
3276756064||3276756095||1109653200||be||
3276763992||3276763999||1109653200||be||
3276767024||3276767039||1109653200||be||
3276772352||3276772567||1109653200||be||
3276772576||3276773375||1109653200||be||
3276781248||3276781311||1109653200||be||
3276781568||3276782719||1109653200||be||
3276782848||3276782975||1109653200||be||
3276785536||3276785567||1109653200||be||
3276786912||3276786943||1109653200||be||
3276787392||3276787455||1109653200||be||
3276793744||3276793751||1109653200||be||
3276794272||3276794303||1109653200||be||
3276794368||3276795903||1109653200||be||
3277179648||3277180159||1109653200||be||
3277190656||3277190911||1109653200||be||
3277391872||3277392127||1109653200||be||
3277464576||3277464831||1109653200||be||
3277474816||3277475711||1109653200||be||
3277476608||3277477631||1109653200||be||
3277783040||3277812735||1109653200||be||
3277812992||3277814271||1109653200||be||
3277814528||3277815807||1109653200||be||
3277833216||3277833727||1109653200||be||
3278067968||3278068223||1109653200||be||
3278069328||3278069343||1109653200||be||
3278938724||3278938727||1109653200||be||
3278938784||3278938787||1109653200||be||
3278938968||3278938971||1109653200||be||
3278939476||3278939479||1109653200||be||
3278939536||3278939539||1109653200||be||
3278939784||3278939787||1109653200||be||
3278939844||3278939847||1109653200||be||
3278940256||3278940259||1109653200||be||
3278940416||3278940419||1109653200||be||
3278940596||3278940599||1109653200||be||
3278940636||3278940639||1109653200||be||
3278940712||3278940715||1109653200||be||
3278940888||3278940891||1109653200||be||
3278941088||3278941091||1109653200||be||
3278941128||3278941131||1109653200||be||
3278942084||3278942087||1109653200||be||
3278942092||3278942095||1109653200||be||
3278942729||3278942730||1109653200||be||
3278942772||3278942772||1109653200||be||
3278942806||3278942806||1109653200||be||
3278942904||3278942904||1109653200||be||
3278942933||3278942933||1109653200||be||
3278942947||3278942947||1109653200||be||
3278942978||3278942978||1109653200||be||
3278942987||3278942987||1109653200||be||
3278943021||3278943021||1109653200||be||
3278943023||3278943023||1109653200||be||
3278943042||3278943042||1109653200||be||
3278943080||3278943080||1109653200||be||
3278943097||3278943097||1109653200||be||
3278943124||3278943124||1109653200||be||
3278943131||3278943131||1109653200||be||
3278943138||3278943138||1109653200||be||
3278943149||3278943149||1109653200||be||
3278943161||3278943161||1109653200||be||
3278943169||3278943169||1109653200||be||
3278943185||3278943185||1109653200||be||
3278943302||3278943302||1109653200||be||
3278943311||3278943311||1109653200||be||
3278943320||3278943320||1109653200||be||
3278943389||3278943389||1109653200||be||
3278943420||3278943420||1109653200||be||
3278943472||3278943472||1109653200||be||
3278943474||3278943474||1109653200||be||
3278943490||3278943490||1109653200||be||
3278943514||3278943514||1109653200||be||
3278943525||3278943525||1109653200||be||
3278943566||3278943566||1109653200||be||
3278943571||3278943571||1109653200||be||
3278943575||3278943575||1109653200||be||
3278943579||3278943579||1109653200||be||
3278943610||3278943610||1109653200||be||
3278943654||3278943654||1109653200||be||
3278943678||3278943678||1109653200||be||
3278943766||3278943766||1109653200||be||
3278943832||3278943832||1109653200||be||
3278943852||3278943852||1109653200||be||
3278943855||3278943855||1109653200||be||
3278943889||3278943889||1109653200||be||
3278943892||3278943892||1109653200||be||
3278943950||3278943950||1109653200||be||
3278943971||3278943971||1109653200||be||
3278944018||3278944018||1109653200||be||
3278944048||3278944048||1109653200||be||
3278944051||3278944051||1109653200||be||
3278944060||3278944060||1109653200||be||
3278944129||3278944129||1109653200||be||
3278944245||3278944245||1109653200||be||
3278945797||3278945797||1109653200||be||
3278945862||3278945862||1109653200||be||
3278945881||3278945881||1109653200||be||
3278945892||3278945892||1109653200||be||
3279315712||3279315967||1109653200||be||
3279316224||3279316479||1109653200||be||
3279335296||3279335423||1109653200||be||
3279343616||3279345151||1109653200||be||
3279352576||3279352831||1109653200||be||
3279355648||3279355903||1109653200||be||
3279577088||3279585279||1109653200||be||
3280011784||3280011791||1109653200||be||
3280011904||3280011951||1109653200||be||
3280016448||3280016463||1109653200||be||
3280016544||3280016559||1109653200||be||
3280016960||3280016991||1109653200||be||
3280020736||3280020991||1109653200||be||
3280021760||3280021823||1109653200||be||
3280023296||3280023359||1140310285||be||
3280028416||3280028671||1109653200||be||
3280109568||3280117759||1109653200||be||
3280650240||3280654591||1109653200||be||
3280654848||3280658175||1109653200||be||
3281010688||3281018879||1109653200||be||
3281110016||3281110023||1109653200||be||
3281113704||3281113711||1109653200||be||
3281711488||3281711519||1109653200||be||
3281970688||3281971199||1109653200||be||
3281971456||3281971711||1109653200||be||
3281976320||3281976575||1109653200||be||
3281976832||3281977087||1109653200||be||
3282223104||3282231295||1109653200||be||
3282772992||3282773247||1109653200||be||
3282773664||3282773679||1109653200||be||
3282773760||3282774015||1109653200||be||
3283177472||3283178495||1109653200||be||
3283219968||3283220479||1109653200||be||
3283558752||3283558783||1109653200||be||
3283558800||3283558815||1109653200||be||
3283558896||3283558911||1109653200||be||
3283560960||3283561215||1109653200||be||
3283572112||3283572127||1109653200||be||
3283583872||3283583999||1109653200||be||
3283588096||3283588479||1109653200||be||
3283588608||3283589119||1109653200||be||
3283593024||3283593055||1109653200||be||
3283602368||3283602431||1109653200||be||
3283606784||3283607359||1109653200||be||
3283607552||3283608575||1109653200||be||
3283648512||3283649023||1109653200||be||
3283651008||3283651071||1109653200||be||
3283651136||3283651167||1109653200||be||
3283651184||3283651199||1109653200||be||
3283651328||3283651423||1109653200||be||
3283651440||3283651463||1109653200||be||
3283651472||3283651487||1109653200||be||
3283651592||3283651599||1109653200||be||
3283651616||3283651647||1109653200||be||
3283651664||3283651687||1109653200||be||
3283652064||3283652071||1109653200||be||
3283652080||3283652095||1109653200||be||
3283652480||3283652519||1109653200||be||
3283652528||3283652543||1109653200||be||
3283652864||3283653055||1109653200||be||
3283653120||3283653247||1109653200||be||
3283653312||3283653503||1109653200||be||
3283654912||3283655039||1109653200||be||
3283655296||3283655423||1109653200||be||
3283656224||3283656255||1109653200||be||
3283656272||3283656303||1109653200||be||
3283656312||3283656447||1109653200||be||
3285076608||3285076767||1109653200||be||
3285123072||3285188607||1109653200||be||
3285461264||3285461279||1109653200||be||
3285463360||3285463423||1109653200||be||
3285463520||3285463615||1109653200||be||
3285463648||3285464095||1109653200||be||
3285464128||3285464383||1109653200||be||
3285464416||3285464431||1109653200||be||
3285464448||3285465087||1109653200||be||
3285516672||3285516687||1109653200||be||
3285516992||3285517023||1109653200||be||
3285518368||3285518463||1109653200||be||
3285518848||3285519103||1109653200||be||
3285520896||3285521167||1109653200||be||
3285521408||3285521695||1109653200||be||
3285521792||3285522175||1109653200||be||
3285523072||3285523079||1109653200||be||
3285523232||3285523359||1109653200||be||
3285523392||3285523455||1109653200||be||
3285524192||3285524223||1109653200||be||
3285524352||3285524479||1109653200||be||
3285524864||3285524895||1109653200||be||
3285524992||3285525247||1109653200||be||
3285525504||3285526015||1109653200||be||
3285526024||3285526035||1109653200||be||
3285526040||3285526047||1109653200||be||
3285526080||3285526143||1109653200||be||
3285526176||3285526383||1109653200||be||
3285526816||3285526847||1109653200||be||
3285527296||3285527423||1109653200||be||
3285527428||3285527431||1109653200||be||
3285527488||3285527551||1109653200||be||
3285527680||3285527807||1109653200||be||
3285527816||3285527855||1109653200||be||
3285527872||3285527967||1109653200||be||
3285528000||3285528319||1109653200||be||
3285528576||3285528799||1109653200||be||
3285528832||3285528847||1109653200||be||
3285528864||3285528883||1109653200||be||
3285528888||3285528895||1109653200||be||
3285528912||3285528931||1109653200||be||
3285528936||3285528943||1109653200||be||
3285529072||3285529151||1109653200||be||
3285529264||3285529471||1109653200||be||
3285529696||3285529727||1109653200||be||
3285530000||3285530143||1109653200||be||
3285530184||3285530215||1109653200||be||
3285530272||3285530399||1109653200||be||
3285530560||3285530575||1109653200||be||
3285530584||3285530591||1109653200||be||
3285530608||3285530655||1109653200||be||
3285530720||3285530723||1109653200||be||
3285530740||3285530743||1109653200||be||
3285530784||3285530815||1109653200||be||
3285530832||3285530879||1109653200||be||
3285530976||3285530983||1109653200||be||
3285531120||3285531263||1109653200||be||
3285531296||3285531311||1109653200||be||
3285531392||3285531423||1109653200||be||
3285531456||3285531495||1109653200||be||
3285531520||3285531535||1109653200||be||
3285531568||3285531615||1109653200||be||
3285531648||3285531903||1109653200||be||
3285532160||3285532223||1109653200||be||
3285532232||3285532415||1109653200||be||
3285532704||3285532711||1109653200||be||
3285532960||3285532991||1109653200||be||
3285533060||3285533103||1109653200||be||
3285533120||3285533183||1109653200||be||
3285533344||3285533367||1109653200||be||
3285533536||3285533543||1109653200||be||
3285534112||3285534143||1109653200||be||
3285534480||3285534527||1109653200||be||
3285534628||3285534639||1109653200||be||
3285534752||3285534767||1109653200||be||
3285534928||3285534975||1109653200||be||
3285535104||3285535123||1109653200||be||
3285535128||3285535131||1109653200||be||
3285535140||3285535143||1109653200||be||
3285535156||3285535231||1109653200||be||
3285535744||3285535871||1109653200||be||
3285535912||3285535999||1109653200||be||
3285536064||3285536079||1109653200||be||
3285536112||3285536255||1109653200||be||
3285536608||3285536703||1109653200||be||
3285536752||3285536755||1109653200||be||
3285536760||3285536767||1109653200||be||
3285537128||3285537135||1109653200||be||
3285537176||3285537183||1109653200||be||
3285537232||3285537535||1109653200||be||
3285537616||3285537631||1109653200||be||
3285538188||3285538207||1109653200||be||
3285538296||3285538299||1109653200||be||
3285538328||3285538335||1109653200||be||
3285538368||3285538375||1109653200||be||
3285538384||3285538399||1109653200||be||
3285538432||3285538623||1109653200||be||
3285538688||3285538719||1109653200||be||
3285538764||3285538767||1109653200||be||
3285538784||3285538815||1109653200||be||
3285538848||3285538879||1109653200||be||
3285539328||3285539583||1109653200||be||
3285540108||3285540111||1109653200||be||
3285540216||3285540219||1109653200||be||
3285540424||3285540447||1109653200||be||
3285540624||3285540671||1109653200||be||
3285540736||3285540863||1109653200||be||
3285540872||3285540879||1109653200||be||
3285541520||3285541535||1109653200||be||
3285541552||3285541567||1109653200||be||
3285541600||3285541631||1109653200||be||
3285541696||3285541759||1109653200||be||
3285542144||3285542399||1109653200||be||
3285543760||3285543775||1109653200||be||
3285543796||3285543799||1109653200||be||
3285543936||3285544191||1109653200||be||
3285544352||3285544383||1109653200||be||
3285544640||3285544703||1109653200||be||
3285545216||3285545343||1109653200||be||
3285545380||3285545471||1109653200||be||
3285546000||3285546015||1109653200||be||
3285546560||3285546623||1109653200||be||
3285548640||3285548647||1109653200||be||
3285548736||3285548767||1109653200||be||
3285549184||3285549215||1109653200||be||
3285549736||3285549767||1109653200||be||
3285549952||3285550335||1109653200||be||
3285550976||3285551007||1109653200||be||
3285551072||3285551103||1109653200||be||
3285551360||3285551391||1109653200||be||
3285551488||3285551551||1109653200||be||
3285551840||3285552127||1109653200||be||
3285552928||3285552959||1109653200||be||
3285553024||3285553039||1109653200||be||
3285553056||3285553087||1109653200||be||
3285553216||3285553247||1109653200||be||
3285553792||3285553855||1109653200||be||
3285554128||3285554143||1109653200||be||
3285554432||3285554687||1109653200||be||
3285554704||3285554719||1109653200||be||
3285554752||3285554815||1109653200||be||
3285555456||3285555711||1109653200||be||
3285556224||3285556479||1109653200||be||
3285556768||3285556775||1109653200||be||
3285556780||3285556799||1109653200||be||
3285556864||3285556991||1109653200||be||
3285557364||3285557375||1109653200||be||
3285557580||3285557583||1109653200||be||
3285557600||3285557631||1109653200||be||
3285558272||3285558463||1109653200||be||
3285558592||3285558655||1109653200||be||
3285559040||3285559167||1109653200||be||
3285559232||3285559295||1109653200||be||
3285559872||3285559887||1109653200||be||
3285560512||3285560575||1109653200||be||
3285561624||3285561647||1109653200||be||
3285561664||3285561727||1109653200||be||
3285561792||3285561919||1109653200||be||
3285561968||3285561983||1109653200||be||
3285562784||3285562815||1109653200||be||
3285562912||3285562943||1109653200||be||
3285562992||3285562999||1109653200||be||
3285563392||3285563455||1109653200||be||
3285563472||3285563487||1109653200||be||
3285564544||3285564671||1109653200||be||
3285564752||3285564767||1109653200||be||
3285564800||3285564927||1109653200||be||
3285566032||3285566047||1109653200||be||
3285566144||3285566207||1109653200||be||
3285566560||3285566575||1109653200||be||
3285566656||3285566847||1109653200||be||
3285568704||3285568751||1109653200||be||
3285569024||3285569407||1109653200||be||
3285570176||3285570207||1109653200||be||
3285570240||3285570559||1109653200||be||
3285571776||3285571807||1109653200||be||
3285571840||3285571903||1109653200||be||
3285571968||3285572095||1109653200||be||
3285572384||3285572447||1109653200||be||
3285573376||3285573535||1109653200||be||
3285573952||3285574143||1109653200||be||
3285575680||3285575935||1109653200||be||
3285576000||3285576063||1109653200||be||
3285576128||3285576159||1109653200||be||
3285576192||3285576447||1109653200||be||
3285576960||3285577215||1109653200||be||
3285577600||3285577983||1109653200||be||
3285578240||3285578367||1109653200||be||
3285578432||3285578495||1109653200||be||
3285578752||3285579007||1109653200||be||
3285580416||3285580543||1109653200||be||
3285580548||3285580651||1109653200||be||
3285580656||3285580799||1109653200||be||
3285580848||3285580927||1109653200||be||
3285581056||3285581503||1109653200||be||
3286344704||3286345727||1109653200||be||
3286900736||3286900991||1155262989||be||
3286929664||3286929919||1109653200||be||
3286934016||3286934271||1109653200||be||
3286939648||3286939903||1109653200||be||
3286940160||3286940415||1109653200||be||
3287154688||3287162879||1109653200||be||
3287588864||3287597055||1109653200||be||
3287642624||3287643135||1109653200||be||
3287675904||3287676159||1109653200||be||
3301566464||3301568511||1109653200||be||
3345447680||3345448959||1109653200||be||
3427755776||3427756031||1109653200||be||
3427758080||3427758335||1109653200||be||
3427772928||3427773183||1109653200||be||
3427781632||3427781887||1109653200||be||
3437750016||3437750271||1109653200||be||
3483296005||3483296005||1109653200||be||
3557023744||3557031935||1109653200||be||
3557335040||3557335343||1109653200||be||
3557335520||3557335535||1109653200||be||
3557335552||3557335679||1109653200||be||
3557335680||3557335807||1150335361||be||
3557338624||3557338879||1156385440||be||
3557339152||3557339175||1109653200||be||
3557339184||3557339223||1109653200||be||
3557339232||3557339239||1109653200||be||
3557339264||3557340159||1109653200||be||
3557340192||3557340927||1109653200||be||
3557341184||3557341455||1109653200||be||
3557341472||3557341503||1109653200||be||
3557341952||3557342463||1109653200||be||
3557342592||3557342623||1109653200||be||
3557342720||3557343231||1109653200||be||
3558195200||3558195455||1109653200||be||
3558287680||3558287743||1109653200||be||
3558288640||3558288671||1109653200||be||
3558288688||3558288703||1109653200||be||
3558288720||3558288895||1109653200||be||
3558290432||3558290575||1109653200||be||
3558290592||3558290607||1109653200||be||
3558290616||3558290623||1109653200||be||
3558290672||3558290687||1109653200||be||
3558457344||3558457407||1109653200||be||
3558853120||3558853375||1109653200||be||
3559088128||3559096319||1109653200||be||
3559490792||3559490799||1109653200||be||
3560243200||3560251391||1109653200||be||
3560832792||3560832799||1109653200||be||
3560939580||3560939583||1109653200||be||
3560939588||3560939591||1109653200||be||
3560939644||3560939647||1109653200||be||
3560939776||3560939779||1109653200||be||
3560939848||3560939851||1109653200||be||
3560939976||3560939983||1109653200||be||
3560940016||3560940019||1109653200||be||
3560940052||3560940055||1109653200||be||
3560940180||3560940183||1109653200||be||
3560940308||3560940311||1109653200||be||
3560940440||3560940443||1109653200||be||
3560940708||3560940711||1109653200||be||
3560941080||3560941083||1109653200||be||
3560941092||3560941095||1109653200||be||
3560941120||3560941123||1109653200||be||
3560941336||3560941339||1109653200||be||
3560941472||3560941475||1109653200||be||
3560941636||3560941639||1109653200||be||
3560941644||3560941647||1109653200||be||
3560941752||3560941755||1109653200||be||
3560941848||3560941851||1109653200||be||
3560941856||3560941859||1109653200||be||
3560941996||3560941999||1109653200||be||
3560942068||3560942071||1109653200||be||
3560942124||3560942127||1109653200||be||
3560942176||3560942179||1109653200||be||
3560942464||3560942467||1109653200||be||
3560942620||3560942623||1109653200||be||
3560942676||3560942679||1109653200||be||
3560942684||3560942687||1109653200||be||
3560942716||3560942719||1109653200||be||
3560942840||3560942843||1109653200||be||
3560942916||3560942919||1109653200||be||
3560943056||3560943059||1109653200||be||
3560943130||3560943130||1109653200||be||
3560943132||3560943132||1109653200||be||
3560943161||3560943161||1109653200||be||
3560943173||3560943173||1109653200||be||
3560943252||3560943252||1109653200||be||
3560943338||3560943338||1109653200||be||
3560943350||3560943350||1109653200||be||
3560943358||3560943358||1109653200||be||
3560943396||3560943396||1109653200||be||
3560943398||3560943398||1109653200||be||
3560943404||3560943404||1109653200||be||
3560943443||3560943443||1109653200||be||
3560943472||3560943472||1109653200||be||
3560943476||3560943476||1109653200||be||
3560943536||3560943536||1109653200||be||
3560943540||3560943540||1109653200||be||
3560943575||3560943575||1109653200||be||
3560943622||3560943622||1109653200||be||
3560943755||3560943755||1109653200||be||
3560943783||3560943783||1109653200||be||
3560943836||3560943836||1109653200||be||
3560943844||3560943844||1109653200||be||
3560943866||3560943866||1109653200||be||
3560955904||3560964095||1109653200||be||
3561037824||3561046015||1109653200||be||
3561275392||3561291775||1109653200||be||
3561422848||3561423487||1109653200||be||
3561423616||3561427207||1109653200||be||
3561427212||3561427691||1109653200||be||
3561427696||3561430655||1109653200||be||
3561430784||3561430991||1109653200||be||
3561431007||3561431039||1109653200||be||
3561636864||3561637119||1109653200||be||
3561807872||3561816063||1109653200||be||
3561963520||3561967871||1109653200||be||
3561969152||3561969495||1109653200||be||
3562012672||3562020863||1109653200||be||
3562056800||3562056815||1109653200||be||
3562057248||3562057263||1109653200||be||
3562098880||3562098895||1109653200||be||
3562496000||3562504191||1109653200||be||
3562594304||3562595423||1109653200||be||
3562595456||3562598207||1109653200||be||
3562598224||3562602495||1109653200||be||
3563364352||3563372543||1109653200||be||
3563683840||3563692031||1109653200||be||
3564191744||3564199935||1109653200||be||
3564830720||3564838911||1109653200||be||
3564957052||3564957055||1109653200||be||
3567149072||3567149079||1109653200||be||
3567648768||3567665151||1109653200||be||
3568856496||3568856503||1109653200||be||
3569221632||3569250967||1109653200||be||
3569250976||3569251071||1109653200||be||
3569251840||3569258975||1109653200||be||
3569259008||3569271815||1109653200||be||
3569271824||3569271871||1109653200||be||
3569271904||3569271911||1109653200||be||
3569271920||3569271935||1109653200||be||
3569271944||3569271959||1109653200||be||
3569271964||3569272527||1109653200||be||
3569272544||3569273167||1109653200||be||
3569273184||3569273751||1109653200||be||
3569273760||3569273791||1109653200||be||
3569273824||3569277183||1109653200||be||
3569277440||3569287167||1109653200||be||
3569731840||3569731855||1109653200||be||
3569731904||3569731919||1109653200||be||
3569734400||3569734447||1109653200||be||
3569734464||3569734479||1109653200||be||
3569740544||3569740559||1109653200||be||
3569741312||3569741823||1109653200||be||
3569742336||3569742399||1109653200||be||
3569742416||3569742511||1109653200||be||
3569742528||3569742623||1109653200||be||
3569742640||3569742671||1109653200||be||
3569742688||3569742735||1109653200||be||
3569742752||3569742767||1109653200||be||
3569742784||3569742927||1109653200||be||
3569742944||3569743087||1109653200||be||
3569743104||3569743151||1109653200||be||
3569743200||3569743215||1109653200||be||
3569743360||3569743391||1109653200||be||
3569743408||3569743423||1109653200||be||
3569743456||3569743583||1109653200||be||
3569743616||3569743679||1109653200||be||
3569743696||3569743871||1109653200||be||
3570170048||3570170055||1109653200||be||
3570170080||3570170111||1109653200||be||
3571253248||3571259551||1109653200||be||
3571259584||3571261359||1109653200||be||
3571261368||3571262335||1109653200||be||
3571262368||3571262399||1109653200||be||
3571262432||3571264607||1109653200||be||
3571264640||3571265935||1109653200||be||
3571265952||3571267199||1109653200||be||
3571267264||3571268607||1109653200||be||
3571268640||3571269823||1109653200||be||
3571269856||3571271423||1109653200||be||
3571271456||3571271551||1109653200||be||
3571271680||3571272447||1109653200||be||
3571272576||3571277119||1109653200||be||
3571277152||3571286015||1109653200||be||
3571326256||3571326259||1109653200||be||
3571347456||3571347711||1109653200||be||
3571349808||3571349815||1109653200||be||
3571482624||3571515391||1109653200||be||
3572039680||3572056063||1109653200||be||
3572465664||3572498431||1109653200||be||
3575578624||3575580671||1109653200||be||
3575581568||3575581695||1109653200||be||
3575582208||3575583103||1109653200||be||
3575583112||3575583743||1109653200||be||
3575584256||3575587103||1109653200||be||
3575587120||3575587295||1109653200||be||
3575587312||3575587839||1109653200||be||
3575588352||3575625983||1109653200||be||
3575626048||3575626335||1109653200||be||
3575626368||3575626503||1109653200||be||
3575626512||3575626519||1109653200||be||
3575626528||3575626599||1109653200||be||
3575626608||3575626631||1109653200||be||
3575626640||3575626647||1109653200||be||
3575626656||3575627311||1109653200||be||
3575627328||3575627775||1109653200||be||
3575628800||3575628815||1109653200||be||
3575628832||3575629183||1109653200||be||
3575629248||3575629823||1109653200||be||
3575629872||3575629935||1109653200||be||
3575629952||3575630015||1109653200||be||
3575630024||3575630335||1109653200||be||
3575630848||3575630975||1109653200||be||
3575630992||3575631103||1109653200||be||
3575631112||3575631119||1109653200||be||
3575631128||3575631183||1109653200||be||
3575631208||3575631231||1109653200||be||
3575631296||3575631303||1109653200||be||
3575631312||3575631615||1109653200||be||
3575631632||3575631639||1109653200||be||
3575631712||3575631759||1109653200||be||
3575631776||3575631871||1109653200||be||
3575632656||3575632831||1109653200||be||
3575632864||3575632879||1109653200||be||
3575632896||3575633039||1109653200||be||
3575633072||3575633135||1109653200||be||
3575633144||3575633599||1109653200||be||
3575633664||3575633919||1109653200||be||
3575633992||3575633999||1109653200||be||
3575634048||3575634183||1109653200||be||
3575634192||3575634367||1109653200||be||
3575634432||3575634455||1109653200||be||
3575634464||3575634495||1109653200||be||
3575634520||3575634591||1109653200||be||
3575634600||3575634711||1109653200||be||
3575634720||3575634767||1109653200||be||
3575634776||3575634783||1109653200||be||
3575634800||3575634807||1109653200||be||
3575634816||3575634879||1109653200||be||
3575634936||3575635015||1109653200||be||
3575635040||3575635071||1109653200||be||
3575635088||3575635103||1109653200||be||
3575635160||3575635167||1109653200||be||
3575635184||3575635199||1109653200||be||
3575635464||3575635583||1109653200||be||
3575635632||3575635647||1109653200||be||
3575635680||3575635695||1109653200||be||
3575635704||3575635775||1109653200||be||
3575635848||3575635855||1109653200||be||
3575635872||3575635983||1109653200||be||
3575636000||3575636143||1109653200||be||
3575636152||3575636607||1109653200||be||
3575636736||3575636823||1109653200||be||
3575636832||3575636855||1109653200||be||
3575636864||3575636871||1109653200||be||
3575636880||3575636903||1109653200||be||
3575636912||3575637039||1109653200||be||
3575637056||3575637151||1109653200||be||
3575637184||3575638103||1109653200||be||
3575638112||3575638175||1109653200||be||
3575638240||3575638279||1109653200||be||
3575638288||3575638303||1109653200||be||
3575638336||3575638527||1109653200||be||
3575638544||3575638623||1109653200||be||
3575638640||3575638719||1109653200||be||
3575638752||3575638767||1109653200||be||
3575638784||3575638911||1109653200||be||
3575638976||3575639007||1109653200||be||
3575639040||3575644159||1109653200||be||
3575857152||3575857407||1109653200||be||
3575860300||3575860303||1109653200||be||
3576119456||3576119471||1109653200||be||
3576603136||3576603391||1109653200||be||
3576758272||3576823807||1109653200||be||
3577618560||3577618623||1109653200||be||
3577638144||3577638399||1109653200||be||
3577660160||3577660607||1109653200||be||
3577660672||3577661439||1109653200||be||
3577665792||3577665823||1109653200||be||
3577669632||3577671679||1109653200||be||
3581280256||3581411327||1109653200||be||
3582191024||3582191031||1109653200||be||
3582230528||3582238719||1109653200||be||
3582566432||3582566479||1109653200||be||
3582566528||3582566655||1109653200||be||
3582566736||3582566767||1109653200||be||
3582566784||3582567007||1109653200||be||
3582567012||3582567015||1109653200||be||
3582567024||3582567039||1109653200||be||
3582567136||3582567167||1109653200||be||
3582567232||3582567295||1109653200||be||
3582567312||3582567327||1109653200||be||
3582567392||3582567399||1109653200||be||
3584703072||3584703079||1109653200||be||
3584703096||3584703103||1109653200||be||
3585163264||3585171455||1109653200||be||
3585179648||3585189887||1109653200||be||
3585189952||3585196031||1109653200||be||
3585417216||3585418943||1109653200||be||
3585419008||3585420031||1109653200||be||
3585420288||3585423359||1109653200||be||
3585423872||3585425407||1109653200||be||
3585445208||3585445215||1109653200||be||
3585974272||3585982463||1109653200||be||
3586228224||3586228303||1109653200||be||
3586228312||3586237695||1109653200||be||
3586237952||3586244607||1109653200||be||
3586246656||3586248703||1109653200||be||
3586250450||3586250457||1109653200||be||
3586252800||3586254847||1109653200||be||
3586258944||3586259455||1109653200||be||
3586911192||3586911195||1109653200||be||
3586911200||3586911231||1109653200||be||
3587555328||3587571711||1109653200||be||
3587579904||3587588095||1109653200||be||
3587934208||3587936255||1109653200||be||
3587936272||3587948543||1109653200||be||
3588227072||3588292607||1109653200||be||
3589718016||3589734399||1109653200||be||
3589744896||3589744959||1109653200||be||
3589745120||3589745151||1109653200||be||
3589747048||3589747055||1109653200||be||
3589881856||3589898239||1109653200||be||
3590012928||3590029311||1109653200||be||
3590256704||3590256735||1109653200||be||
3641134368||3641134375||1109653200||be||
3641713408||3641716735||1109653200||be||
3642109952||3642114047||1109653200||be||
3642245120||3642249215||1109653200||be||
3642626048||3642630143||1109653200||be||
3644911616||3644915711||1109653200||be||
3644981248||3644985343||1109653200||be||
3645063168||3645067263||1109653200||be||
3645334128||3645334143||1109653200||be||
3645334240||3645334255||1109653200||be||
3645337600||3645337607||1109653200||be||
3645337632||3645337663||1109653200||be||
3645339648||3645339967||1109653200||be||
3645340544||3645341439||1109653200||be||
3645431808||3645435903||1109653200||be||
3645693952||3645698047||1109653200||be||
3645763673||3645763673||1109653200||be||
3645763699||3645763699||1109653200||be||
3645763757||3645763757||1109653200||be||
3645763777||3645763777||1109653200||be||
3645763861||3645763861||1109653200||be||
3645763897||3645763897||1109653200||be||
3645763904||3645763905||1109653200||be||
3645763916||3645763916||1109653200||be||
3645763973||3645763973||1109653200||be||
3645764048||3645764048||1109653200||be||
3645764056||3645764056||1109653200||be||
3645764100||3645764100||1109653200||be||
3645764136||3645764136||1109653200||be||
3645764160||3645764160||1109653200||be||
3645764187||3645764187||1109653200||be||
3645764201||3645764201||1109653200||be||
3645764222||3645764222||1109653200||be||
3645764262||3645764262||1109653200||be||
3645764287||3645764287||1109653200||be||
3645764349||3645764349||1109653200||be||
3645764365||3645764365||1109653200||be||
3645764464||3645764464||1109653200||be||
3645765136||3645765139||1109653200||be||
3645765152||3645765155||1109653200||be||
3645765224||3645765227||1109653200||be||
3645765544||3645765547||1109653200||be||
3648040960||3648045055||1109653200||be||
3648078976||3648079103||1109653200||be||
3648080384||3648080895||1109653200||be||
3648081008||3648081407||1109653200||be||
3648082176||3648085759||1109653200||be||
3648322304||3648322559||1109653200||be||
3648331776||3648339967||1109653200||be||
3648419840||3648419967||1109653200||be||
3649568768||3649634303||1109653200||be||
3650135552||3650135567||1109653200||be||
3650166784||3650170879||1109653200||be||
3650315272||3650315272||1109653200||be||
3651883008||3651887103||1109653200||be||
3652059136||3652063231||1109653200||be||
3653644032||3653644047||1109653200||be||
3653644272||3653644275||1109653200||be||
