--||--||--||bz||Belize
540737536||540737791||1109653200||bz||
540737920||540803071||1109653200||bz||
540819456||540823551||1109653200||bz||
1073028352||1073029119||1109653200||bz||
1073032704||1073033215||1109653200||bz||
1073036288||1073036543||1109653200||bz||
1073037824||1073039359||1109653200||bz||
1121247232||1121247239||1109653200||bz||
1121247536||1121247543||1109653200||bz||
1121247664||1121247679||1109653200||bz||
1121248344||1121248351||1109653200||bz||
1121248912||1121248919||1109653200||bz||
1121250304||1121250815||1109653200||bz||
1125082112||1125082367||1109653200||bz||
3355540736||3355540991||1109653200||bz||
3356148224||3356148479||1109653200||bz||
3357051312||3357051319||1109653200||bz||
3357589504||3357597695||1109653200||bz||
3362562048||3362563071||1109653200||bz||
3362563328||3362563583||1109653200||bz||
3362563840||3362564095||1109653200||bz||
3362564864||3362565119||1109653200||bz||
3362565888||3362570239||1109653200||bz||
3363586048||3363594239||1109653200||bz||
3457861376||3457861631||1109653200||bz||
3457936896||3457937407||1109653200||bz||
3457938432||3457938943||1109653200||bz||
3466148352||3466148863||1109653200||bz||
3499155456||3499155711||1109653200||bz||
3499156480||3499156735||1109653200||bz||
3500337664||3500337919||1109653200||bz||
3519473152||3519473167||1109653200||bz||
