--||--||--||bo||Bolivia
210784256||210784383||1109653200||bo||
210784768||210786303||1109653200||bo||
1061227264||1061227519||1109653200||bo||
1061478144||1061478399||1109653200||bo||
1101871104||1101873151||1109653200||bo||
1118971648||1118971903||1109653200||bo||
2792488960||2792554495||1109653200||bo||
2812084224||2812149759||1109653200||bo||
3237312768||3237313023||1109653200||bo||
3258342432||3258342447||1109653200||bo||
3258342592||3258342655||1109653200||bo||
3356075264||3356076287||1109653200||bo||
3357757488||3357757495||1109653200||bo||
3359260672||3359264767||1109653200||bo||
3359264768||3359268863||1149991420||bo||
3359285248||3359293439||1109653200||bo||
3359457696||3359457727||1109653200||bo||
3359463408||3359463423||1109653200||bo||
3359466496||3359466751||1109653200||bo||
3360399360||3360403455||1109653200||bo||
3360772352||3360772479||1109653200||bo||
3361046528||3361050623||1109653200||bo||
3361144832||3361210367||1109653200||bo||
3362357248||3362381823||1109653200||bo||
3362832384||3362836479||1109653200||bo||
3363291136||3363299327||1109653200||bo||
3386785792||3386793983||1138941400||bo||
3455132160||3455133695||1109653200||bo||
3463156736||3463157759||1109653200||bo||
3489775104||3489775359||1109653200||bo||
3493073152||3493073407||1109653200||bo||
3493073664||3493073919||1109653200||bo||
3493074176||3493074431||1109653200||bo||
3493089280||3493090815||1109653200||bo||
3493091328||3493092351||1109653200||bo||
3560944200||3560944203||1109653200||bo||
3560946452||3560946455||1109653200||bo||
