--||--||--||ba||Bosnia And Herzegovina
1101921408||1101921471||1109653200||ba||
1346453504||1346461695||1109653200||ba||
1346478080||1346482175||1109653200||ba||
1346867200||1346871295||1109653200||ba||
1347198976||1347203071||1109653200||ba||
1347940352||1347940607||1131076002||ba||
1358065664||1358066175||1151208589||ba||
1361035812||1361035815||1109653200||ba||
1361037024||1361037055||1109653200||ba||
1365065728||1365073919||1109653200||ba||
1365114880||1365118975||1109653200||ba||
1432150016||1432158207||1109653200||ba||
1432256512||1432264703||1109653200||ba||
1436426240||1436428287||1109653200||ba||
1476026368||1476034559||1142227419||ba||
1500503040||1500504063||1158822089||ba||
1502773248||1502781439||1147402397||ba||
2367488000||2367553535||1109653200||ba||
3252440064||3252440127||1109653200||ba||
3271024448||3271024451||1109653200||ba||
3280084992||3280093183||1109653200||ba||
3286114304||3286122495||1109653200||ba||
3288088576||3288088831||1109653200||ba||
3288089088||3288089343||1109653200||ba||
3288089592||3288089855||1109653200||ba||
3288090624||3288090879||1109653200||ba||
3288091904||3288092415||1109653200||ba||
3559350272||3559358463||1109653200||ba||
3561291776||3561299967||1109653200||ba||
3579543296||3579543551||1162191254||ba||
3582574240||3582574335||1116525024||ba||
3642212352||3642216447||1109653200||ba||
3645321216||3645325311||1109653200||ba||
3645620224||3645624319||1109653200||ba||
3653730304||3653734399||1109653200||ba||
