--||--||--||bg||Bulgaria
1043095552||1043103743||1109653200||bg||
1044987904||1045004287||1109653200||bg||
1051738112||1051754495||1109653200||bg||
1053344512||1053344767||1109653200||bg||
1053589504||1053597695||1109653200||bg||
1054187520||1054195711||1109653200||bg||
1346912256||1346920447||1109653200||bg||
1347452928||1347461119||1109653200||bg||
1348407296||1348409343||1139462807||bg||
1358348288||1358352383||1109653200||bg||
1358770176||1358772223||1140500254||bg||
1369559040||1369563135||1109653200||bg||
1369567232||1369571327||1109653200||bg||
1382367232||1382383615||1109653200||bg||
1382498304||1382514687||1109653200||bg||
1383522304||1383530495||1109653200||bg||
1383546880||1383555071||1109653200||bg||
1384726528||1384742911||1109653200||bg||
1385299968||1385308159||1109653200||bg||
1385398272||1385406463||1109653200||bg||
1388822528||1388830719||1109653200||bg||
1398872064||1398874111||1109653200||bg||
1398882304||1398884351||1109653200||bg||
1401819136||1401821183||1109653200||bg||
1401917440||1401919487||1132032021||bg||
1401925632||1401927679||1129335562||bg||
1402224640||1402241023||1109653200||bg||
1406967296||1406967327||1109653200||bg||
1407098880||1407107071||1109653200||bg||
1407451136||1407483903||1109653200||bg||
1410711552||1410719743||1109653200||bg||
1410727936||1410736127||1109653200||bg||
1412136960||1412169727||1109653200||bg||
1412857856||1412874239||1109653200||bg||
1422508032||1422512127||1109653200||bg||
1424916480||1424949247||1109653200||bg||
1425178624||1425195007||1109653200||bg||
1425801216||1425817599||1109653200||bg||
1426819072||1426820095||1155526512||bg||
1426820096||1426821119||1136264557||bg||
1426821120||1426825215||1112832843||bg||
1426825216||1426833407||1131774276||bg||
1426980864||1426997247||1139771066||bg||
1432059904||1432068095||1109653200||bg||
1432305664||1432313855||1109653200||bg||
1433845760||1433846015||1127277612||bg||
1434583040||1434615807||1109653200||bg||
1438318592||1438384127||1109653200||bg||
1438941184||1438957567||1109653200||bg||
1440317440||1440350207||1109653200||bg||
1441759232||1441763327||1147060689||bg||
1441763840||1441764351||1162190910||bg||
1441764352||1441764863||1153533006||bg||
1441765376||1441766399||1152476088||bg||
1442816000||1442820095||1131943647||bg||
1466007552||1466040319||1129176957||bg||
1467236352||1467252735||1137271505||bg||
1467383808||1467400191||1141706383||bg||
1467441152||1467443199||1158726242||bg||
1467482112||1467483135||1132718507||bg||
1467483392||1467483647||1132209676||bg||
1467484160||1467485183||1143180925||bg||
1467485696||1467486207||1160452479||bg||
1467486208||1467490303||1140239674||bg||
1467490304||1467491327||1145418236||bg||
1467491328||1467491839||1142836273||bg||
1467492096||1467492351||1140673562||bg||
1467493120||1467493375||1136006290||bg||
1467494400||1467496447||1145935608||bg||
1467496448||1467496959||1143692359||bg||
1467496960||1467497471||1153105006||bg||
1467497472||1467497727||1152760428||bg||
1467500544||1467501567||1146712401||bg||
1467502592||1467504639||1153881559||bg||
1467507200||1467507455||1161757139||bg||
1467515648||1467515903||1157952548||bg||
1467875328||1467940863||1127187366||bg||
1474545664||1474547455||1133489929||bg||
1474547712||1474549759||1153881648||bg||
1475739648||1475756031||1158726405||bg||
1476173824||1476182015||1135315746||bg||
1481662464||1481666559||1138342267||bg||
1481670656||1481671167||1140500384||bg||
1481671168||1481671423||1155526577||bg||
1481671680||1481672703||1143262339||bg||
1482096640||1482099199||1156994789||bg||
1482099200||1482100735||1149390536||bg||
1482100992||1482101247||1151034528||bg||
1482101504||1482101759||1161834748||bg||
1489731584||1489764351||1143181291||bg||
1490403328||1490403839||1155693576||bg||
1490403840||1490404095||1141444396||bg||
1494839296||1494843391||1155785518||bg||
1500143616||1500151807||1154309841||bg||
1505411072||1505412095||1160453083||bg||
1505673216||1505681407||1155526630||bg||
2709192704||2709258239||1109653200||bg||
3227287808||3227288063||1109653200||bg||
3239077376||3239077631||1109653200||bg||
3239091456||3239091711||1109653200||bg||
3239114240||3239114495||1109653200||bg||
3239175424||3239175679||1109653200||bg||
3239291904||3239292927||1109653200||bg||
3239470848||3239471103||1109653200||bg||
3239507968||3239508223||1109653200||bg||
3239523328||3239523583||1109653200||bg||
3239636992||3239638015||1109653200||bg||
3239682560||3239683071||1109653200||bg||
3239710208||3239710463||1109653200||bg||
3239761920||3239762175||1109653200||bg||
3239901696||3239901951||1109653200||bg||
3239917312||3239917567||1109653200||bg||
3240027136||3240028159||1109653200||bg||
3240706048||3240707071||1109653200||bg||
3240736256||3240736767||1109653200||bg||
3240737792||3240738815||1109653200||bg||
3240742400||3240742655||1109653200||bg||
3240827392||3240827647||1109653200||bg||
3242459136||3242467327||1109653200||bg||
3242483712||3242524671||1109653200||bg||
3245086720||3245086975||1109653200||bg||
3245088768||3245089279||1109653200||bg||
3245159936||3245160447||1109653200||bg||
3245232640||3245232895||1109653200||bg||
3245245440||3245245695||1109653200||bg||
3245252352||3245252607||1109653200||bg||
3245266944||3245268991||1109653200||bg||
3245299968||3245300223||1109653200||bg||
3245326848||3245327359||1109653200||bg||
3247063808||3247064063||1109653200||bg||
3247903744||3247904767||1109653200||bg||
3247919104||3247920127||1109653200||bg||
3249290144||3249290159||1109653200||bg||
3249330112||3249330143||1109653200||bg||
3249350096||3249350111||1109653200||bg||
3249707008||3249707519||1109653200||bg||
3249710592||3249710847||1109653200||bg||
3249724928||3249725183||1109653200||bg||
3250692608||3250693375||1109653200||bg||
3250697728||3250697983||1109653200||bg||
3250752512||3250753023||1109653200||bg||
3250756608||3250756863||1109653200||bg||
3251109888||3251175423||1109653200||bg||
3251204608||3251205119||1109653200||bg||
3251219456||3251219711||1109653200||bg||
3251236864||3251237887||1109653200||bg||
3251251968||3251252223||1109653200||bg||
3251264256||3251264511||1109653200||bg||
3254656256||3254656511||1109653200||bg||
3255317760||3255318015||1109653200||bg||
3255319552||3255319807||1109653200||bg||
3255623680||3255631871||1109653200||bg||
3258354688||3258356735||1109653200||bg||
3258943488||3258944511||1109653200||bg||
3262475976||3262475983||1109653200||bg||
3264020480||3264086015||1109653200||bg||
3264298752||3264299007||1109653200||bg||
3264323584||3264324607||1109653200||bg||
3264407552||3264408575||1109653200||bg||
3264640000||3264641023||1109653200||bg||
3264656384||3264656895||1109653200||bg||
3264844032||3264844287||1109653200||bg||
3270929920||3270930431||1109653200||bg||
3273036288||3273036799||1109653200||bg||
3273138176||3273146367||1109653200||bg||
3273152512||3273154559||1109653200||bg||
3273809920||3273818111||1109653200||bg||
3274163712||3274164223||1109653200||bg||
3274167296||3274167807||1109653200||bg||
3274686720||3274686975||1109653200||bg||
3275625984||3275626495||1109653200||bg||
3276064768||3276065279||1109653200||bg||
3276068352||3276068863||1109653200||bg||
3276106752||3276107775||1109653200||bg||
3276109824||3276110847||1109653200||bg||
3276121088||3276122111||1109653200||bg||
3276304384||3276304639||1109653200||bg||
3277182720||3277182975||1109653200||bg||
3277905920||3277914111||1109653200||bg||
3280003072||3280003583||1109653200||bg||
3280600064||3280600575||1109653200||bg||
3280633856||3280642047||1109653200||bg||
3281385472||3281387519||1109653200||bg||
3283212800||3283213311||1109653200||bg||
3283220480||3283220991||1109653200||bg||
3285466880||3285466943||1109653200||bg||
3285466952||3285466959||1109653200||bg||
3285466976||3285467007||1109653200||bg||
3285645312||3285647359||1109653200||bg||
3286334464||3286335487||1109653200||bg||
3286367232||3286368255||1109653200||bg||
3286630400||3286638591||1109653200||bg||
3286914048||3286915071||1109653200||bg||
3286952960||3286953983||1109653200||bg||
3287443968||3287444479||1109653200||bg||
3287449088||3287449599||1109653200||bg||
3287478272||3287479295||1109653200||bg||
3508110848||3508111103||1109653200||bg||
3508120064||3508120319||1109653200||bg||
3522121216||3522121727||1109653200||bg||
3557130240||3557138431||1109653200||bg||
3557277696||3557285887||1109653200||bg||
3558178816||3558187007||1109653200||bg||
3558372352||3558372607||1109653200||bg||
3559129088||3559137279||1109653200||bg||
3559342080||3559350271||1109653200||bg||
3560046592||3560054783||1109653200||bg||
3560439808||3560447999||1109653200||bg||
3560941880||3560941883||1109653200||bg||
3560943481||3560943481||1109653200||bg||
3561537536||3561545727||1109653200||bg||
3561586688||3561594879||1109653200||bg||
3562774528||3562782719||1109653200||bg||
3563036672||3563044863||1109653200||bg||
3563610112||3563618303||1109653200||bg||
3564404736||3564412927||1109653200||bg||
3564806144||3564814335||1109653200||bg||
3564912640||3564920831||1109653200||bg||
3565493536||3565493567||1109653200||bg||
3574603776||3574611967||1109653200||bg||
3579543552||3579576319||1109653200||bg||
3582083072||3582091263||1109653200||bg||
3582533632||3582538183||1109653200||bg||
3582538192||3582541823||1109653200||bg||
3583074304||3583082495||1109653200||bg||
3584491520||3584499711||1109653200||bg||
3584630784||3584638975||1109653200||bg||
3584950272||3584958463||1109653200||bg||
3586113536||3586121727||1109653200||bg||
3588104192||3588112383||1109653200||bg||
3588358144||3588374527||1109653200||bg||
3589324800||3589341183||1109653200||bg||
3628138752||3628139007||1109653200||bg||
3641303040||3641307135||1109653200||bg||
3641372672||3641376767||1109653200||bg||
3641784080||3641786367||1109653200||bg||
3641896960||3641901055||1109653200||bg||
3642675200||3642679295||1109653200||bg||
3645603840||3645612031||1109653200||bg||
3645841408||3645845503||1109653200||bg||
3645849600||3645857791||1109653200||bg||
3648193152||3648193215||1109653200||bg||
3650179072||3650183167||1109653200||bg||
3650199552||3650203647||1109653200||bg||
3652096000||3652100095||1109653200||bg||
3653599232||3653603327||1109653200||bg||
