--||--||--||ca||Canada
201674096||201674111||1109653200||ca||
205500988||205500991||1109653200||ca||
405012480||405143551||1109653200||ca||
405405696||405536767||1109653200||ca||
406388736||406454271||1109653200||ca||
406847488||407408639||1109653200||ca||
407633920||408420351||1109653200||ca||
408502272||408510463||1138855677||ca||
408535040||408543231||1120887225||ca||
408543232||408551423||1138341919||ca||
409206784||409468927||1109653200||ca||
409731072||409862143||1109653200||ca||
409993216||410058751||1109653200||ca||
410124288||410189823||1109653200||ca||
410648576||410693631||1109653200||ca||
411648000||411664383||1109653200||ca||
411680768||411688959||1143180508||ca||
411697152||411717631||1109653200||ca||
411729920||411738111||1137380079||ca||
411762688||411770879||1109653200||ca||
411893760||411959295||1109653200||ca||
412221440||412229631||1109653200||ca||
412483584||412549119||1109653200||ca||
412680192||412696575||1109653200||ca||
412876800||413007871||1109653200||ca||
415760384||416022527||1109653200||ca||
416219136||416251903||1144551958||ca||
416546816||416563199||1153019185||ca||
416628736||416636927||1109653200||ca||
416743424||416776191||1109653200||ca||
417202176||417267711||1109653200||ca||
417366016||417398783||1109653200||ca||
417464320||417529855||1109653200||ca||
417792000||417800191||1109653200||ca||
417808384||417812479||1109653200||ca||
418062336||418070527||1156045858||ca||
418078720||418082815||1109653200||ca||
418086912||418119679||1109653200||ca||
418643968||418668543||1109653200||ca||
418693120||418709503||1109653200||ca||
788529152||805306367||1109653200||ca||
1040466944||1040466959||1109653200||ca||
1050505216||1050505247||1109653200||ca||
1062545920||1062546431||1109653200||ca||
1065811968||1065820159||1109653200||ca||
1066627336||1066627343||1109653200||ca||
1067481856||1067482111||1109653200||ca||
1067727360||1067727367||1109653200||ca||
1067762816||1067762831||1109653200||ca||
1067923232||1067923239||1109653200||ca||
1067977896||1067977903||1109653200||ca||
1068284736||1068284743||1109653200||ca||
1072680624||1072680631||1109653200||ca||
1072922880||1072923391||1109653200||ca||
1072923648||1072924671||1109653200||ca||
1072924928||1072926207||1109653200||ca||
1072926472||1072926527||1109653200||ca||
1072926656||1072926719||1109653200||ca||
1072926976||1072927231||1109653200||ca||
1072928000||1072928047||1109653200||ca||
1072928096||1072928127||1109653200||ca||
1072928256||1072928319||1109653200||ca||
1072928384||1072928511||1109653200||ca||
1072928768||1072929279||1109653200||ca||
1072929536||1072930047||1109653200||ca||
1072931200||1072931327||1109653200||ca||
1072931584||1072931839||1109653200||ca||
1072932096||1072932351||1109653200||ca||
1072932864||1072933887||1109653200||ca||
1072934656||1072934783||1109653200||ca||
1072934848||1072934879||1109653200||ca||
1072934944||1072934975||1109653200||ca||
1072935040||1072935167||1109653200||ca||
1072935552||1072935679||1109653200||ca||
1072936064||1072936447||1109653200||ca||
1072937472||1072937727||1109653200||ca||
1072938240||1072938495||1109653200||ca||
1072939008||1072955391||1109653200||ca||
1073373184||1073381375||1109653200||ca||
1074020352||1074028543||1109653200||ca||
1074118656||1074120703||1109653200||ca||
1074120720||1074120959||1109653200||ca||
1074121216||1074122415||1109653200||ca||
1074122432||1074125055||1109653200||ca||
1074125312||1074126847||1109653200||ca||
1074127360||1074128511||1109653200||ca||
1074128576||1074135039||1109653200||ca||
1074233344||1074241535||1109653200||ca||
1074262016||1074266111||1109653200||ca||
1074741248||1074745343||1139319375||ca||
1074757632||1074765823||1161312212||ca||
1074937856||1074941951||1109653200||ca||
1074962432||1074970623||1109653200||ca||
1075421184||1075425279||1109653200||ca||
1075478528||1075494911||1109653200||ca||
1075512576||1075512831||1109653200||ca||
1075970048||1075972095||1109653200||ca||
1075976704||1075977087||1109653200||ca||
1075977216||1075978239||1109653200||ca||
1075981568||1075981823||1109653200||ca||
1075982336||1075982847||1109653200||ca||
1075983360||1075984383||1109653200||ca||
1075984896||1075985151||1109653200||ca||
1075986688||1075986943||1109653200||ca||
1075987200||1075987455||1109653200||ca||
1076338688||1076346879||1109653200||ca||
1076387840||1076391935||1109653200||ca||
1076391936||1076396031||1142397025||ca||
1076408320||1076412415||1109653200||ca||
1076543488||1076559871||1109653200||ca||
1076756480||1076760575||1144982019||ca||
1076850688||1076850943||1109653200||ca||
1077444608||1077452799||1109653200||ca||
1077469184||1077477375||1109653200||ca||
1077641216||1077657599||1109653200||ca||
1078282752||1078283007||1109653200||ca||
1078283424||1078283439||1109653200||ca||
1078284000||1078284031||1109653200||ca||
1078286336||1078286463||1109653200||ca||
1078286848||1078287007||1109653200||ca||
1078456320||1078460415||1109653200||ca||
1078517760||1078525951||1109653200||ca||
1078750232||1078750239||1109653200||ca||
1079320576||1079328767||1109653200||ca||
1079377920||1079378943||1109653200||ca||
1079379200||1079381183||1109653200||ca||
1079381248||1079381759||1109653200||ca||
1079383040||1079383295||1109653200||ca||
1079383552||1079383807||1109653200||ca||
1079384064||1079385343||1109653200||ca||
1079385600||1079386111||1109653200||ca||
1079386624||1079387135||1109653200||ca||
1079387648||1079389695||1109653200||ca||
1079391488||1079396351||1109653200||ca||
1079397376||1079397887||1109653200||ca||
1079398400||1079400703||1109653200||ca||
1079400736||1079403775||1109653200||ca||
1079404032||1079405023||1109653200||ca||
1079405376||1079408639||1109653200||ca||
1079408896||1079420671||1109653200||ca||
1079420928||1079422463||1109653200||ca||
1079423488||1079423999||1109653200||ca||
1079424768||1079426047||1109653200||ca||
1079426560||1079439359||1109653200||ca||
1079441408||1079443327||1109653200||ca||
1079476224||1079508991||1109653200||ca||
1079547648||1079547679||1109653200||ca||
1080999936||1081016319||1109653200||ca||
1081212928||1081278463||1109653200||ca||
1081565184||1081573375||1109653200||ca||
1082679744||1082679807||1109653200||ca||
1082681344||1082681471||1109653200||ca||
1082682624||1082682878||1109653200||ca||
1082982400||1083015167||1109653200||ca||
1083437056||1083441151||1109653200||ca||
1083686912||1083703295||1109653200||ca||
1084067584||1084067839||1109653200||ca||
1085440000||1085448191||1109653200||ca||
1085538304||1085603839||1109653200||ca||
1085997056||1086013439||1109653200||ca||
1086922752||1086930943||1109653200||ca||
1086955520||1086971903||1109653200||ca||
1088684032||1088946175||1109653200||ca||
1089167360||1089171455||1109653200||ca||
1089191936||1089200127||1109653200||ca||
1089482928||1089482935||1109653200||ca||
1089491600||1089491607||1109653200||ca||
1089494216||1089494223||1109653200||ca||
1089495792||1089495807||1109653200||ca||
1089503872||1089503879||1109653200||ca||
1089557552||1089557559||1109653200||ca||
1089559808||1089559871||1109653200||ca||
1089581288||1089581295||1109653200||ca||
1089593616||1089593623||1109653200||ca||
1089594368||1089594623||1109653200||ca||
1089607704||1089607711||1109653200||ca||
1089672264||1089672271||1109653200||ca||
1089674368||1089674383||1109653200||ca||
1089721504||1089721519||1109653200||ca||
1089721728||1089721791||1109653200||ca||
1089961984||1089970175||1109653200||ca||
1090207744||1090220031||1109653200||ca||
1090355200||1090363391||1109653200||ca||
1090387968||1090396159||1109653200||ca||
1090424832||1090428927||1109653200||ca||
1090445312||1090453503||1109653200||ca||
1091756032||1091764223||1109653200||ca||
1093025792||1093033983||1109653200||ca||
1093074944||1093091327||1109653200||ca||
1093107968||1093108223||1109653200||ca||
1093109504||1093109759||1109653200||ca||
1093110016||1093110527||1109653200||ca||
1093111296||1093111551||1109653200||ca||
1093112576||1093113855||1109653200||ca||
1093114368||1093114623||1109653200||ca||
1093114880||1093116415||1109653200||ca||
1093116928||1093117183||1109653200||ca||
1093117952||1093118463||1109653200||ca||
1093118720||1093118975||1109653200||ca||
1093120000||1093120255||1109653200||ca||
1093121024||1093121535||1109653200||ca||
1093123072||1093123839||1109653200||ca||
1093124608||1093124863||1109653200||ca||
1093125888||1093127167||1109653200||ca||
1093128192||1093128703||1109653200||ca||
1093128960||1093129727||1109653200||ca||
1093130752||1093131007||1109653200||ca||
1093132800||1093133055||1109653200||ca||
1093133312||1093133823||1109653200||ca||
1093134336||1093135615||1109653200||ca||
1093135872||1093136383||1109653200||ca||
1093136896||1093137151||1109653200||ca||
1093137408||1093138431||1109653200||ca||
1093139664||1093139679||1109653200||ca||
1093139712||1093140479||1109653200||ca||
1093689344||1093840895||1109653200||ca||
1094565888||1094582271||1109653200||ca||
1095627776||1095628287||1109653200||ca||
1096278016||1096282111||1109653200||ca||
1096282112||1096286207||1113109477||ca||
1096548352||1096810495||1109653200||ca||
1096925184||1096941567||1109653200||ca||
1097728000||1097736191||1109653200||ca||
1097768960||1097777151||1109653200||ca||
1097991840||1097991871||1109653200||ca||
1098188048||1098188055||1109653200||ca||
1101078456||1101078463||1109653200||ca||
1101113136||1101113143||1109653200||ca||
1101267712||1101267967||1109653200||ca||
1101339888||1101339903||1109653200||ca||
1101384416||1101384447||1109653200||ca||
1101445776||1101445791||1109653200||ca||
1101617680||1101617687||1109653200||ca||
1101676136||1101676143||1109653200||ca||
1101857296||1101857311||1109653200||ca||
1107288064||1107292159||1109653200||ca||
1107701760||1107705855||1109653200||ca||
1108033536||1108041727||1109653200||ca||
1108058112||1108066303||1109653200||ca||
1108525056||1108541439||1109653200||ca||
1109688320||1109696511||1109653200||ca||
1109819392||1109852159||1109653200||ca||
1110310912||1110376447||1109653200||ca||
1110445312||1110446591||1109653200||ca||
1110450688||1110450943||1109653200||ca||
1110452224||1110453247||1109653200||ca||
1110454272||1110455295||1109653200||ca||
1110459552||1110459615||1109653200||ca||
1110461760||1110461823||1109653200||ca||
1110462592||1110462719||1109653200||ca||
1110464768||1110465023||1109653200||ca||
1110472448||1110472703||1109653200||ca||
1110540288||1110573055||1109653200||ca||
1110663168||1110671359||1109653200||ca||
1110679552||1110683647||1109653200||ca||
1111195648||1111212031||1109653200||ca||
1112432640||1112440831||1151816937||ca||
1112530944||1112535039||1155871471||ca||
1113591808||1113595903||1109653200||ca||
1113657344||1113661439||1109653200||ca||
1113851360||1113851391||1109653200||ca||
1113854208||1113854463||1109653200||ca||
1113857024||1113857031||1109653200||ca||
1113889280||1113889535||1109653200||ca||
1113903296||1113903359||1109653200||ca||
1113905792||1113905807||1109653200||ca||
1113912544||1113912575||1109653200||ca||
1113919384||1113919391||1109653200||ca||
1113932816||1113932823||1109653200||ca||
1113989120||1113993215||1109653200||ca||
1113997312||1114001407||1109653200||ca||
1114038272||1114042367||1109653200||ca||
1114054656||1114062847||1109653200||ca||
1114095616||1114103807||1109653200||ca||
1114505216||1114509311||1109653200||ca||
1114510336||1114511359||1109653200||ca||
1114511616||1114513407||1109653200||ca||
1114515456||1114529791||1109653200||ca||
1114533888||1114550271||1109653200||ca||
1115136000||1115144191||1109653200||ca||
1115783168||1115791359||1109653200||ca||
1115815936||1115947007||1109653200||ca||
1116168192||1116172287||1109653200||ca||
1116897280||1116905471||1109653200||ca||
1117413376||1117414911||1109653200||ca||
1117415424||1117415679||1109653200||ca||
1117415936||1117421567||1109653200||ca||
1117683712||1117691903||1109653200||ca||
1117978624||1117986815||1109653200||ca||
1117995008||1117999103||1109653200||ca||
1118027776||1118031871||1109653200||ca||
1118120192||1118121471||1109653200||ca||
1118158848||1118167039||1109653200||ca||
1118474240||1118478335||1109653200||ca||
1119109120||1119113215||1109653200||ca||
1119289344||1119354879||1109653200||ca||
1119440896||1119444991||1109653200||ca||
1119502336||1119510527||1109653200||ca||
1119567872||1119571967||1109653200||ca||
1120076032||1120076287||1109653200||ca||
1120149504||1120153599||1109653200||ca||
1120272384||1120279039||1109653200||ca||
1120280576||1120281599||1109653200||ca||
1120282112||1120291583||1109653200||ca||
1120292864||1120294911||1109653200||ca||
1120296960||1120299007||1109653200||ca||
1120301056||1120306175||1109653200||ca||
1120306944||1120309247||1109653200||ca||
1120309504||1120309759||1109653200||ca||
1120310272||1120310783||1109653200||ca||
1120310816||1120311007||1109653200||ca||
1120311040||1120311295||1109653200||ca||
1120312448||1120312575||1109653200||ca||
1120313088||1120317439||1109653200||ca||
1120370944||1120371199||1109653200||ca||
1120372736||1120372991||1109653200||ca||
1120373760||1120374015||1109653200||ca||
1120375552||1120375807||1109653200||ca||
1120376832||1120377087||1109653200||ca||
1120377344||1120377599||1109653200||ca||
1120377856||1120378367||1109653200||ca||
1120378624||1120378879||1109653200||ca||
1120379392||1120379647||1109653200||ca||
1120380160||1120380415||1109653200||ca||
1120382464||1120382719||1109653200||ca||
1120384000||1120385023||1109653200||ca||
1120386560||1120387071||1109653200||ca||
1120518144||1120534527||1109653200||ca||
1120641024||1120653311||1109653200||ca||
1120854016||1120862207||1109653200||ca||
1120886784||1120894975||1109653200||ca||
1120911360||1120913343||1109653200||ca||
1120913352||1120913383||1109653200||ca||
1120913392||1120914415||1109653200||ca||
1120914432||1120914687||1109653200||ca||
1120914720||1120915695||1109653200||ca||
1120915712||1120918623||1109653200||ca||
1120918640||1120919551||1109653200||ca||
1121247240||1121247271||1109653200||ca||
1121247280||1121247527||1109653200||ca||
1121247544||1121247663||1109653200||ca||
1121247680||1121247823||1109653200||ca||
1121247840||1121247935||1109653200||ca||
1121248008||1121248087||1109653200||ca||
1121248096||1121248159||1109653200||ca||
1121248192||1121248343||1109653200||ca||
1121248352||1121248407||1109653200||ca||
1121248416||1121248511||1109653200||ca||
1121248768||1121248911||1109653200||ca||
1121248920||1121249663||1109653200||ca||
1121249696||1121250111||1109653200||ca||
1121250144||1121250239||1109653200||ca||
1121250816||1121255423||1109653200||ca||
1121878016||1121910783||1109653200||ca||
1122074624||1122082815||1131168318||ca||
1122082816||1122091007||1131167943||ca||
1122189312||1122190335||1109653200||ca||
1123123200||1123127295||1109653200||ca||
1123336192||1123352575||1109653200||ca||
1123811968||1123812031||1109653200||ca||
1123814144||1123814271||1109653200||ca||
1123814528||1123814655||1109653200||ca||
1123815936||1123816191||1109653200||ca||
1123950592||1123954687||1109653200||ca||
1125063168||1125063231||1109653200||ca||
1125066752||1125067263||1109653200||ca||
1125091776||1125091839||1109653200||ca||
1126924288||1126928383||1109653200||ca||
1126948864||1126952959||1109653200||ca||
1127677952||1127694335||1132718530||ca||
1127923712||1127931903||1140310143||ca||
1128529920||1128792063||1109653200||ca||
1132728832||1132729087||1109653200||ca||
1132742528||1132742559||1109653200||ca||
1134444544||1134448639||1109653200||ca||
1150287872||1150812159||1109653200||ca||
1152581632||1152593919||1130995481||ca||
1157713664||1157713791||1109653200||ca||
1157751552||1157752319||1109653200||ca||
1158193152||1158197247||1109653200||ca||
1158316032||1158317055||1109653200||ca||
1158317312||1158322943||1109653200||ca||
1158323200||1158324223||1109653200||ca||
1158340608||1158344703||1109653200||ca||
1158348800||1158381567||1109653200||ca||
1158774784||1158791167||1109653200||ca||
1159309248||1159309279||1109653200||ca||
1159348224||1159356415||1109653200||ca||
1159421952||1159430143||1109653200||ca||
1159512576||1159512831||1109653200||ca||
1159513088||1159513343||1109653200||ca||
1159513856||1159514111||1109653200||ca||
1159515136||1159515647||1109653200||ca||
1159515808||1159515839||1109653200||ca||
1159515904||1159516159||1109653200||ca||
1159517696||1159517951||1109653200||ca||
1159519744||1159520767||1109653200||ca||
1159521280||1159521535||1109653200||ca||
1159522304||1159524351||1109653200||ca||
1159526400||1159526911||1109653200||ca||
1159527936||1159528191||1109653200||ca||
1159708672||1159716863||1123301611||ca||
1160011776||1160015871||1109653200||ca||
1160364032||1160368127||1109653200||ca||
1160544048||1160544071||1109653200||ca||
1160667136||1160671231||1109653200||ca||
1160683520||1160687615||1136095684||ca||
1160847360||1160851455||1109653200||ca||
1160864000||1160864255||1109653200||ca||
1160970432||1160970439||1109653200||ca||
1160973584||1160973599||1109653200||ca||
1160975872||1160978431||1109653200||ca||
1161019392||1161031679||1109653200||ca||
1161031680||1161035775||1138079315||ca||
1161363456||1161367551||1109653200||ca||
1161617408||1161625599||1109653200||ca||
1161764864||1161773055||1109653200||ca||
1162059776||1162067967||1109653200||ca||
1162215424||1162280959||1109653200||ca||
1162297344||1162305535||1109653200||ca||
1163526144||1163526911||1109653200||ca||
1163528192||1163529215||1109653200||ca||
1163529472||1163529727||1109653200||ca||
1163530752||1163532799||1109653200||ca||
1163533056||1163533311||1109653200||ca||
1163533568||1163533631||1109653200||ca||
1163535360||1163535615||1109653200||ca||
1163535872||1163536383||1109653200||ca||
1163537408||1163537919||1109653200||ca||
1163538176||1163540479||1109653200||ca||
1163542016||1163542783||1109653200||ca||
1163543040||1163543551||1109653200||ca||
1163544064||1163544319||1109653200||ca||
1163544512||1163544575||1109653200||ca||
1163544640||1163544687||1109653200||ca||
1163545216||1163545343||1109653200||ca||
1163545472||1163546879||1109653200||ca||
1163547136||1163547391||1109653200||ca||
1163547648||1163547903||1109653200||ca||
1163548160||1163548927||1109653200||ca||
1163549184||1163550207||1109653200||ca||
1163550464||1163550719||1109653200||ca||
1163551744||1163552255||1109653200||ca||
1163553536||1163553791||1109653200||ca||
1163554048||1163554559||1109653200||ca||
1163556096||1163556607||1109653200||ca||
1163560192||1163560447||1109653200||ca||
1163561216||1163561727||1109653200||ca||
1163562208||1163563007||1109653200||ca||
1163571200||1163571967||1109653200||ca||
1163575296||1163575551||1109653200||ca||
1163575808||1163576319||1109653200||ca||
1163576640||1163576831||1109653200||ca||
1163577344||1163577599||1109653200||ca||
1163581696||1163581951||1109653200||ca||
1163582208||1163583487||1109653200||ca||
1163587584||1163588223||1109653200||ca||
1163588864||1163590143||1109653200||ca||
1167851520||1168113663||1109653200||ca||
1170210816||1170735103||1109653200||ca||
1175977984||1176502271||1109653200||ca||
1177550848||1177878527||1109653200||ca||
1177878528||1178075135||1138428283||ca||
1178599424||1179647999||1109653200||ca||
1179648000||1179844607||1109653200||ca||
1179844608||1179910143||1135919387||ca||
1191673856||1191690239||1152412543||ca||
1192296448||1192312831||1143779376||ca||
1192427520||1192443903||1141275895||ca||
1192493056||1192542207||1109653200||ca||
1207975936||1207980031||1109653200||ca||
1208008704||1208012799||1109653200||ca||
1208074240||1208082431||1109653200||ca||
1208090624||1208098815||1109653200||ca||
1208590336||1208598527||1109653200||ca||
1208647680||1208651775||1109653200||ca||
1208655872||1208659967||1109653200||ca||
1208721408||1208725503||1162092760||ca||
1208778752||1208786943||1109653200||ca||
1208852480||1208856575||1109653200||ca||
1208975360||1208983551||1109653200||ca||
1209647104||1209655295||1109653200||ca||
1209917440||1209921535||1109653200||ca||
1210449920||1210515455||1129696446||ca||
1211432960||1211473919||1149740478||ca||
1211629568||1211662335||1128397866||ca||
1211662336||1212153855||1129866252||ca||
1216872448||1217396735||1130209985||ca||
1242300416||1242562559||1160960181||ca||
1245184000||1245249535||1143607814||ca||
1245249536||1245315071||1156739187||ca||
1247805440||1249550335||1150948482||ca||
1346700224||1346700255||1109653200||ca||
1410015776||1410015807||1109653200||ca||
2150301696||2150367231||1109653200||ca||
2154037248||2154102783||1109653200||ca||
2156920832||2156986367||1109653200||ca||
2159869952||2159935487||1109653200||ca||
2162753536||2162819071||1109653200||ca||
2170617856||2170683391||1109653200||ca||
2170814464||2170879999||1109653200||ca||
2172649472||2172715007||1109653200||ca||
2175598592||2175664127||1109653200||ca||
2181824512||2181890047||1109653200||ca||
2182021120||2182086655||1109653200||ca||
2185166848||2185232383||1109653200||ca||
2188443648||2188509183||1109653200||ca||
2192769024||2192834559||1109653200||ca||
2197422080||2197487615||1109653200||ca||
2204631040||2204696575||1109653200||ca||
2206269440||2206334975||1109653200||ca||
2206466048||2207121407||1109653200||ca||
2207449088||2207711231||1109653200||ca||
2208432128||2208563199||1109653200||ca||
2210594816||2210660351||1109653200||ca||
2211053568||2211119103||1109653200||ca||
2211774464||2211839999||1109653200||ca||
2213019648||2213085183||1109653200||ca||
2213216256||2213281791||1109653200||ca||
2224816128||2224881663||1109653200||ca||
2227830784||2229141503||1109653200||ca||
2229338112||2229403647||1109653200||ca||
2230714368||2230779903||1109653200||ca||
2231042048||2231107583||1109653200||ca||
2249588736||2249654271||1109653200||ca||
2250178560||2250244095||1109653200||ca||
2253848576||2253914111||1109653200||ca||
2255814656||2255880191||1109653200||ca||
2257977344||2258042879||1109653200||ca||
2258173952||2258239487||1109653200||ca||
2260598784||2260664319||1109653200||ca||
2261188608||2261254143||1109653200||ca||
2265710592||2265776127||1109653200||ca||
2276786176||2276851711||1109653200||ca||
2291269632||2291400703||1109653200||ca||
2292121600||2292187135||1109653200||ca||
2299461632||2299527167||1109653200||ca||
2303328256||2303393791||1109653200||ca||
2303852544||2303918079||1109653200||ca||
2304638976||2304704511||1109653200||ca||
2306146304||2306211839||1109653200||ca||
2306473984||2306539519||1109653200||ca||
2308243456||2308308991||1109653200||ca||
2310668288||2310733823||1109653200||ca||
2312044544||2312110079||1109653200||ca||
2315911168||2316042239||1109653200||ca||
2317484032||2317549567||1109653200||ca||
2318598144||2318663679||1109653200||ca||
2320039936||2320105471||1109653200||ca||
2320629760||2320695295||1109653200||ca||
2323054592||2323185663||1109653200||ca||
2329280512||2329346047||1109653200||ca||
2329542656||2329608191||1109653200||ca||
2335178752||2335244287||1109653200||ca||
2335768576||2335834111||1109653200||ca||
2338783232||2338848767||1109653200||ca||
2341339136||2341404671||1109653200||ca||
2343370752||2343436287||1109653200||ca||
2354053120||2354118655||1109653200||ca||
2354511872||2354577407||1109653200||ca||
2359361536||2359427071||1109653200||ca||
2359754752||2359820287||1109653200||ca||
2360868864||2360934399||1109653200||ca||
2361458688||2361524223||1109653200||ca||
2363883520||2363949055||1109653200||ca||
2372730880||2372796415||1109653200||ca||
2373255168||2373451775||1109653200||ca||
2382430208||2383085567||1109653200||ca||
2383151104||2387410943||1109653200||ca||
2387476480||2387542015||1109653200||ca||
2387607552||2388328447||1109653200||ca||
2388393984||2389245951||1109653200||ca||
2389311488||2389639167||1109653200||ca||
2389704704||2390818815||1109653200||ca||
2390884352||2394947583||1109653200||ca||
2395013120||2395209727||1109653200||ca||
2395340800||2397700095||1109653200||ca||
2397765632||2398748671||1109653200||ca||
2398945280||2399010815||1109653200||ca||
2428633088||2428698623||1109653200||ca||
2458058752||2458124287||1109653200||ca||
2490695680||2490761215||1109653200||ca||
2506293248||2506358783||1109653200||ca||
2584018944||2584084479||1109653200||ca||
2584412160||2584477695||1109653200||ca||
2585001984||2585067519||1109653200||ca||
2600665088||2600730623||1109653200||ca||
2601123840||2601189375||1109653200||ca||
2601451520||2601517055||1109653200||ca||
2604531712||2604597247||1109653200||ca||
2613182464||2613247999||1109653200||ca||
2617966592||2618032127||1109653200||ca||
2619473920||2619539455||1109653200||ca||
2620129280||2620194815||1109653200||ca||
2620981248||2621046783||1109653200||ca||
2622423040||2622488575||1109653200||ca||
2640379904||2640445439||1109653200||ca||
2650013696||2650079231||1109653200||ca||
2654142464||2654207999||1109653200||ca||
2659188736||2659254271||1109653200||ca||
2659909632||2659975167||1109653200||ca||
2660040704||2660106239||1109653200||ca||
2661482496||2661548031||1109653200||ca||
2667970560||2668036095||1109653200||ca||
2668756992||2668822527||1109653200||ca||
2669674496||2669805567||1109653200||ca||
2671181824||2671247359||1109653200||ca||
2673410048||2673475583||1109653200||ca||
2675965952||2676031487||1109653200||ca||
2677997568||2678063103||1109653200||ca||
2678259712||2678325247||1109653200||ca||
2679046144||2679111679||1109653200||ca||
2679177216||2679242751||1109653200||ca||
2681077760||2681143295||1109653200||ca||
2681208832||2681274367||1109653200||ca||
2682716160||2682781695||1109653200||ca||
2689073152||2689138687||1109653200||ca||
2691301376||2691366911||1109653200||ca||
2698969088||2699034623||1109653200||ca||
2702376960||2702442495||1109653200||ca||
2710372352||2710437887||1109653200||ca||
2713190400||2713255935||1109653200||ca||
2713387008||2713452543||1109653200||ca||
2715287552||2715353087||1109653200||ca||
2721382400||2721447935||1109653200||ca||
2722693120||2722758655||1109653200||ca||
2723479552||2723545087||1109653200||ca||
2724855808||2724921343||1109653200||ca||
2727018496||2727084031||1109653200||ca||
2742747136||2742812671||1109653200||ca||
2744844288||2744909823||1109653200||ca||
2758148096||2758213631||1109653200||ca||
2762342400||2762407935||1109653200||ca||
2763128832||2763194367||1109653200||ca||
2769747968||2769813503||1109653200||ca||
2773352448||2773417983||1109653200||ca||
2775777280||2775842815||1109653200||ca||
2778333184||2778398719||1109653200||ca||
2779906048||2779971583||1109653200||ca||
2780364800||2780430335||1109653200||ca||
2802515968||2802581503||1109653200||ca||
2802909184||2802974719||1109653200||ca||
2803892224||2805465087||1109653200||ca||
2806644736||2806710271||1109653200||ca||
2807824384||2807889919||1109653200||ca||
2809987072||2810052607||1109653200||ca||
2810249216||2810314751||1109653200||ca||
2816671744||2816737279||1109653200||ca||
2828009472||2828075007||1109653200||ca||
3221577728||3221577983||1109653200||ca||
3221590016||3221590271||1109653200||ca||
3221605376||3221605887||1109653200||ca||
3222027776||3222028031||1109653200||ca||
3222036992||3222037247||1109653200||ca||
3222044928||3222045183||1109653200||ca||
3222056448||3222059007||1109653200||ca||
3222066944||3222067199||1109653200||ca||
3222326528||3222339583||1109653200||ca||
3222983168||3222983935||1109653200||ca||
3222989568||3222989823||1109653200||ca||
3223227904||3223228159||1109653200||ca||
3223229696||3223229951||1109653200||ca||
3223243264||3223243519||1109653200||ca||
3223249408||3223249663||1109653200||ca||
3223258624||3223258879||1109653200||ca||
3223303168||3223303423||1109653200||ca||
3223314432||3223314687||1109653200||ca||
3223471616||3223471871||1109653200||ca||
3223500032||3223503871||1109653200||ca||
3223504640||3223504895||1109653200||ca||
3223556096||3223556351||1109653200||ca||
3223583744||3223583999||1109653200||ca||
3223911936||3223912191||1109653200||ca||
3223950336||3223950591||1109653200||ca||
3223963904||3223964159||1109653200||ca||
3223979264||3223979775||1109653200||ca||
3223991808||3223992063||1109653200||ca||
3223995392||3223995647||1109653200||ca||
3224001024||3224001279||1109653200||ca||
3224029696||3224030463||1109653200||ca||
3224030720||3224030975||1109653200||ca||
3224099584||3224099839||1109653200||ca||
3224407296||3224407551||1109653200||ca||
3224431104||3224431359||1109653200||ca||
3224660992||3224661247||1109653200||ca||
3224694528||3224694783||1109653200||ca||
3224795392||3224795647||1109653200||ca||
3224826368||3224826623||1109653200||ca||
3224879616||3224879871||1109653200||ca||
3224882688||3224882943||1109653200||ca||
3224885248||3224885503||1109653200||ca||
3224887296||3224887551||1109653200||ca||
3224892160||3224892415||1109653200||ca||
3225057536||3225057791||1109653200||ca||
3225076224||3225076479||1109653200||ca||
3225081088||3225081343||1109653200||ca||
3225089280||3225089535||1109653200||ca||
3225429504||3225429759||1109653200||ca||
3225460480||3225460735||1109653200||ca||
3225460992||3225462015||1109653200||ca||
3225618688||3225618943||1109653200||ca||
3225627904||3225628159||1109653200||ca||
3225643264||3225643775||1109653200||ca||
3225695488||3225701119||1109653200||ca||
3225715456||3225715711||1109653200||ca||
3225716992||3225717247||1109653200||ca||
3225729024||3225729279||1109653200||ca||
3225740544||3225740799||1109653200||ca||
3225857024||3225857279||1109653200||ca||
3225858048||3225858559||1109653200||ca||
3225870336||3225870591||1109653200||ca||
3226010880||3226011135||1109653200||ca||
3226140928||3226143487||1109653200||ca||
3226143744||3226156543||1109653200||ca||
3226156800||3226167807||1109653200||ca||
3226168064||3226175231||1109653200||ca||
3226175744||3226188543||1109653200||ca||
3226189056||3226189311||1109653200||ca||
3226189568||3226189823||1109653200||ca||
3226191872||3226194687||1109653200||ca||
3226194944||3226201855||1109653200||ca||
3226202112||3226205951||1109653200||ca||
3226283520||3226291199||1109653200||ca||
3226555648||3226555903||1109653200||ca||
3226625536||3226625791||1109653200||ca||
3226626048||3226626303||1109653200||ca||
3226629376||3226629631||1109653200||ca||
3226632192||3226633215||1109653200||ca||
3226637824||3226638079||1109653200||ca||
3226690816||3226691071||1109653200||ca||
3226695936||3226696191||1109653200||ca||
3226728192||3226728447||1109653200||ca||
3226861824||3226862079||1109653200||ca||
3227243008||3227243263||1109653200||ca||
3227418112||3227418367||1109653200||ca||
3227804928||3227805183||1109653200||ca||
3227912960||3227913215||1109653200||ca||
3228271360||3228271615||1109653200||ca||
3229834752||3229835007||1109653200||ca||
3229835520||3229835775||1109653200||ca||
3229845760||3229847295||1109653200||ca||
3229881088||3229881343||1109653200||ca||
3229891584||3229891839||1109653200||ca||
3229937920||3229938175||1109653200||ca||
3230085120||3230085375||1109653200||ca||
3230092544||3230092799||1109653200||ca||
3230094080||3230094335||1109653200||ca||
3230145280||3230145535||1109653200||ca||
3230167552||3230168063||1109653200||ca||
3230302208||3230302975||1109653200||ca||
3230316800||3230317311||1109653200||ca||
3230335232||3230336255||1109653200||ca||
3230336512||3230339583||1109653200||ca||
3230339840||3230340095||1109653200||ca||
3230340352||3230350847||1109653200||ca||
3230351104||3230354943||1109653200||ca||
3230355200||3230368511||1109653200||ca||
3230370304||3230370559||1109653200||ca||
3230370816||3230372607||1109653200||ca||
3230372864||3230387455||1109653200||ca||
3230387712||3230400255||1109653200||ca||
3230833664||3230833919||1109653200||ca||
3230913792||3230914047||1109653200||ca||
3230980352||3230980607||1109653200||ca||
3231003904||3231004159||1109653200||ca||
3231010816||3231011071||1109653200||ca||
3231015424||3231015679||1109653200||ca||
3231021824||3231022079||1109653200||ca||
3231149312||3231149567||1109653200||ca||
3231211776||3231212031||1109653200||ca||
3231214336||3231214591||1109653200||ca||
3231229184||3231229439||1109653200||ca||
3231236864||3231237119||1109653200||ca||
3231250432||3231250687||1109653200||ca||
3231308032||3231308287||1109653200||ca||
3231308800||3231309055||1109653200||ca||
3231556608||3231556863||1109653200||ca||
3231558912||3231559167||1109653200||ca||
3231562240||3231562495||1109653200||ca||
3231663872||3231664127||1109653200||ca||
3231669760||3231670015||1109653200||ca||
3231672832||3231673087||1109653200||ca||
3231674112||3231674367||1109653200||ca||
3231713024||3231713279||1109653200||ca||
3231753984||3231754239||1109653200||ca||
3232561664||3232561919||1109653200||ca||
3232562688||3232562943||1109653200||ca||
3233589248||3233589759||1109653200||ca||
3233617408||3233617663||1109653200||ca||
3233628928||3233629439||1109653200||ca||
3233696512||3233696767||1109653200||ca||
3234136064||3234150911||1109653200||ca||
3234151424||3234158847||1109653200||ca||
3234159104||3234159359||1109653200||ca||
3234160128||3234167295||1109653200||ca||
3234167808||3234172927||1109653200||ca||
3234173952||3234175999||1109653200||ca||
3234177280||3234187007||1109653200||ca||
3234187520||3234189055||1109653200||ca||
3234189312||3234192383||1109653200||ca||
3234193664||3234198783||1109653200||ca||
3234199040||3234201343||1109653200||ca||
3234556416||3234556927||1109653200||ca||
3234579712||3234579967||1109653200||ca||
3234581248||3234581503||1109653200||ca||
3234726144||3234726399||1109653200||ca||
3234733056||3234733311||1109653200||ca||
3234749696||3234750207||1109653200||ca||
3234763264||3234764799||1109653200||ca||
3234772224||3234772479||1109653200||ca||
3234781440||3234781951||1109653200||ca||
3234810880||3234811135||1109653200||ca||
3234826752||3234827007||1109653200||ca||
3234857216||3234861055||1109653200||ca||
3234988288||3234990847||1109653200||ca||
3235578112||3235641855||1109653200||ca||
3235642112||3235643135||1109653200||ca||
3235774720||3235776767||1109653200||ca||
3236044800||3236052991||1109653200||ca||
3236167936||3236175871||1109653200||ca||
3236381184||3236381439||1109653200||ca||
3236387072||3236387327||1109653200||ca||
3236408320||3236409087||1109653200||ca||
3236427520||3236427775||1109653200||ca||
3236566784||3236567039||1109653200||ca||
3236585984||3236586239||1109653200||ca||
3236604672||3236604927||1109653200||ca||
3236617984||3236619775||1109653200||ca||
3236625920||3236626175||1109653200||ca||
3236757504||3236765695||1109653200||ca||
3237287936||3237288191||1109653200||ca||
3237294848||3237295103||1109653200||ca||
3237305088||3237305343||1109653200||ca||
3237325824||3237326079||1109653200||ca||
3237328640||3237328895||1109653200||ca||
3237340160||3237340415||1109653200||ca||
3237615616||3237616895||1109653200||ca||
3237681664||3237682943||1109653200||ca||
3237688320||3237689343||1109653200||ca||
3237698304||3237698559||1109653200||ca||
3237716992||3237717247||1109653200||ca||
3237717504||3237717759||1109653200||ca||
3237725184||3237725439||1109653200||ca||
3237734144||3237734399||1109653200||ca||
3239859968||3239860223||1109653200||ca||
3262472512||3262472515||1109653200||ca||
3262472576||3262472579||1109653200||ca||
3262472616||3262472619||1109653200||ca||
3262472764||3262472767||1109653200||ca||
3262472884||3262472891||1109653200||ca||
3262472956||3262472959||1109653200||ca||
3262473479||3262473480||1109653200||ca||
3262473486||3262473486||1109653200||ca||
3262473544||3262473544||1109653200||ca||
3262473549||3262473549||1109653200||ca||
3262473568||3262473568||1109653200||ca||
3262473583||3262473583||1109653200||ca||
3262473587||3262473587||1109653200||ca||
3262473664||3262473664||1109653200||ca||
3262473689||3262473689||1109653200||ca||
3262473736||3262473736||1109653200||ca||
3262475080||3262475080||1109653200||ca||
3262476276||3262476279||1109653200||ca||
3262476456||3262476459||1109653200||ca||
3262476472||3262476475||1109653200||ca||
3262476736||3262476739||1109653200||ca||
3262476800||3262476803||1109653200||ca||
3262477008||3262477011||1109653200||ca||
3262477240||3262477243||1109653200||ca||
3262477336||3262477339||1109653200||ca||
3262477560||3262477563||1109653200||ca||
3262477584||3262477587||1109653200||ca||
3262477772||3262477775||1109653200||ca||
3262477808||3262477811||1109653200||ca||
3262477856||3262477859||1109653200||ca||
3262477940||3262477943||1109653200||ca||
3262477960||3262477963||1109653200||ca||
3277467472||3277467551||1109653200||ca||
3278939324||3278939327||1109653200||ca||
3278939336||3278939339||1109653200||ca||
3278941320||3278941323||1109653200||ca||
3278941372||3278941375||1109653200||ca||
3278941500||3278941503||1109653200||ca||
3278941616||3278941619||1109653200||ca||
3278941664||3278941667||1109653200||ca||
3278941736||3278941739||1109653200||ca||
3278941744||3278941747||1109653200||ca||
3278941892||3278941895||1109653200||ca||
3278944273||3278944273||1109653200||ca||
3278944275||3278944275||1109653200||ca||
3278944287||3278944288||1109653200||ca||
3278944294||3278944294||1109653200||ca||
3278944368||3278944368||1109653200||ca||
3278944389||3278944389||1109653200||ca||
3278944391||3278944391||1109653200||ca||
3278944396||3278944396||1109653200||ca||
3278944402||3278944402||1109653200||ca||
3278944413||3278944413||1109653200||ca||
3278944420||3278944420||1109653200||ca||
3278944450||3278944451||1109653200||ca||
3278944521||3278944521||1109653200||ca||
3278944523||3278944523||1109653200||ca||
3278944527||3278944527||1109653200||ca||
3278944529||3278944529||1109653200||ca||
3278944545||3278944545||1109653200||ca||
3278944562||3278944562||1109653200||ca||
3278944564||3278944564||1109653200||ca||
3278944678||3278944678||1109653200||ca||
3278944680||3278944680||1109653200||ca||
3278944697||3278944697||1109653200||ca||
3278944715||3278944715||1109653200||ca||
3278944719||3278944719||1109653200||ca||
3278944721||3278944721||1109653200||ca||
3278944740||3278944740||1109653200||ca||
3278944852||3278944855||1109653200||ca||
3278944964||3278944971||1109653200||ca||
3278944976||3278944995||1109653200||ca||
3278945152||3278945155||1109653200||ca||
3278945192||3278945199||1109653200||ca||
3278945228||3278945235||1109653200||ca||
3278945248||3278945255||1109653200||ca||
3278945280||3278945283||1109653200||ca||
3278945308||3278945311||1109653200||ca||
3278945328||3278945331||1109653200||ca||
3278945336||3278945339||1109653200||ca||
3278945428||3278945431||1109653200||ca||
3278945524||3278945527||1109653200||ca||
3284721664||3284721919||1109653200||ca||
3284722944||3284729855||1109653200||ca||
3290107352||3290107359||1109653200||ca||
3290107376||3290107383||1109653200||ca||
3290112000||3290112127||1109653200||ca||
3323013888||3323014143||1109653200||ca||
3323017728||3323017983||1109653200||ca||
3323027456||3323027711||1109653200||ca||
3323038720||3323038975||1109653200||ca||
3323201536||3323203583||1109653200||ca||
3323207680||3323215871||1109653200||ca||
3323331072||3323331839||1109653200||ca||
3323356672||3323356927||1109653200||ca||
3323378688||3323378943||1109653200||ca||
3323391232||3323391487||1109653200||ca||
3323805696||3323806207||1109653200||ca||
3324051456||3324182527||1109653200||ca||
3324379136||3324380159||1109653200||ca||
3325136128||3325136383||1109653200||ca||
3325144832||3325145087||1109653200||ca||
3325259776||3325261311||1109653200||ca||
3325269760||3325270015||1109653200||ca||
3325271040||3325271295||1109653200||ca||
3325304832||3325307647||1109653200||ca||
3325307904||3325308927||1109653200||ca||
3325362176||3325427711||1109653200||ca||
3325640704||3325644799||1109653200||ca||
3325956096||3325960191||1109653200||ca||
3325976064||3325976319||1109653200||ca||
3325980672||3325980927||1109653200||ca||
3325992448||3325992959||1109653200||ca||
3325996800||3325997055||1109653200||ca||
3326390528||3326390535||1109653200||ca||
3326680832||3326681087||1109653200||ca||
3326681344||3326682623||1109653200||ca||
3326682880||3326697215||1109653200||ca||
3326699776||3326713343||1109653200||ca||
3326714112||3326728703||1109653200||ca||
3326728960||3326729215||1109653200||ca||
3326729472||3326729727||1109653200||ca||
3326734336||3326737663||1109653200||ca||
3326737920||3326738175||1109653200||ca||
3327723520||3327725311||1109653200||ca||
3328180480||3328181247||1109653200||ca||
3328181760||3328185855||1109653200||ca||
3328186112||3328187647||1109653200||ca||
3328187904||3328202751||1109653200||ca||
3328204800||3328235263||1109653200||ca||
3328235520||3328236799||1109653200||ca||
3328237312||3328245759||1109653200||ca||
3328420352||3328420607||1109653200||ca||
3328432640||3328433663||1109653200||ca||
3328475136||3328477183||1109653200||ca||
3328617984||3328618239||1109653200||ca||
3328630784||3328631807||1109653200||ca||
3328638976||3328704511||1109653200||ca||
3330614272||3330614527||1109653200||ca||
3330621440||3330623743||1109653200||ca||
3330646528||3330647295||1109653200||ca||
3330649600||3330649855||1109653200||ca||
3330664192||3330664447||1109653200||ca||
3330714368||3330714623||1109653200||ca||
3330726656||3330726911||1109653200||ca||
3330754560||3330754815||1109653200||ca||
3330763520||3330763775||1109653200||ca||
3330765824||3330766335||1109653200||ca||
3330791424||3330791679||1109653200||ca||
3331102464||3331102719||1109653200||ca||
3331647232||3331647487||1109653200||ca||
3331649280||3331649535||1109653200||ca||
3332440320||3332460543||1109653200||ca||
3332460800||3332462335||1109653200||ca||
3332462592||3332473855||1109653200||ca||
3332477952||3332482303||1109653200||ca||
3332484096||3332491263||1109653200||ca||
3332492032||3332500735||1109653200||ca||
3332500992||3332505343||1109653200||ca||
3332505856||3332508671||1109653200||ca||
3332508928||3332528127||1109653200||ca||
3332529664||3332554751||1109653200||ca||
3332558848||3332564479||1109653200||ca||
3332564736||3332570879||1109653200||ca||
3332571392||3332579327||1109653200||ca||
3332581376||3332590079||1109653200||ca||
3332590592||3332594687||1109653200||ca||
3332594944||3332595455||1109653200||ca||
3332595712||3332610815||1109653200||ca||
3332611072||3332611327||1109653200||ca||
3332611584||3332617471||1109653200||ca||
3332624384||3332636415||1109653200||ca||
3332636672||3332833279||1109653200||ca||
3332833536||3332841471||1109653200||ca||
3332841728||3332866303||1109653200||ca||
3332874240||3332875007||1109653200||ca||
3332897280||3332898559||1109653200||ca||
3332899072||3332922879||1109653200||ca||
3332923392||3332925695||1109653200||ca||
3332929024||3332930559||1109653200||ca||
3332931328||3332964095||1109653200||ca||
3332964352||3332966143||1109653200||ca||
3332966400||3332966911||1109653200||ca||
3332967424||3332979967||1109653200||ca||
3332980736||3332988927||1109653200||ca||
3332989952||3333008383||1109653200||ca||
3333008896||3333012479||1109653200||ca||
3333012992||3333014015||1109653200||ca||
3333014528||3333017599||1109653200||ca||
3333018112||3333023231||1109653200||ca||
3333025280||3333029631||1109653200||ca||
3333997824||3333998079||1109653200||ca||
3337055232||3337060351||1109653200||ca||
3337289984||3337303551||1109653200||ca||
3337304064||3337323007||1109653200||ca||
3337324544||3337335295||1109653200||ca||
3337335808||3337355007||1109653200||ca||
3340107776||3340369919||1109653200||ca||
3341484288||3341485055||1109653200||ca||
3341486080||3341513215||1109653200||ca||
3341513728||3341531135||1109653200||ca||
3341531392||3341533951||1109653200||ca||
3341534976||3341544959||1109653200||ca||
3341546240||3341547007||1109653200||ca||
3341547520||3341549311||1109653200||ca||
3342598400||3342603263||1109653200||ca||
3342604800||3342605311||1109653200||ca||
3342605568||3342614271||1109653200||ca||
3342614528||3342623743||1109653200||ca||
3342624256||3342627839||1109653200||ca||
3342628096||3342657535||1109653200||ca||
3342657792||3342663423||1109653200||ca||
3343319296||3343342847||1109653200||ca||
3343343104||3343346175||1109653200||ca||
3343346688||3343355391||1109653200||ca||
3343355904||3343359743||1109653200||ca||
3343360000||3343364095||1109653200||ca||
3343365632||3343366655||1109653200||ca||
3343366912||3343372543||1109653200||ca||
3343380480||3343384319||1109653200||ca||
3344171264||3344236287||1109653200||ca||
3344237056||3344242175||1109653200||ca||
3344242688||3344252671||1109653200||ca||
3344252928||3344255999||1109653200||ca||
3344261888||3344266239||1109653200||ca||
3344266752||3344287743||1109653200||ca||
3344288000||3344288767||1109653200||ca||
3344292864||3344296447||1109653200||ca||
3344299264||3344301823||1109653200||ca||
3346923520||3346989055||1109653200||ca||
3349446912||3349447167||1109653200||ca||
3349545216||3349545727||1109653200||ca||
3349545984||3349549567||1109653200||ca||
3349550080||3349551103||1109653200||ca||
3349553152||3349607423||1109653200||ca||
3349607936||3349608447||1109653200||ca||
3349609216||3349610239||1109653200||ca||
3350135040||3350145791||1109653200||ca||
3350151168||3350160639||1109653200||ca||
3350160896||3350175743||1109653200||ca||
3350176512||3350200063||1109653200||ca||
3350790400||3350814975||1109653200||ca||
3350815232||3350825727||1109653200||ca||
3350825984||3350834687||1109653200||ca||
3350835200||3350836223||1109653200||ca||
3350836992||3350837247||1109653200||ca||
3350837760||3350843391||1109653200||ca||
3350843648||3350855679||1109653200||ca||
3351642112||3351698431||1109653200||ca||
3351912448||3351963647||1109653200||ca||
3351964160||3351969791||1109653200||ca||
3352559872||3352563199||1109653200||ca||
3352563456||3352570111||1109653200||ca||
3352570368||3352573951||1109653200||ca||
3352574208||3352581631||1109653200||ca||
3352582144||3352583935||1109653200||ca||
3352584192||3352591359||1109653200||ca||
3352591616||3352615423||1109653200||ca||
3352616960||3352624895||1109653200||ca||
3352625152||3352887295||1109653200||ca||
3353979648||3353979903||1109653200||ca||
3353982720||3353983231||1109653200||ca||
3354066944||3354132479||1109653200||ca||
3354591232||3354656767||1109653200||ca||
3354782720||3354782975||1109653200||ca||
3354788096||3354823423||1109653200||ca||
3354823680||3354830847||1109653200||ca||
3354831360||3354853119||1109653200||ca||
3354853376||3354918911||1109653200||ca||
3355351040||3355351295||1109653200||ca||
3355372288||3355372543||1109653200||ca||
3423094784||3423095807||1109653200||ca||
3423143936||3423145983||1109653200||ca||
3423168512||3423170559||1109653200||ca||
3423182848||3423184895||1109653200||ca||
3423221760||3423222783||1109653200||ca||
3423258624||3423260671||1109653200||ca||
3423268864||3423269887||1109653200||ca||
3423285248||3423287295||1109653200||ca||
3423303680||3423304703||1109653200||ca||
3423584256||3423586303||1150176889||ca||
3423637504||3423639551||1138342373||ca||
3423709184||3423709439||1109653200||ca||
3423797504||3423827711||1109653200||ca||
3423827968||3423830271||1109653200||ca||
3423830528||3423838719||1109653200||ca||
3423838976||3423848447||1109653200||ca||
3423849984||3423850495||1109653200||ca||
3423850752||3423854335||1109653200||ca||
3423854592||3423858943||1109653200||ca||
3423859456||3423859711||1109653200||ca||
3423859968||3423862527||1109653200||ca||
3424493824||3424494079||1109653200||ca||
3425173504||3425304575||1109653200||ca||
3425697792||3425699839||1109653200||ca||
3425828864||3425894399||1109653200||ca||
3427127296||3427127551||1109653200||ca||
3427731456||3427731711||1109653200||ca||
3427762432||3427762687||1109653200||ca||
3427771648||3427771903||1109653200||ca||
3427791872||3427792383||1109653200||ca||
3427860480||3428057087||1109653200||ca||
3428286720||3428286975||1109653200||ca||
3428582656||3428582911||1109653200||ca||
3428591632||3428591647||1109653200||ca||
3428591656||3428591663||1109653200||ca||
3428594688||3428594943||1109653200||ca||
3428599552||3428599807||1109653200||ca||
3428600064||3428600319||1109653200||ca||
3428614144||3428619263||1109653200||ca||
3428620032||3428620095||1109653200||ca||
3428621824||3428621887||1109653200||ca||
3428622080||3428622095||1109653200||ca||
3428622336||3428624639||1109653200||ca||
3428634880||3428635135||1109653200||ca||
3428635904||3428636927||1109653200||ca||
3428637440||3428637951||1109653200||ca||
3428638976||3428639231||1109653200||ca||
3428642048||3428642303||1109653200||ca||
3429171200||3429236735||1109653200||ca||
3429892096||3429957631||1109653200||ca||
3430701056||3430702079||1109653200||ca||
3431114496||3431114751||1109653200||ca||
3431596288||3431602687||1109653200||ca||
3431602944||3431620095||1109653200||ca||
3431620352||3431621375||1109653200||ca||
3431622400||3431622655||1109653200||ca||
3431622912||3431624703||1109653200||ca||
3431624960||3431625215||1109653200||ca||
3431625472||3431638783||1109653200||ca||
3431639040||3431657471||1109653200||ca||
3431658496||3431661311||1109653200||ca||
3431753728||3431755007||1109653200||ca||
3432113408||3432113663||1109653200||ca||
3433955584||3433964799||1109653200||ca||
3433965056||3433967359||1109653200||ca||
3433967616||3433981951||1109653200||ca||
3433984000||3434014719||1109653200||ca||
3434015232||3434020607||1109653200||ca||
3434423296||3434423303||1109653200||ca||
3434807552||3434810111||1109653200||ca||
3434811392||3434831359||1109653200||ca||
3434831616||3434872575||1109653200||ca||
3435069440||3435134975||1109653200||ca||
3436249344||3436255743||1109653200||ca||
3436256256||3436314367||1109653200||ca||
3437297920||3437307391||1109653200||ca||
3437307904||3437331711||1109653200||ca||
3437331968||3437334015||1109653200||ca||
3437334272||3437336063||1109653200||ca||
3437336320||3437341695||1109653200||ca||
3437341952||3437343231||1109653200||ca||
3437343488||3437346303||1109653200||ca||
3437346560||3437350911||1109653200||ca||
3437351424||3437358847||1109653200||ca||
3437359104||3437362943||1109653200||ca||
3437363200||3437428735||1109653200||ca||
3438215424||3438215935||1109653200||ca||
3438216192||3438217983||1109653200||ca||
3438218240||3438218751||1109653200||ca||
3438219264||3438219519||1109653200||ca||
3438219776||3438246911||1109653200||ca||
3438247168||3438261759||1109653200||ca||
3438262016||3438280447||1109653200||ca||
3438542848||3438545471||1109653200||ca||
3438545480||3438545583||1109653200||ca||
3438545592||3438550071||1109653200||ca||
3438550080||3438550447||1109653200||ca||
3438550464||3438552271||1109653200||ca||
3438552288||3438570031||1109653200||ca||
3438570040||3438608383||1109653200||ca||
3448398336||3448399103||1109653200||ca||
3448399360||3448399871||1109653200||ca||
3449159680||3449159935||1109653200||ca||
3449160192||3449160447||1109653200||ca||
3449163776||3449164031||1109653200||ca||
3449164800||3449165055||1109653200||ca||
3449166848||3449167103||1109653200||ca||
3449167360||3449167615||1109653200||ca||
3449168384||3449168639||1109653200||ca||
3449171712||3449172223||1109653200||ca||
3449174016||3449174783||1109653200||ca||
3449177088||3449177599||1109653200||ca||
3449178112||3449178367||1109653200||ca||
3449178880||3449179391||1109653200||ca||
3449180672||3449180927||1109653200||ca||
3449182720||3449182975||1109653200||ca||
3449185536||3449185791||1109653200||ca||
3449187840||3449188095||1109653200||ca||
3449191224||3449191231||1109653200||ca||
3449191296||3449191303||1109653200||ca||
3449191352||3449191359||1109653200||ca||
3449194496||3449194751||1109653200||ca||
3449196032||3449196287||1109653200||ca||
3449202984||3449202991||1109653200||ca||
3449203176||3449203183||1109653200||ca||
3449203544||3449203551||1109653200||ca||
3449203696||3449203703||1109653200||ca||
3449204736||3449205759||1109653200||ca||
3449210624||3449211135||1109653200||ca||
3449211648||3449211903||1109653200||ca||
3449214552||3449214559||1109653200||ca||
3449215488||3449215743||1109653200||ca||
3449222912||3449223423||1109653200||ca||
3449224704||3449224959||1109653200||ca||
3449225472||3449254143||1109653200||ca||
3449254912||3449273599||1109653200||ca||
3449273856||3449279487||1109653200||ca||
3449280000||3449290495||1109653200||ca||
3449875456||3449876479||1109653200||ca||
3449910720||3449910783||1109653200||ca||
3449960128||3449960159||1109653200||ca||
3450773504||3450777599||1109653200||ca||
3451027456||3451043839||1109653200||ca||
3451715840||3451724543||1109653200||ca||
3451725568||3451726847||1109653200||ca||
3451727360||3451740927||1109653200||ca||
3451741184||3451767551||1109653200||ca||
3451767808||3451780863||1109653200||ca||
3451912192||3452174335||1109653200||ca||
3452436480||3452502015||1109653200||ca||
3452764160||3452895231||1109653200||ca||
3452895488||3452914175||1109653200||ca||
3452914432||3452920831||1109653200||ca||
3452923392||3452931327||1109653200||ca||
3452931584||3452934911||1109653200||ca||
3452936192||3452940799||1109653200||ca||
3452941056||3452942847||1109653200||ca||
3452943104||3452953087||1109653200||ca||
3452953344||3452960511||1109653200||ca||
3452960768||3452993535||1109653200||ca||
3453026560||3453028095||1109653200||ca||
3453028352||3453028607||1109653200||ca||
3453030400||3453034495||1109653200||ca||
3453092096||3453101055||1109653200||ca||
3453101312||3453123839||1109653200||ca||
3453124096||3453129983||1109653200||ca||
3453130240||3453149183||1109653200||ca||
3453149440||3453151743||1109653200||ca||
3453152000||3453155327||1109653200||ca||
3453155584||3453157119||1109653200||ca||
3453157632||3453159423||1109653200||ca||
3453159936||3453163519||1109653200||ca||
3453164032||3453180671||1109653200||ca||
3453180928||3453195263||1109653200||ca||
3453195520||3453199871||1109653200||ca||
3453200384||3453206527||1109653200||ca||
3453376000||3453376255||1109653200||ca||
3454599424||3454601215||1109653200||ca||
3454603008||3454603519||1109653200||ca||
3454604032||3454604799||1109653200||ca||
3454607360||3454609151||1109653200||ca||
3454611456||3454617343||1109653200||ca||
3454617600||3454617855||1109653200||ca||
3454618112||3454618367||1109653200||ca||
3454619648||3454634751||1109653200||ca||
3454636032||3454636799||1109653200||ca||
3454637056||3454661631||1109653200||ca||
3454662656||3454664447||1109653200||ca||
3454672896||3454681087||1109653200||ca||
3454796032||3454808831||1109653200||ca||
3454809088||3454810111||1109653200||ca||
3454810368||3454814975||1109653200||ca||
3454815232||3454815743||1109653200||ca||
3454816256||3454828287||1109653200||ca||
3454828544||3454861055||1109653200||ca||
3454861568||3454867711||1109653200||ca||
3454867968||3454881535||1109653200||ca||
3454881792||3454883839||1109653200||ca||
3454915072||3454926591||1109653200||ca||
3455242408||3455242415||1109653200||ca||
3455244848||3455244855||1109653200||ca||
3455713280||3455844351||1109653200||ca||
3456892928||3456958463||1109653200||ca||
3457683456||3457684479||1109653200||ca||
3457859840||3457860095||1109653200||ca||
3457862848||3457862911||1109653200||ca||
3458766016||3458766079||1109653200||ca||
3458813952||3458818047||1109653200||ca||
3459055616||3459121151||1109653200||ca||
3459186688||3459252223||1109653200||ca||
3459326464||3459327487||1109653200||ca||
3459334400||3459334655||1109653200||ca||
3459449088||3459450623||1109653200||ca||
3459450880||3459456511||1109653200||ca||
3459456768||3459457279||1109653200||ca||
3459457536||3459457791||1109653200||ca||
3459512320||3459513855||1109653200||ca||
3459592192||3459596287||1109653200||ca||
3459616768||3459620863||1109653200||ca||
3459731456||3459735551||1109653200||ca||
3461021696||3461031935||1109653200||ca||
3461032192||3461087231||1109653200||ca||
3461410816||3461414911||1109653200||ca||
3461513216||3461517055||1109653200||ca||
3461554176||3461556223||1109653200||ca||
3461808128||3461873663||1109653200||ca||
3462991184||3462991191||1109653200||ca||
3463089152||3463090175||1109653200||ca||
3463184640||3463193087||1109653200||ca||
3463193600||3463194623||1109653200||ca||
3463198720||3463213311||1109653200||ca||
3463217152||3463225343||1109653200||ca||
3463233536||3463243775||1109653200||ca||
3463245056||3463249663||1109653200||ca||
3463480064||3463480319||1109653200||ca||
3463708672||3463774207||1109653200||ca||
3464167680||3464169215||1109653200||ca||
3464169472||3464173567||1109653200||ca||
3464173824||3464174591||1109653200||ca||
3464175360||3464180735||1109653200||ca||
3464208384||3464216575||1150512020||ca||
3464384512||3464388607||1109653200||ca||
3464604160||3464604223||1109653200||ca||
3464626432||3464626687||1109653200||ca||
3464627968||3464628735||1109653200||ca||
3464628992||3464630015||1109653200||ca||
3464631296||3464631807||1109653200||ca||
3464632064||3464641791||1109653200||ca||
3464642560||3464642815||1109653200||ca||
3464643072||3464647935||1109653200||ca||
3464648192||3464648703||1109653200||ca||
3464649216||3464650239||1109653200||ca||
3464664320||3464684543||1109653200||ca||
3464684800||3464688383||1109653200||ca||
3464688640||3464691455||1109653200||ca||
3464769536||3464773631||1138342398||ca||
3466555200||3466555215||1109653200||ca||
3466756096||3466772479||1109653200||ca||
3466846208||3466854399||1109653200||ca||
3467051008||3467051263||1109653200||ca||
3467051520||3467065599||1109653200||ca||
3467065856||3467068927||1109653200||ca||
3467069440||3467116543||1109653200||ca||
3467378688||3467444223||1109653200||ca||
3467451904||3467452159||1109653200||ca||
3467558912||3467563007||1151295082||ca||
3467706368||3467902975||1109653200||ca||
3467952128||3467956223||1109653200||ca||
3468296192||3468361727||1109653200||ca||
3468623872||3468653567||1109653200||ca||
3469055744||3469055999||1109653200||ca||
3469893632||3469897727||1109653200||ca||
3470651392||3470655487||1109653200||ca||
3470671872||3470680063||1109653200||ca||
3470745856||3470746111||1109653200||ca||
3470749952||3470750207||1109653200||ca||
3470761984||3470766079||1109653200||ca||
3470778368||3470786559||1154923921||ca||
3471529216||3471529983||1109653200||ca||
3471558656||3471560703||1109653200||ca||
3471570944||3471572991||1109653200||ca||
3472392192||3472408575||1159162260||ca||
3473276928||3473342463||1109653200||ca||
3473813568||3473813599||1109653200||ca||
3474391040||3474456575||1109653200||ca||
3475112192||3475113215||1109653200||ca||
3475115008||3475120127||1109653200||ca||
3475124224||3475243007||1109653200||ca||
3475632128||3475636223||1109653200||ca||
3475745504||3475745535||1109653200||ca||
3475881984||3475890175||1109653200||ca||
3475996672||3476013055||1137898301||ca||
3476418560||3476422655||1109653200||ca||
3476447232||3476455423||1109653200||ca||
3476881408||3476946943||1109653200||ca||
3478192128||3478257663||1109653200||ca||
3479207936||3479240703||1109653200||ca||
3479568384||3479633919||1109653200||ca||
3479896064||3479961599||1109653200||ca||
3480223744||3480256511||1109653200||ca||
3480284160||3480284671||1109653200||ca||
3480444928||3480449023||1109653200||ca||
3481665536||3481731071||1109653200||ca||
3481812992||3481829375||1109653200||ca||
3481993216||3481993887||1109653200||ca||
3481993896||3482058751||1109653200||ca||
3482583040||3482632191||1109653200||ca||
3482910720||3482927103||1109653200||ca||
3483435008||3483533311||1109653200||ca||
3483631616||3483697151||1109653200||ca||
3483828224||3483836415||1109653200||ca||
3483877376||3483893759||1109653200||ca||
3483950752||3483950759||1109653200||ca||
3484450816||3484451071||1109653200||ca||
3484452096||3484452351||1109653200||ca||
3484453888||3484454143||1109653200||ca||
3484454400||3484455167||1109653200||ca||
3484458240||3484458495||1109653200||ca||
3484459008||3484459775||1109653200||ca||
3484460288||3484460543||1109653200||ca||
3484460736||3484460751||1109653200||ca||
3484462336||3484462591||1109653200||ca||
3484463616||3484463871||1109653200||ca||
3484464128||3484464143||1109653200||ca||
3484464832||3484464863||1109653200||ca||
3484466688||3484466943||1109653200||ca||
3484468480||3484468991||1109653200||ca||
3484469248||3484469759||1109653200||ca||
3484470272||3484470527||1109653200||ca||
3484474368||3484474623||1109653200||ca||
3484477184||3484477695||1109653200||ca||
3484480512||3484481023||1109653200||ca||
3484482560||3484482815||1109653200||ca||
3484647424||3484663807||1109653200||ca||
3484762112||3484778495||1109653200||ca||
3484884992||3484893183||1109653200||ca||
3485220864||3485229055||1109653200||ca||
3485327360||3485335551||1109653200||ca||
3485597696||3485695999||1109653200||ca||
3486023680||3486031871||1109653200||ca||
3486646272||3486658559||1128920001||ca||
3487039488||3487105023||1109653200||ca||
3487236096||3487301631||1109653200||ca||
3487766528||3487768575||1109653200||ca||
3487842304||3487858687||1109653200||ca||
3487891456||3487907839||1109653200||ca||
3488014336||3488022527||1109653200||ca||
3488071680||3488072703||1109653200||ca||
3488079872||3488083967||1109653200||ca||
3488112640||3488120831||1109653200||ca||
3488350208||3488415743||1109653200||ca||
3488940032||3488956415||1109653200||ca||
3488989184||3489005567||1109653200||ca||
3489341440||3489345535||1109653200||ca||
3489464320||3489529855||1109653200||ca||
3490041504||3490041535||1109653200||ca||
3490072576||3490074623||1109653200||ca||
3491226688||3491226719||1109653200||ca||
3491508224||3491512319||1109653200||ca||
3492151296||3492167679||1109653200||ca||
3493936128||3493937151||1142837368||ca||
3493982208||3493984255||1155176535||ca||
3493986304||3493987327||1145936649||ca||
3494003712||3494004735||1159242507||ca||
3494139904||3494141951||1160454202||ca||
3495968768||3495976959||1140104295||ca||
3496132608||3496140799||1142837415||ca||
3496296448||3496304639||1144617297||ca||
3497164800||3497181183||1150864353||ca||
3498713640||3498713647||1109653200||ca||
3501522944||3501588479||1109653200||ca||
3506765824||3506831359||1109653200||ca||
3507585024||3507601407||1109653200||ca||
3507748864||3507765247||1109653200||ca||
3508338688||3508404223||1109653200||ca||
3509116928||3509121023||1109653200||ca||
3509157888||3509166079||1109653200||ca||
3509215232||3509223423||1109653200||ca||
3509327696||3509327711||1109653200||ca||
3509329408||3509329663||1109653200||ca||
3509519872||3509520255||1109653200||ca||
3509522176||3509522431||1109653200||ca||
3509523840||3509523903||1109653200||ca||
3509524736||3509524991||1109653200||ca||
3509527216||3509527231||1109653200||ca||
3509530368||3509530431||1109653200||ca||
3509530624||3509532671||1109653200||ca||
3509534464||3509534735||1109653200||ca||
3509534816||3509534911||1109653200||ca||
3509534976||3509535231||1109653200||ca||
3509535488||3509535503||1109653200||ca||
3509536256||3509536271||1109653200||ca||
3509536288||3509536319||1109653200||ca||
3509536384||3509536431||1109653200||ca||
3509536464||3509536479||1109653200||ca||
3509536496||3509536511||1109653200||ca||
3509537536||3509538303||1109653200||ca||
3509538464||3509538479||1109653200||ca||
3509539072||3509539103||1109653200||ca||
3509539120||3509539263||1109653200||ca||
3509539328||3509539583||1109653200||ca||
3509542784||3509542815||1109653200||ca||
3509543360||3509543423||1109653200||ca||
3509544000||3509544063||1109653200||ca||
3509544192||3509544447||1109653200||ca||
3509544704||3509544959||1109653200||ca||
3509545216||3509545471||1109653200||ca||
3509553152||3509553183||1109653200||ca||
3509553200||3509553215||1109653200||ca||
3509553232||3509553407||1109653200||ca||
3509554176||3509554431||1109653200||ca||
3509555200||3509557247||1109653200||ca||
3509558016||3509558079||1109653200||ca||
3509560000||3509560015||1109653200||ca||
3509560064||3509560319||1109653200||ca||
3509560832||3509561087||1109653200||ca||
3509561600||3509562111||1109653200||ca||
3509562368||3509562623||1109653200||ca||
3509563904||3509564223||1109653200||ca||
3509564416||3509564927||1109653200||ca||
3509565184||3509565695||1109653200||ca||
3509566768||3509566783||1109653200||ca||
3509567488||3509567743||1109653200||ca||
3509568512||3509569023||1109653200||ca||
3509570080||3509570111||1109653200||ca||
3509571072||3509571327||1109653200||ca||
3509572352||3509572863||1109653200||ca||
3509573504||3509573567||1109653200||ca||
3509574144||3509574399||1109653200||ca||
3509580032||3509580287||1109653200||ca||
3509580800||3509581055||1109653200||ca||
3509581824||3509582335||1109653200||ca||
3509582592||3509582847||1109653200||ca||
3509583616||3509583871||1109653200||ca||
3509731328||3509739519||1109653200||ca||
3509846016||3509977087||1109653200||ca||
3510239232||3510241063||1109653200||ca||
3510241072||3510243615||1109653200||ca||
3510243632||3510244863||1109653200||ca||
3510245376||3510246399||1109653200||ca||
3510246656||3510246671||1109653200||ca||
3510246688||3510251007||1109653200||ca||
3510251264||3510255439||1109653200||ca||
3510255448||3510259711||1109653200||ca||
3510260224||3510263295||1109653200||ca||
3510263552||3510271999||1109653200||ca||
3510935552||3510943743||1109653200||ca||
3511140352||3511156735||1109653200||ca||
3511331200||3511331231||1109653200||ca||
3511812096||3511844863||1109653200||ca||
3512139776||3512156159||1109653200||ca||
3512172544||3512176639||1109653200||ca||
3512197120||3512205311||1109653200||ca||
3512270848||3512336383||1109653200||ca||
3512369152||3512385535||1109653200||ca||
3512418304||3512451071||1109653200||ca||
3512844288||3512852479||1109653200||ca||
3513108480||3513108735||1109653200||ca||
3513188352||3513204735||1109653200||ca||
3513270272||3513286655||1109653200||ca||
3513294848||3513298943||1145419244||ca||
3513368576||3513376767||1109653200||ca||
3513475072||3513483263||1109653200||ca||
3513778176||3513794559||1109653200||ca||
3514007552||3514040319||1109653200||ca||
3514368000||3514433535||1109653200||ca||
3514826752||3514843135||1109653200||ca||
3515301888||3515318271||1109653200||ca||
3515596800||3515613183||1109653200||ca||
3515629568||3515633663||1109653200||ca||
3515913632||3515913663||1109653200||ca||
3515965440||3515973631||1109653200||ca||
3516039168||3516071935||1109653200||ca||
3516153856||3516162047||1109653200||ca||
3516170240||3516203007||1109653200||ca||
3516334080||3516342271||1109653200||ca||
3516355664||3516355679||1109653200||ca||
3516366848||3516370943||1109653200||ca||
3516432384||3516432895||1109653200||ca||
3516433664||3516440575||1109653200||ca||
3516514304||3516530687||1109653200||ca||
3516903424||3516907519||1143346414||ca||
3517038592||3517054975||1109653200||ca||
3517095936||3517100031||1109653200||ca||
3517112320||3517116159||1109653200||ca||
3517116416||3517120511||1109653200||ca||
3517309952||3517313023||1109653200||ca||
3517383168||3517383423||1109653200||ca||
3517383680||3517383935||1109653200||ca||
3517385984||3517386239||1109653200||ca||
3517386752||3517387007||1109653200||ca||
3517388288||3517388543||1109653200||ca||
3517391104||3517391359||1109653200||ca||
3517391440||3517391455||1109653200||ca||
3517392384||3517392639||1109653200||ca||
3517394688||3517394943||1109653200||ca||
3517396064||3517396079||1109653200||ca||
3517396176||3517396183||1109653200||ca||
3517396480||3517396543||1109653200||ca||
3517396816||3517396831||1109653200||ca||
3517397504||3517398527||1109653200||ca||
3517400064||3517400319||1109653200||ca||
3517400512||3517400543||1109653200||ca||
3517401344||3517401375||1109653200||ca||
3517401440||3517401471||1109653200||ca||
3517401856||3517402111||1109653200||ca||
3517404672||3517404927||1109653200||ca||
3517405184||3517405439||1109653200||ca||
3517405632||3517405647||1109653200||ca||
3517405696||3517406463||1109653200||ca||
3517407232||3517407359||1109653200||ca||
3517407744||3517408255||1109653200||ca||
3517408960||3517408975||1109653200||ca||
3517409008||3517409023||1109653200||ca||
3517409280||3517410815||1109653200||ca||
3517413120||3517414399||1109653200||ca||
3517414624||3517414655||1109653200||ca||
3517414736||3517414767||1109653200||ca||
3517415168||3517415423||1109653200||ca||
3517416528||3517416543||1109653200||ca||
3517416656||3517416687||1109653200||ca||
3517416904||3517416911||1109653200||ca||
3517416960||3517417471||1109653200||ca||
3517417600||3517417631||1109653200||ca||
3517418304||3517418335||1109653200||ca||
3517419520||3517419775||1109653200||ca||
3517420032||3517420159||1109653200||ca||
3517420480||3517420487||1109653200||ca||
3517422592||3517422599||1109653200||ca||
3517422848||3517423359||1109653200||ca||
3517424608||3517424623||1109653200||ca||
3517429888||3517429919||1109653200||ca||
3517430224||3517430239||1109653200||ca||
3517432320||3517432575||1109653200||ca||
3517434112||3517434367||1109653200||ca||
3517434448||3517434455||1109653200||ca||
3517435520||3517435647||1109653200||ca||
3517439424||3517439487||1109653200||ca||
3517440000||3517441535||1109653200||ca||
3517441792||3517442047||1109653200||ca||
3517442528||3517442543||1109653200||ca||
3517442752||3517443071||1109653200||ca||
3517443328||3517443583||1109653200||ca||
3517443840||3517443903||1109653200||ca||
3517444032||3517444095||1109653200||ca||
3517445376||3517445439||1109653200||ca||
3517445632||3517445887||1109653200||ca||
3517447424||3517447679||1109653200||ca||
3517447744||3517447759||1109653200||ca||
3517447928||3517448191||1109653200||ca||
3517546496||3517554687||1109653200||ca||
3517644800||3517710335||1109653200||ca||
3517718528||3517726719||1109653200||ca||
3517978672||3517978679||1109653200||ca||
3517989408||3517989415||1109653200||ca||
3517989488||3517989503||1109653200||ca||
3517989696||3517989727||1109653200||ca||
3517990912||3517991423||1109653200||ca||
3518062592||3518066687||1109653200||ca||
3518431232||3518439423||1109653200||ca||
3518464000||3518472191||1109653200||ca||
3518775296||3518783487||1109653200||ca||
3519234048||3519250431||1109653200||ca||
3519340544||3519344639||1109653200||ca||
3519381504||3519397887||1109653200||ca||
3519401472||3519401727||1109653200||ca||
3519406504||3519406511||1109653200||ca||
3519409296||3519409303||1109653200||ca||
3519676416||3519702319||1109653200||ca||
3519702328||3519709183||1109653200||ca||
3519873024||3519889407||1109653200||ca||
3519934464||3519938559||1109653200||ca||
3520339968||3520348159||1109653200||ca||
3520454656||3520462847||1109653200||ca||
3520626688||3520634879||1109653200||ca||
3520675840||3520692223||1109653200||ca||
3520749872||3520749879||1109653200||ca||
3520937984||3520954367||1109653200||ca||
3520999424||3521003519||1130210047||ca||
3521044480||3521048575||1109653200||ca||
3521074784||3521074799||1109653200||ca||
3521103232||3521103263||1109653200||ca||
3521249280||3521314815||1109653200||ca||
3522101248||3522109439||1109653200||ca||
3522195456||3522199551||1109653200||ca||
3522854912||3522871295||1109653200||ca||
3560943888||3560943891||1109653200||ca||
3560943916||3560943919||1109653200||ca||
3560944188||3560944191||1109653200||ca||
3560944208||3560944211||1109653200||ca||
3560944236||3560944239||1109653200||ca||
3560944356||3560944359||1109653200||ca||
3560944400||3560944403||1109653200||ca||
3560944464||3560944467||1109653200||ca||
3560944488||3560944491||1109653200||ca||
3560944604||3560944607||1109653200||ca||
3560944632||3560944635||1109653200||ca||
3560945772||3560945775||1109653200||ca||
3560945872||3560945875||1109653200||ca||
3560945912||3560945915||1109653200||ca||
3560946196||3560946196||1109653200||ca||
3560946198||3560946198||1109653200||ca||
3560946201||3560946201||1109653200||ca||
3560946203||3560946203||1109653200||ca||
3560946209||3560946209||1109653200||ca||
3560946214||3560946214||1109653200||ca||
3560946232||3560946232||1109653200||ca||
3560946267||3560946267||1109653200||ca||
3560946273||3560946273||1109653200||ca||
3560946291||3560946291||1109653200||ca||
3560946327||3560946327||1109653200||ca||
3560946332||3560946333||1109653200||ca||
3560946336||3560946336||1109653200||ca||
3560946338||3560946338||1109653200||ca||
3560946341||3560946342||1109653200||ca||
3560946532||3560946535||1109653200||ca||
3560946544||3560946547||1109653200||ca||
3560946580||3560946583||1109653200||ca||
3560946768||3560946768||1109653200||ca||
3560947200||3560947203||1109653200||ca||
3560947232||3560947235||1109653200||ca||
3560947248||3560947251||1109653200||ca||
3560947372||3560947375||1109653200||ca||
3561181216||3561181247||1109653200||ca||
3565494736||3565494743||1109653200||ca||
3565578496||3565578751||1109653200||ca||
3574312448||3574312575||1109653200||ca||
3589584896||3589585919||1109653200||ca||
3589971232||3589971247||1109653200||ca||
3624271872||3624278015||1109653200||ca||
3624279072||3624292351||1109653200||ca||
3624292864||3624297471||1109653200||ca||
3624299520||3624304639||1109653200||ca||
3624321024||3624325119||1109653200||ca||
3624370432||3624370943||1109653200||ca||
3624371200||3624371455||1109653200||ca||
3624372992||3624373247||1109653200||ca||
3624373504||3624373759||1109653200||ca||
3624384000||3624384255||1109653200||ca||
3624384768||3624385023||1109653200||ca||
3624386560||3624394751||1109653200||ca||
3624435712||3624452095||1109653200||ca||
3624474880||3624475391||1109653200||ca||
3624480768||3624484863||1109653200||ca||
3624529920||3624534015||1109653200||ca||
3624730624||3624796159||1109653200||ca||
3624903168||3624903423||1109653200||ca||
3624903680||3624904703||1109653200||ca||
3624905472||3624905727||1109653200||ca||
3624984576||3624992767||1109653200||ca||
3625058304||3625091071||1109653200||ca||
3625140224||3625148415||1109653200||ca||
3625168896||3625172991||1138941826||ca||
3625287680||3625295871||1109653200||ca||
3625418752||3625420031||1109653200||ca||
3625420544||3625422591||1109653200||ca||
3625423104||3625426943||1109653200||ca||
3625607168||3625615359||1109653200||ca||
3625631744||3625639935||1109653200||ca||
3626270720||3626287103||1109653200||ca||
3626369024||3626377215||1109653200||ca||
3626508288||3626512383||1109653200||ca||
3626893312||3626901503||1109653200||ca||
3626926080||3626934271||1109653200||ca||
3627044864||3627048959||1109653200||ca||
3627065344||3627069439||1109653200||ca||
3627507712||3627511807||1109653200||ca||
3627532288||3627544575||1109653200||ca||
3627666720||3627666751||1109653200||ca||
3627667488||3627667503||1109653200||ca||
3627671296||3627671551||1109653200||ca||
3627679744||3627712511||1109653200||ca||
3627802624||3627810815||1109653200||ca||
3628146944||3628147199||1109653200||ca||
3628236800||3628257279||1109653200||ca||
3628834816||3628843007||1109653200||ca||
3629187072||3629195263||1109653200||ca||
3629318144||3629326335||1109653200||ca||
3629539328||3629547519||1109653200||ca||
3629735944||3629735951||1109653200||ca||
3629736120||3629736127||1109653200||ca||
3629737216||3629737471||1109653200||ca||
3629761552||3629761567||1109653200||ca||
3629767936||3629768191||1109653200||ca||
3629789440||3629789695||1109653200||ca||
3629789952||3629790207||1109653200||ca||
3629808096||3629808127||1109653200||ca||
3629838544||3629838559||1109653200||ca||
3629838584||3629838591||1109653200||ca||
3629841952||3629841983||1109653200||ca||
3629859552||3629859583||1109653200||ca||
3629875200||3629875215||1109653200||ca||
3629875776||3629875807||1109653200||ca||
3629876080||3629876095||1109653200||ca||
3630039040||3630039295||1109653200||ca||
3630040064||3630040319||1109653200||ca||
3630040576||3630040831||1109653200||ca||
3630041864||3630041871||1109653200||ca||
3630041912||3630041919||1109653200||ca||
3630042096||3630042103||1109653200||ca||
3630042392||3630042399||1109653200||ca||
3630042464||3630042471||1109653200||ca||
3630042480||3630042487||1109653200||ca||
3630042600||3630042607||1109653200||ca||
3630044928||3630045183||1109653200||ca||
3630045696||3630046207||1109653200||ca||
3630046592||3630047231||1109653200||ca||
3630048768||3630049023||1109653200||ca||
3630050480||3630050487||1109653200||ca||
3630050528||3630050535||1109653200||ca||
3630051328||3630051455||1109653200||ca||
3630051840||3630052095||1109653200||ca||
3630054656||3630055167||1109653200||ca||
3630055616||3630055647||1109653200||ca||
3630055936||3630056959||1109653200||ca||
3630060224||3630060287||1109653200||ca||
3630061056||3630061311||1109653200||ca||
3630066176||3630066431||1109653200||ca||
3630066688||3630067967||1109653200||ca||
3630069504||3630069759||1109653200||ca||
3630070784||3630071039||1109653200||ca||
3630073088||3630073343||1109653200||ca||
3630074544||3630074551||1109653200||ca||
3630074608||3630074615||1109653200||ca||
3630074816||3630074879||1109653200||ca||
3630075392||3630075647||1109653200||ca||
3630077184||3630077439||1109653200||ca||
3630078464||3630078719||1109653200||ca||
3630080512||3630080575||1109653200||ca||
3630081280||3630081535||1109653200||ca||
3630082048||3630082303||1109653200||ca||
3630084864||3630085375||1109653200||ca||
3630088704||3630088959||1109653200||ca||
3630089472||3630089727||1109653200||ca||
3630091264||3630091519||1109653200||ca||
3630092032||3630092287||1109653200||ca||
3630093440||3630093447||1109653200||ca||
3630093528||3630093535||1109653200||ca||
3630094592||3630094847||1109653200||ca||
3630095016||3630095023||1109653200||ca||
3630095032||3630095055||1109653200||ca||
3630098688||3630100223||1109653200||ca||
3630102784||3630103807||1109653200||ca||
3630141504||3630141567||1109653200||ca||
3630142464||3630143231||1109653200||ca||
3630143616||3630143647||1109653200||ca||
3630143712||3630143743||1109653200||ca||
3630144512||3630145023||1109653200||ca||
3630146048||3630146815||1109653200||ca||
3630147328||3630147583||1109653200||ca||
3630149632||3630149887||1109653200||ca||
3630151456||3630151487||1109653200||ca||
3630151616||3630151647||1109653200||ca||
3630151680||3630152191||1109653200||ca||
3630152448||3630152703||1109653200||ca||
3630156032||3630156287||1109653200||ca||
3630156544||3630156799||1109653200||ca||
3630157056||3630157311||1109653200||ca||
3630157568||3630158087||1109653200||ca||
3630158232||3630158239||1109653200||ca||
3630158304||3630158311||1109653200||ca||
3630159104||3630159359||1109653200||ca||
3630160488||3630160495||1109653200||ca||
3630160592||3630160599||1109653200||ca||
3630160608||3630160895||1109653200||ca||
3630161408||3630161919||1109653200||ca||
3630162688||3630163199||1109653200||ca||
3630163888||3630163895||1109653200||ca||
3630164224||3630164735||1109653200||ca||
3630164784||3630164799||1109653200||ca||
3630164816||3630164831||1109653200||ca||
3630165248||3630165759||1109653200||ca||
3630166016||3630166527||1109653200||ca||
3630166688||3630166719||1109653200||ca||
3630167808||3630167823||1109653200||ca||
3630167904||3630167911||1109653200||ca||
3630168320||3630169087||1109653200||ca||
3630309376||3630317567||1109653200||ca||
3630374912||3630379007||1120624966||ca||
3630379008||3630383103||1133070629||ca||
3630391296||3630395391||1109653200||ca||
3630718976||3630727167||1109653200||ca||
3630850048||3630854143||1109653200||ca||
3630956544||3631005695||1109653200||ca||
3631144960||3631149055||1109653200||ca||
3631149056||3631153151||1140500554||ca||
3631284224||3631316991||1109653200||ca||
3631333376||3631341567||1109653200||ca||
3631665152||3631669247||1109653200||ca||
3631939584||3632005119||1109653200||ca||
3632136192||3632144383||1109653200||ca||
3632152576||3632168959||1109653200||ca||
3632197632||3632201727||1109653200||ca||
3632290048||3632290303||1109653200||ca||
3632332800||3632357375||1109653200||ca||
3632381952||3632390143||1109653200||ca||
3632414720||3632422911||1109653200||ca||
3632447488||3632449567||1109653200||ca||
3632449585||3632452351||1109653200||ca||
3632452608||3632453119||1109653200||ca||
3632453152||3632454143||1109653200||ca||
3632454400||3632455679||1109653200||ca||
3632710192||3632710207||1109653200||ca||
3632881664||3632889855||1132032364||ca||
3632898048||3632902143||1109653200||ca||
3632971776||3632988159||1109653200||ca||
3633405952||3633410047||1109653200||ca||
3633889280||3633893375||1109653200||ca||
3633971200||3634020351||1109653200||ca||
3634511872||3634515967||1109653200||ca||
3634552832||3634556927||1109653200||ca||
3634610176||3634614271||1109653200||ca||
3634880512||3634884607||1109653200||ca||
3634884608||3634888703||1137898349||ca||
3634913280||3634921471||1109653200||ca||
3634925568||3634929663||1109653200||ca||
3635142656||3635146751||1109653200||ca||
3635314688||3635322879||1109653200||ca||
3635425280||3635429375||1109653200||ca||
3635466240||3635470335||1109653200||ca||
3635871744||3635879935||1109653200||ca||
3635892224||3635896319||1119672863||ca||
3635904512||3635912703||1109653200||ca||
3636019200||3636027391||1109653200||ca||
3636151040||3636151103||1109653200||ca||
3636152288||3636152575||1109653200||ca||
3636153408||3636153471||1109653200||ca||
3636154368||3636154879||1109653200||ca||
3636157056||3636157063||1109653200||ca||
3636158112||3636158143||1109653200||ca||
3636158784||3636158815||1109653200||ca||
3636160512||3636160767||1109653200||ca||
3636161024||3636161279||1109653200||ca||
3636161792||3636161855||1109653200||ca||
3636163584||3636163839||1109653200||ca||
3636164160||3636164223||1109653200||ca||
3636166400||3636166655||1109653200||ca||
3636396032||3636461567||1109653200||ca||
3636609024||3636610559||1109653200||ca||
3636610816||3636621311||1109653200||ca||
3636813312||3636813567||1109653200||ca||
3636822016||3636854783||1109653200||ca||
3636887552||3636895743||1109653200||ca||
3637071872||3637080063||1109653200||ca||
3637510144||3637667439||1109653200||ca||
3637667519||3637669887||1109653200||ca||
3637706752||3637739519||1109653200||ca||
3638165504||3638181887||1109653200||ca||
3638304768||3638312959||1109653200||ca||
3638370304||3638386687||1109653200||ca||
3638509568||3638534143||1109653200||ca||
3638697984||3638706175||1109653200||ca||
3638874112||3638878207||1109653200||ca||
3639083008||3639148543||1109653200||ca||
3639222272||3639230463||1109653200||ca||
3639255040||3639258677||1109653200||ca||
3639258679||3639263231||1109653200||ca||
3639279616||3639283711||1109653200||ca||
3639558144||3639566335||1109653200||ca||
3639607296||3639611391||1109653200||ca||
3639656448||3639660543||1109653200||ca||
3639664640||3639668735||1109653200||ca||
3639730176||3639734271||1109653200||ca||
3640057856||3640061951||1143346458||ca||
3640197120||3640201215||1109653200||ca||
3640209408||3640213503||1109653200||ca||
3640287232||3640291327||1109653200||ca||
3640360960||3640369151||1109653200||ca||
3640410112||3640418303||1109653200||ca||
3640557568||3640582143||1109653200||ca||
3645767434||3645767434||1109653200||ca||
3646513104||3646513111||1109653200||ca||
3648321632||3648321639||1109653200||ca||
