--||--||--||cn||China
973996032||974258175||1109653200||cn||
975175680||975831039||1109653200||cn||
975831040||977272831||1109653200||cn||
977403904||977534975||1126239234||cn||
978452480||978583551||1129008848||cn||
979632128||979763199||1129866118||cn||
985792512||985923583||1137071567||cn||
986710016||987758591||1128569031||cn||
988807168||988938239||1130210106||cn||
988938240||989069311||1158724231||cn||
989200384||989331455||1126381556||cn||
989331456||989396991||1125590238||cn||
989462528||989593599||1155785261||cn||
989593600||989724671||1130036758||cn||
991952896||992673791||1109653200||cn||
992739328||993198079||1109653200||cn||
993263616||994902015||1109653200||cn||
995098624||995360767||1109653200||cn||
996868096||996900863||1109653200||cn||
996933632||997064703||1109653200||cn||
999751680||999784447||1109653200||cn||
1002373120||1002405887||1109653200||cn||
1002438656||1007501311||1109653200||cn||
1007517696||1008730111||1109653200||cn||
1010237440||1010302975||1109653200||cn||
1010761728||1010827263||1109653200||cn||
1017118720||1017184255||1109653200||cn||
1017184256||1017249791||1130995261||cn||
1017249792||1017282559||1129866066||cn||
1017282560||1017315327||1116908036||cn||
1017315328||1017348095||1127020086||cn||
1017348096||1017380863||1130079210||cn||
1017380864||1017511935||1120336250||cn||
1017511936||1018167295||1120887252||cn||
1018167296||1018232831||1124683501||cn||
1018232832||1018298367||1127277713||cn||
1018298368||1018363903||1129054730||cn||
1018363904||1018429439||1129335499||cn||
1018429440||1018494975||1119327400||cn||
1018494976||1018560511||1129176736||cn||
1018560512||1018593279||1122866814||cn||
1018593280||1018626047||1129176788||cn||
1018626048||1018691583||1129054767||cn||
1018691584||1018707967||1130036731||cn||
1018707968||1018710015||1130079237||cn||
1018724352||1018732543||1130558838||cn||
1018732544||1018734591||1130558905||cn||
1018740736||1018757119||1130558873||cn||
1018757120||1018773503||1132464009||cn||
1018789888||1018798079||1141706103||cn||
1018822656||1018888191||1129176813||cn||
1018888192||1018920959||1137998474||cn||
1018953728||1019019263||1129866093||cn||
1019084844||1019084847||1131772759||cn||
1019084944||1019084947||1130036704||cn||
1019085608||1019085611||1130383220||cn||
1019089760||1019089791||1131677452||cn||
1019101952||1019102207||1137271322||cn||
1019103204||1019103207||1131167653||cn||
1019116544||1019116799||1138079222||cn||
1019117072||1019117079||1131772783||cn||
1019117840||1019117855||1129520076||cn||
1019118848||1019119103||1160451880||cn||
1019134084||1019134087||1130383260||cn||
1019134616||1019134623||1135581076||cn||
1019134668||1019134671||1133237399||cn||
1019143168||1019143423||1161150706||cn||
1019148544||1019148799||1140673469||cn||
1019150848||1019151103||1118294647||cn||
1019152580||1019152583||1129605810||cn||
1019155840||1019155903||1125462180||cn||
1019160832||1019161087||1142835033||cn||
1019162804||1019162807||1131245129||cn||
1019164304||1019164307||1134882106||cn||
1019168768||1019169023||1159161491||cn||
1019170816||1019171839||1159489973||cn||
1019209984||1019210239||1152845796||cn||
1019214592||1019214847||1152845833||cn||
1019346944||1019478015||1109653200||cn||
1019740160||1020067839||1109653200||cn||
1020264448||1021313023||1109653200||cn||
1021837312||1021968383||1109653200||cn||
1023344640||1023410175||1109653200||cn||
1023688704||1023692799||1109653200||cn||
1025245184||1025277951||1109653200||cn||
1025343488||1025376255||1109653200||cn||
1026392064||1026408447||1109653200||cn||
1026555904||1027080191||1109653200||cn||
1031798784||1033982787||1109653200||cn||
1033982789||1034001207||1109653200||cn||
1034001216||1035993087||1109653200||cn||
1038614528||1039007743||1109653200||cn||
1039138816||1039400959||1109653200||cn||
1067617792||1067618047||1109653200||cn||
1358900672||1358900735||1109653200||cn||
2031616000||2031878143||1155785567||cn||
2032402432||2032467967||1154372198||cn||
2046820352||2046885887||1160960450||cn||
2047082496||2047344639||1160960326||cn||
2047344640||2047868927||1160960300||cn||
2049966080||2050031615||1158288943||cn||
2081423360||2081554431||1152165587||cn||
2081685504||2081751039||1152165644||cn||
2081751040||2081816575||1152165660||cn||
2082275328||2082308095||1152165821||cn||
2083127296||2083160063||1159490486||cn||
2086273024||2086404095||1161835347||cn||
2087845888||2087976959||1158892469||cn||
2088763392||2089287679||1158822144||cn||
2090598400||2090663935||1153457038||cn||
2091646976||2091778047||1152395709||cn||
2096349184||2096365567||1155957376||cn||
2096644096||2096660479||1157248909||cn||
2099314688||2099380223||1158822162||cn||
2102165504||2102198271||1153107833||cn||
2102198272||2102263807||1152933248||cn||
2102919168||2103443455||1154372218||cn||
2103443456||2103640063||1153981520||cn||
2105278464||2105343999||1159752044||cn||
2105344000||2105376767||1156302304||cn||
2111111168||2111143935||1153107866||cn||
2113830912||2113847295||1152325900||cn||
2260992000||2261057535||1109653200||cn||
2682388480||2682454015||1109653200||cn||
2714697728||2714763263||1109653200||cn||
2724790272||2724855807||1109653200||cn||
2792292352||2792357887||1109653200||cn||
2810904576||2810970111||1109653200||cn||
2829058048||2829123583||1109653200||cn||
3226696192||3226696447||1109653200||cn||
3226708224||3226708479||1109653200||cn||
3229391360||3229391615||1109653200||cn||
3233589760||3233590015||1109653200||cn||
3258341408||3258341423||1109653200||cn||
3262473517||3262473517||1109653200||cn||
3262473527||3262473527||1109653200||cn||
3262474027||3262474027||1109653200||cn||
3262474042||3262474042||1109653200||cn||
3262474062||3262474063||1109653200||cn||
3262474104||3262474104||1109653200||cn||
3262474107||3262474107||1109653200||cn||
3262474134||3262474134||1109653200||cn||
3262474138||3262474139||1109653200||cn||
3262474165||3262474165||1109653200||cn||
3262474173||3262474173||1109653200||cn||
3262474179||3262474179||1109653200||cn||
3262474190||3262474190||1109653200||cn||
3262474199||3262474199||1109653200||cn||
3262474202||3262474203||1109653200||cn||
3262474214||3262474214||1109653200||cn||
3262478181||3262478181||1109653200||cn||
3278939924||3278939927||1109653200||cn||
3278939960||3278939963||1109653200||cn||
3278939988||3278939991||1109653200||cn||
3278940060||3278940067||1109653200||cn||
3278942484||3278942487||1109653200||cn||
3278942496||3278942499||1109653200||cn||
3278942588||3278942591||1109653200||cn||
3278946060||3278946060||1109653200||cn||
3323004672||3323004927||1109653200||cn||
3389025792||3389026047||1109653200||cn||
3389165632||3389165695||1109653200||cn||
3389213952||3389214207||1109653200||cn||
3389292544||3389300735||1109653200||cn||
3389324288||3389325311||1109653200||cn||
3389554688||3389562879||1109653200||cn||
3389669376||3389673471||1109653200||cn||
3389937664||3389937919||1109653200||cn||
3389975296||3389976319||1109653200||cn||
3390339072||3390339327||1109653200||cn||
3390502912||3390504959||1109653200||cn||
3391488000||3391492095||1109653200||cn||
3391504384||3391523583||1109653200||cn||
3391523840||3391524863||1109653200||cn||
3391525376||3391525887||1109653200||cn||
3391526144||3391526655||1109653200||cn||
3391526912||3391528191||1109653200||cn||
3391528960||3391529471||1109653200||cn||
3391529984||3391533567||1109653200||cn||
3391535104||3391553535||1109653200||cn||
3391720960||3391721215||1109653200||cn||
3391723520||3391725567||1109653200||cn||
3392069632||3392073727||1109653200||cn||
3393523712||3393527807||1109653200||cn||
3393626112||3393630207||1109653200||cn||
3393849344||3393851391||1109653200||cn||
3393966080||3393970175||1109653200||cn||
3394087472||3394087487||1109653200||cn||
3394621440||3394625535||1109653200||cn||
3394895872||3394896895||1109653200||cn||
3394953216||3394957311||1109653200||cn||
3394960384||3394962431||1109653200||cn||
3394994176||3394995199||1109653200||cn||
3395006464||3395010559||1109653200||cn||
3395026944||3395027967||1109653200||cn||
3395091456||3395093503||1109653200||cn||
3395156992||3395166207||1109653200||cn||
3395223552||3395231743||1109653200||cn||
3395288064||3395303951||1109653200||cn||
3395303984||3396868319||1109653200||cn||
3396868352||3396995071||1109653200||cn||
3397001216||3397003263||1109653200||cn||
3397009408||3397017599||1109653200||cn||
3397021696||3397023743||1109653200||cn||
3397025792||3397026047||1109653200||cn||
3397320704||3397322751||1109653200||cn||
3397323776||3397328895||1109653200||cn||
3397330944||3397337087||1109653200||cn||
3397353472||3397363711||1109653200||cn||
3397369856||3397386239||1109653200||cn||
3397517312||3397525503||1109653200||cn||
3397574656||3397582847||1109653200||cn||
3397636096||3397640191||1109653200||cn||
3397975040||3397976063||1109653200||cn||
3398721536||3398729727||1109653200||cn||
3398803456||3398811647||1109653200||cn||
3399393280||3399401471||1109653200||cn||
3399528448||3399532543||1128397781||cn||
3399745536||3399749631||1109653200||cn||
3399835648||3399839743||1109653200||cn||
3399925760||3399933951||1109653200||cn||
3400048640||3400056831||1109653200||cn||
3400392704||3400400895||1109653200||cn||
3400589312||3400597503||1109653200||cn||
3401580544||3401642495||1109653200||cn||
3401642752||3402629119||1109653200||cn||
3410952192||3410956287||1109653200||cn||
3411087360||3411091455||1109653200||cn||
3411410944||3411435519||1109653200||cn||
3411550208||3411558399||1109653200||cn||
3411591168||3411599359||1109653200||cn||
3411607552||3411608575||1109653200||cn||
3411673088||3411674111||1109653200||cn||
3411705856||3411730431||1109653200||cn||
3411746816||3411755007||1109653200||cn||
3411763200||3411767295||1109653200||cn||
3411804160||3411805183||1109653200||cn||
3411845120||3411853311||1109653200||cn||
3411869696||3411943423||1109653200||cn||
3412000768||3412002815||1109653200||cn||
3412025344||3412029439||1109653200||cn||
3412336640||3412340735||1109653200||cn||
3412353024||3412361215||1109653200||cn||
3413024768||3413032959||1109653200||cn||
3413557248||3413565439||1109653200||cn||
3413579776||3413582847||1109653200||cn||
3414196224||3414204415||1109653200||cn||
3415084032||3415084223||1109653200||cn||
3415474176||3415490559||1109653200||cn||
3416047616||3416063999||1109653200||cn||
3417276416||3417284607||1109653200||cn||
3417292800||3417309183||1109653200||cn||
3418071040||3418079231||1109653200||cn||
3418308608||3418324991||1109653200||cn||
3418357760||3418365951||1109653200||cn||
3418524575||3418524606||1109653200||cn||
3418619904||3418621951||1109653200||cn||
3419357184||3419411455||1109653200||cn||
3419668480||3419672575||1109653200||cn||
3420334656||3420334719||1109653200||cn||
3420335272||3420335279||1109653200||cn||
3420369144||3420369223||1109653200||cn||
3420369256||3420369263||1109653200||cn||
3420369344||3420369407||1109653200||cn||
3523543040||3523555327||1109653200||cn||
3523575808||3523579903||1109653200||cn||
3524001792||3524132863||1109653200||cn||
3524149248||3524157439||1109653200||cn||
3524173824||3524247551||1109653200||cn||
3524296704||3524313087||1109653200||cn||
3524591616||3524722687||1109653200||cn||
3524853760||3525300739||1109653200||cn||
3525300744||3526361087||1109653200||cn||
3526557696||3526754303||1109653200||cn||
3526934528||3526942719||1109653200||cn||
3527933952||3528392703||1109653200||cn||
3528409088||3528425471||1109653200||cn||
3528450048||3528458239||1109653200||cn||
3528589312||3528720383||1109653200||cn||
3528949760||3528966143||1109653200||cn||
3535388672||3535405055||1109653200||cn||
3535822848||3535831039||1109653200||cn||
3537043456||3537047551||1109653200||cn||
3544186880||3544711167||1109653200||cn||
3545235456||3546808319||1109653200||cn||
3548905472||3551002623||1109653200||cn||
3560944924||3560944927||1109653200||cn||
3560944936||3560944943||1109653200||cn||
3560944972||3560944975||1109653200||cn||
3560945036||3560945039||1109653200||cn||
3560945076||3560945083||1109653200||cn||
3560945096||3560945099||1109653200||cn||
3560945120||3560945123||1109653200||cn||
3560945412||3560945412||1109653200||cn||
3560945417||3560945418||1109653200||cn||
3560945423||3560945423||1109653200||cn||
3560945427||3560945427||1109653200||cn||
3560945431||3560945431||1109653200||cn||
3560945436||3560945436||1109653200||cn||
3560945466||3560945466||1109653200||cn||
3560945470||3560945470||1109653200||cn||
3560945472||3560945472||1109653200||cn||
3560945476||3560945476||1109653200||cn||
3560945620||3560945627||1109653200||cn||
3560945636||3560945639||1109653200||cn||
3568831344||3568831351||1109653200||cn||
3633035088||3633035095||1109653200||cn||
3635658752||3635660799||1109653200||cn||
3641206016||3641206271||1109653200||cn||
3656623680||3656623687||1109653200||cn||
3657433088||3659530239||1109653200||cn||
3661103104||3663986687||1109653200||cn||
3664248832||3664642047||1109653200||cn||
3669606400||3669614591||1109653200||cn||
3670016000||3671064575||1109653200||cn||
3673161728||3673686015||1109653200||cn||
3673751552||3673817087||1109653200||cn||
3678928896||3678994431||1109653200||cn||
3679584256||3679649791||1109653200||cn||
3682598912||3684573183||1109653200||cn||
3684597760||3684696063||1109653200||cn||
3688366080||3689938943||1109653200||cn||
3690070016||3690463231||1109653200||cn||
3698327552||3698589695||1109653200||cn||
3701473280||3704619007||1109653200||cn||
3706208256||3706224639||1109653200||cn||
3706322944||3706388479||1109653200||cn||
3707240448||3707568127||1109653200||cn||
3707764736||3708542975||1109653200||cn||
3708551168||3708600319||1109653200||cn||
3708616704||3708813311||1109653200||cn||
3715760128||3715891199||1109653200||cn||
3716218880||3716415487||1109653200||cn||
3716677632||3716808703||1109653200||cn||
3719036928||3719823359||1109653200||cn||
3720347648||3720818687||1109653200||cn||
3720839168||3720859647||1109653200||cn||
3720871936||3723493375||1109653200||cn||
3725590528||3730833407||1109653200||cn||
3732930560||3733979135||1109653200||cn||
3735027712||3735232511||1109653200||cn||
3735552000||3738042367||1109653200||cn||
3738173440||3739222015||1109653200||cn||
3740270592||3740905471||1109653200||cn||
