--||--||--||co||Colombia
1063334912||1063335423||1109653200||co||
1066898784||1066898815||1109653200||co||
1067693056||1067693567||1109653200||co||
1067998464||1067998719||1109653200||co||
1068230656||1068230911||1109653200||co||
1068419072||1068421119||1109653200||co||
1073037312||1073037823||1109653200||co||
1073041408||1073043455||1109653200||co||
1073045504||1073047551||1109653200||co||
1078734848||1078737919||1109653200||co||
1078743040||1078746111||1109653200||co||
1078751232||1078753279||1109653200||co||
1078767616||1078768639||1109653200||co||
1078769664||1078771711||1109653200||co||
1078775808||1078777855||1109653200||co||
1097865152||1097865183||1109653200||co||
1101542400||1101542911||1109653200||co||
1103623168||1103623679||1109653200||co||
1104166912||1104168959||1109653200||co||
1106469696||1106469759||1109653200||co||
1106475008||1106475519||1109653200||co||
1106759168||1106759679||1109653200||co||
1106767872||1106769919||1109653200||co||
1115693056||1115697151||1109653200||co||
1122451456||1122455551||1109653200||co||
1162813440||1162821631||1109653200||co||
1162838016||1162870783||1109653200||co||
1347984792||1347984799||1109653200||co||
2650603520||2650669055||1109653200||co||
2830106624||2830172159||1109653200||co||
3187671040||3187679231||1143346605||co||
3189243904||3189309439||1146628058||co||
3191603200||3191734271||1151461499||co||
3262475024||3262475024||1109653200||co||
3278939280||3278939283||1109653200||co||
3278941244||3278941247||1109653200||co||
3278941304||3278941307||1109653200||co||
3278941944||3278941947||1109653200||co||
3278944888||3278944891||1109653200||co||
3278944920||3278944923||1109653200||co||
3278944948||3278944951||1109653200||co||
3278944996||3278944999||1109653200||co||
3278945008||3278945011||1109653200||co||
3278945304||3278945307||1109653200||co||
3278945716||3278945719||1109653200||co||
3278945768||3278945771||1109653200||co||
3325249280||3325249535||1109653200||co||
3355443200||3355445247||1109653200||co||
3355525120||3355535359||1109653200||co||
3355540480||3355540735||1109653200||co||
3355540992||3355541247||1109653200||co||
3355553024||3355553279||1109653200||co||
3355553536||3355553791||1109653200||co||
3355557888||3355559935||1109653200||co||
3355590656||3355592703||1109653200||co||
3355672576||3355677183||1109653200||co||
3355677696||3355682815||1109653200||co||
3355688960||3355689471||1109653200||co||
3355702272||3355703295||1109653200||co||
3355709440||3355713535||1109653200||co||
3355877376||3355881471||1109653200||co||
3355881472||3355885567||1148955493||co||
3356037120||3356041215||1109653200||co||
3356087040||3356087295||1109653200||co||
3356273152||3356273407||1109653200||co||
3356274432||3356278783||1109653200||co||
3356344320||3356360703||1109653200||co||
3356389376||3356389887||1109653200||co||
3356413184||3356413695||1109653200||co||
3356413728||3356413735||1109653200||co||
3356413776||3356413783||1109653200||co||
3356413864||3356413871||1109653200||co||
3356413888||3356413895||1109653200||co||
3356413904||3356413919||1109653200||co||
3356413944||3356413951||1109653200||co||
3356419840||3356422143||1109653200||co||
3356819456||3356884991||1109653200||co||
3357016064||3357018623||1109653200||co||
3357020160||3357028351||1109653200||co||
3357028352||3357032447||1147751246||co||
3357032448||3357048831||1109653200||co||
3357081600||3357114367||1109653200||co||
3357138944||3357143039||1109653200||co||
3357179904||3357188095||1138079658||co||
3357368320||3357372415||1109653200||co||
3357421312||3357421567||1109653200||co||
3357425664||3357429759||1109653200||co||
3357433856||3357442047||1109653200||co||
3357477888||3357480959||1109653200||co||
3357491200||3357499391||1109653200||co||
3357523968||3357528063||1109653200||co||
3357560832||3357561855||1109653200||co||
3357745152||3357749247||1109653200||co||
3358131200||3358132223||1109653200||co||
3358142976||3358143231||1109653200||co||
3358149632||3358150655||1109653200||co||
3358563328||3358564095||1109653200||co||
3358567424||3358568959||1109653200||co||
3358578688||3358579967||1109653200||co||
3359293440||3359305727||1109653200||co||
3359463400||3359463407||1109653200||co||
3359932416||3359948799||1109653200||co||
3359989760||3359997951||1109653200||co||
3360104448||3360116735||1109653200||co||
3360120832||3360129023||1109653200||co||
3360325632||3360333823||1109653200||co||
3360358912||3360358919||1109653200||co||
3360366592||3360382975||1109653200||co||
3361071104||3361079295||1109653200||co||
3361300480||3361304575||1109653200||co||
3361304576||3361308671||1128741028||co||
3361325056||3361337343||1109653200||co||
3361337344||3361337599||1134969004||co||
3361337600||3361339391||1134969052||co||
3361339392||3361341439||1137645486||co||
3361456128||3361465455||1109653200||co||
3361465460||3361465607||1109653200||co||
3361465616||3361472511||1109653200||co||
3361570816||3361587199||1109653200||co||
3362328576||3362330623||1109653200||co||
3362336768||3362338815||1109653200||co||
3362339840||3362341887||1109653200||co||
3362342912||3362344959||1109653200||co||
3362347008||3362349055||1109653200||co||
3362422784||3362426879||1109653200||co||
3362430976||3362439167||1109653200||co||
3362439168||3362447359||1127538695||co||
3362676736||3362680831||1109653200||co||
3362914304||3362918399||1109653200||co||
3362930688||3362934783||1109653200||co||
3363004416||3363008511||1109653200||co||
3363008512||3363012607||1136947244||co||
3363045376||3363110911||1109653200||co||
3363176448||3363274751||1109653200||co||
3363487744||3363495935||1109653200||co||
3363561472||3363565567||1109653200||co||
3363610624||3363614719||1109653200||co||
3386376192||3386384383||1109653200||co||
3386490880||3386499071||1109653200||co||
3386621952||3386630143||1109653200||co||
3386646528||3386647551||1141014125||co||
3386654720||3386658815||1157953173||co||
3386658816||3386662911||1152243964||co||
3386736640||3386740735||1125348700||co||
3386740736||3386744831||1138856004||co||
3386744832||3386746879||1158289147||co||
3387162624||3387195391||1138684572||co||
3387424768||3387457535||1134791125||co||
3387457536||3387490303||1134791145||co||
3387736064||3387744255||1137131607||co||
3387744256||3387752447||1156995140||co||
3388211200||3388276735||1137819665||co||
3388276736||3388342271||1109653200||co||
3428958208||3428962303||1109653200||co||
3434571776||3434573823||1109653200||co||
3459327488||3459327999||1109653200||co||
3459353600||3459354623||1109653200||co||
3459362816||3459364863||1109653200||co||
3470752768||3470753023||1109653200||co||
3491637248||3491637759||1109653200||co||
3491743744||3491745791||1109653200||co||
3503890432||3503894527||1109653200||co||
3512207360||3512209407||1109653200||co||
3522121728||3522121983||1109653200||co||
3522125312||3522125567||1109653200||co||
3560944268||3560944271||1109653200||co||
3560944296||3560944299||1109653200||co||
3560944340||3560944343||1109653200||co||
3560945684||3560945691||1109653200||co||
3560945700||3560945703||1109653200||co||
3560945708||3560945711||1109653200||co||
3560945788||3560945791||1109653200||co||
3560945808||3560945811||1109653200||co||
3560946213||3560946213||1109653200||co||
3560946285||3560946285||1109653200||co||
3560946701||3560946701||1109653200||co||
3560946715||3560946715||1109653200||co||
3560946721||3560946723||1109653200||co||
3560946956||3560946959||1109653200||co||
3560947028||3560947031||1109653200||co||
3560947124||3560947127||1109653200||co||
3560947236||3560947239||1109653200||co||
3560947268||3560947271||1109653200||co||
3560947348||3560947351||1109653200||co||
3560947384||3560947391||1109653200||co||
3624297472||3624298495||1109653200||co||
3628598272||3628599295||1109653200||co||
3628617472||3628618239||1109653200||co||
3628626944||3628627199||1109653200||co||
3628647680||3628649727||1109653200||co||
3628655360||3628657407||1109653200||co||
