--||--||--||hr||Croatia
1053896192||1053896447||1109653200||hr||
1347432448||1347436543||1142396882||hr||
1358800896||1358802943||1109653200||hr||
1361035916||1361035919||1109653200||hr||
1388429312||1388437503||1109653200||hr||
1401094144||1401159679||1109653200||hr||
1401634816||1401651199||1109653200||hr||
1411978256||1411978271||1109653200||hr||
1432240128||1432248319||1109653200||hr||
1433542656||1433550847||1109653200||hr||
1503920128||1503936511||1160453023||hr||
1504444416||1504452607||1147231655||hr||
1504452608||1504460799||1150176524||hr||
1504485376||1504493567||1154309868||hr||
1504493568||1504497663||1154053825||hr||
1504501760||1504505855||1154372176||hr||
2704605184||2704670719||1109653200||hr||
3226753792||3226754303||1109653200||hr||
3226757376||3226757887||1109653200||hr||
3239452416||3239452671||1109653200||hr||
3239465216||3239465471||1109653200||hr||
3239556608||3239556863||1109653200||hr||
3245319168||3245319423||1109653200||hr||
3250589504||3250589567||1109653200||hr||
3250978816||3251044351||1109653200||hr||
3262478489||3262478489||1109653200||hr||
3263091968||3263092479||1109653200||hr||
3264790528||3264806911||1109653200||hr||
3273457664||3273523199||1109653200||hr||
3276525504||3276525527||1109653200||hr||
3276525536||3276525567||1109653200||hr||
3276677120||3276677631||1109653200||hr||
3279342848||3279343103||1109653200||hr||
3284043776||3284044031||1109653200||hr||
3287678720||3287678975||1109653200||hr||
3557793792||3557801983||1109653200||hr||
3557964800||3557964815||1109653200||hr||
3560943048||3560943051||1109653200||hr||
3562758144||3562766335||1109653200||hr||
3583320064||3583328255||1109653200||hr||
3585728512||3585736703||1109653200||hr||
3586097152||3586105343||1109653200||hr||
3586801664||3586818047||1109653200||hr||
3590154048||3590154063||1109653200||hr||
3590155776||3590155807||1109653200||hr||
3590155816||3590155823||1109653200||hr||
3590156288||3590156375||1109653200||hr||
3590156384||3590156415||1109653200||hr||
3590156424||3590156599||1109653200||hr||
3590156608||3590156679||1109653200||hr||
3590156704||3590156719||1109653200||hr||
3641626624||3641630719||1109653200||hr||
3641737216||3641741311||1109653200||hr||
3645132800||3645136895||1109653200||hr||
3645764129||3645764129||1109653200||hr||
3653656576||3653660671||1109653200||hr||
