--||--||--||cz||Czech Republic
1040474112||1040482303||1109653200||cz||
1041776640||1041784831||1109653200||cz||
1042825216||1042829303||1109653200||cz||
1042829312||1042832303||1109653200||cz||
1042832312||1042833407||1109653200||cz||
1043070976||1043079167||1109653200||cz||
1045250048||1045266431||1109653200||cz||
1045447216||1045447223||1109653200||cz||
1045447232||1045447239||1109653200||cz||
1045447296||1045447311||1109653200||cz||
1045447328||1045447359||1109653200||cz||
1045447368||1045447383||1109653200||cz||
1045447400||1045447407||1109653200||cz||
1045447568||1045447679||1109653200||cz||
1045447968||1045447999||1109653200||cz||
1045448040||1045448047||1109653200||cz||
1045448080||1045448095||1109653200||cz||
1045448112||1045448143||1109653200||cz||
1045448200||1045448207||1109653200||cz||
1045448232||1045448239||1109653200||cz||
1045448288||1045448303||1109653200||cz||
1045448312||1045448319||1109653200||cz||
1045448344||1045448351||1109653200||cz||
1045448384||1045448399||1109653200||cz||
1045448440||1045448447||1109653200||cz||
1045448640||1045448671||1109653200||cz||
1045448816||1045448831||1109653200||cz||
1045448960||1045449471||1109653200||cz||
1045449984||1045452543||1109653200||cz||
1045452800||1045454847||1109653200||cz||
1045725184||1045733375||1109653200||cz||
1048649728||1048657919||1109653200||cz||
1048841344||1048841359||1109653200||cz||
1049427968||1049436159||1109653200||cz||
1050330024||1050330031||1109653200||cz||
1051197440||1051213823||1109653200||cz||
1051803648||1051820031||1109653200||cz||
1052320080||1052320087||1109653200||cz||
1052369664||1052369855||1109653200||cz||
1052369888||1052369919||1109653200||cz||
1052413952||1052414335||1109653200||cz||
1052446720||1052447487||1109653200||cz||
1053311232||1053311359||1109653200||cz||
1053614080||1053622271||1109653200||cz||
1053933568||1053949951||1109653200||cz||
1055203328||1055203359||1128201770||cz||
1055203840||1055204095||1128201770||cz||
1055204864||1055205119||1128201770||cz||
1055205120||1055205375||1128201770||cz||
1055205632||1055205887||1128201770||cz||
1055206656||1055206911||1128201770||cz||
1055206912||1055207167||1128201770||cz||
1055207168||1055207423||1128201770||cz||
1055207680||1055207935||1128201770||cz||
1055207936||1055208191||1128201770||cz||
1055208192||1055208447||1128201770||cz||
1055208448||1055208703||1128201770||cz||
1055208704||1055208959||1128201770||cz||
1055208960||1055209215||1128201770||cz||
1055209216||1055209471||1128201770||cz||
1055209728||1055209983||1128201770||cz||
1055209984||1055210239||1128201770||cz||
1055211264||1055211519||1128201770||cz||
1055956992||1055965183||1109653200||cz||
1056260096||1056276479||1109653200||cz||
1346482176||1346486271||1109653200||cz||
1346538000||1346538007||1109653200||cz||
1347035136||1347039231||1109653200||cz||
1347325952||1347330047||1131509147||cz||
1347358720||1347362815||1148184528||cz||
1347588096||1347592191||1120336547||cz||
1347633152||1347637247||1109653200||cz||
1347923968||1347926015||1149043824||cz||
1348427776||1348435967||1109653200||cz||
1348464640||1348465663||1144369264||cz||
1354498048||1354563583||1109653200||cz||
1357876480||1357876543||1109653200||cz||
1358561280||1358565375||1109653200||cz||
1358688256||1358690303||1147146906||cz||
1358690304||1358691839||1151597415||cz||
1359003648||1359011007||1109653200||cz||
1359011016||1359011039||1109653200||cz||
1359011056||1359011343||1109653200||cz||
1359011488||1359011503||1109653200||cz||
1359011512||1359011519||1109653200||cz||
1359011528||1359011535||1109653200||cz||
1359011552||1359011559||1109653200||cz||
1359011568||1359011599||1109653200||cz||
1359011616||1359011711||1109653200||cz||
1359011776||1359011791||1109653200||cz||
1359011800||1359020031||1109653200||cz||
1359134720||1359151103||1109653200||cz||
1360199680||1360203775||1109653200||cz||
1360207872||1360211967||1109653200||cz||
1360773120||1360777215||1109653200||cz||
1360977920||1360987935||1109653200||cz||
1360987984||1360988159||1109653200||cz||
1360988416||1360988927||1109653200||cz||
1360989440||1360991999||1109653200||cz||
1360992256||1360993023||1109653200||cz||
1360994048||1360998399||1109653200||cz||
1361036128||1361036135||1109653200||cz||
1364893696||1364897791||1109653200||cz||
1365204992||1365209087||1109653200||cz||
1372695552||1372695807||1109653200||cz||
1382252544||1382268927||1109653200||cz||
1382285312||1382301695||1109653200||cz||
1383145472||1383153663||1109653200||cz||
1383251968||1383260159||1109653200||cz||
1383432192||1383440383||1109653200||cz||
1383591936||1383592959||1109653200||cz||
1383593472||1383593983||1109653200||cz||
1383594752||1383595007||1109653200||cz||
1383595296||1383595327||1109653200||cz||
1383595520||1383596031||1109653200||cz||
1385054208||1385070591||1109653200||cz||
1385569504||1385569511||1109653200||cz||
1385603072||1385611263||1109653200||cz||
1388969984||1389002751||1109653200||cz||
1389363200||1389379583||1109653200||cz||
1389428736||1389445119||1109653200||cz||
1397039104||1397047295||1109653200||cz||
1401473024||1401475071||1109653200||cz||
1402208256||1402224639||1109653200||cz||
1404133376||1404135423||1109653200||cz||
1406140416||1406205951||1109653200||cz||
1408237568||1408270335||1109653200||cz||
1410359296||1410367487||1109653200||cz||
1410547712||1410555903||1109653200||cz||
1410686976||1410695167||1109653200||cz||
1411821568||1411825663||1151597445||cz||
1412071424||1412104191||1109653200||cz||
1424596480||1424596991||1109653200||cz||
1425162240||1425178623||1109653200||cz||
1425293312||1425309695||1109653200||cz||
1426931712||1426931967||1151817002||cz||
1426933760||1426934015||1141275940||cz||
1426935296||1426935551||1151817030||cz||
1430650880||1430781951||1109653200||cz||
1432100864||1432109055||1109653200||cz||
1432182784||1432190975||1109653200||cz||
1432199168||1432207359||1109653200||cz||
1433884672||1433886719||1147580788||cz||
1434746880||1434779647||1109653200||cz||
1434910720||1434943487||1109653200||cz||
1436549120||1436811263||1109653200||cz||
1438711808||1438728191||1109653200||cz||
1439629312||1439694847||1109653200||cz||
1441783808||1441784063||1144022968||cz||
1441784320||1441784575||1157514022||cz||
1446051840||1446117375||1138342208||cz||
1446871040||1446872063||1136870525||cz||
1475134464||1475135487||1143855833||cz||
1481719808||1481727999||1138142106||cz||
1482055680||1482063871||1160452756||cz||
1482948608||1483210751||1139204247||cz||
1485963776||1485964031||1158726441||cz||
1485964800||1485965055||1145936091||cz||
1485996032||1486028799||1159751974||cz||
1499857408||1499857663||1161221909||cz||
1499857664||1499857919||1159161633||cz||
1499857920||1499858175||1158821984||cz||
1499859200||1499859455||1149044793||cz||
1499860224||1499860479||1155008758||cz||
1499860480||1499860735||1161221931||cz||
1499860992||1499861247||1157687325||cz||
1499864576||1499864831||1148707208||cz||
1499864832||1499865087||1147580886||cz||
1499865856||1499866111||1153107582||cz||
1499866624||1499866879||1150081117||cz||
1499867392||1499867647||1155785542||cz||
1499868160||1499868415||1148523148||cz||
1499868928||1499869183||1152395607||cz||
1499872000||1499872255||1150081148||cz||
1499872768||1499873023||1151208958||cz||
1499876864||1499877119||1154576301||cz||
1499877888||1499878143||1153799528||cz||
1499878912||1499879167||1154740950||cz||
1499879168||1499879423||1158822002||cz||
1499880192||1499880447||1154576324||cz||
1499880448||1499880703||1158822023||cz||
1499880960||1499881215||1159161660||cz||
1499881728||1499881983||1149654037||cz||
1499885568||1499885823||1158822046||cz||
1499897088||1499897343||1152644410||cz||
1499903744||1499903999||1153533157||cz||
1499907072||1499907327||1152933070||cz||
1499916544||1499916799||1162191059||cz||
1499919360||1499919615||1158288853||cz||
1499922432||1499987967||1158822064||cz||
1504706560||1504722943||1149476644||cz||
1504722944||1504739327||1158288926||cz||
1505354496||1505354751||1157952725||cz||
1505354752||1505355263||1157082393||cz||
1508580864||1508581119||1156471085||cz||
2456158208||2456223743||1109653200||cz||
2468347904||2468478975||1109653200||cz||
2481192960||2481455103||1109653200||cz||
2482700288||2482765823||1109653200||cz||
2663514112||2663579647||1109653200||cz||
2663645184||2663710719||1109653200||cz||
2698510336||2698706943||1109653200||cz||
3228335616||3228335871||1109653200||cz||
3228336128||3228336639||1109653200||cz||
3228337664||3228338431||1109653200||cz||
3228340480||3228341247||1109653200||cz||
3228341760||3228342271||1109653200||cz||
3228342784||3228343039||1109653200||cz||
3228343296||3228344575||1109653200||cz||
3228347136||3228347391||1109653200||cz||
3228511232||3228511487||1109653200||cz||
3230845952||3230846207||1109653200||cz||
3238061824||3238062079||1109653200||cz||
3239077888||3239078143||1109653200||cz||
3239120128||3239120383||1109653200||cz||
3239128832||3239129087||1109653200||cz||
3239889408||3239889663||1109653200||cz||
3239955968||3239956223||1109653200||cz||
3241822208||3241824255||1109653200||cz||
3243252224||3243252479||1109653200||cz||
3243507712||3243565055||1109653200||cz||
3243569152||3243704319||1109653200||cz||
3245096960||3245099007||1109653200||cz||
3245107712||3245108735||1109653200||cz||
3245191168||3245193215||1109653200||cz||
3245309952||3245311999||1109653200||cz||
3247066624||3247066879||1109653200||cz||
3247073792||3247074047||1109653200||cz||
3248816128||3248881663||1109653200||cz||
3249733632||3249799167||1109653200||cz||
3251195392||3251195903||1109653200||cz||
3251203584||3251203839||1109653200||cz||
3258056704||3258105599||1109653200||cz||
3258105856||3258122239||1109653200||cz||
3259664752||3259664767||1109653200||cz||
3261857792||3261867951||1109653200||cz||
3261867956||3261923327||1109653200||cz||
3262477776||3262477779||1109653200||cz||
3262478403||3262478403||1109653200||cz||
3262478649||3262478649||1109653200||cz||
3262478773||3262478773||1109653200||cz||
3264328704||3264329727||1109653200||cz||
3264569344||3264577535||1109653200||cz||
3267629056||3267629311||1109653200||cz||
3267638784||3267639295||1109653200||cz||
3267680000||3267680255||1109653200||cz||
3267689216||3267689471||1109653200||cz||
3268673536||3268703799||1109653200||cz||
3268703808||3268728287||1109653200||cz||
3268728300||3268739071||1109653200||cz||
3268747264||3268755455||1109653200||cz||
3268788224||3268804607||1109653200||cz||
3269722112||3269731839||1109653200||cz||
3269732096||3269750799||1109653200||cz||
3269750816||3269787647||1109653200||cz||
3272911872||3272912383||1109653200||cz||
3273007104||3273015295||1109653200||cz||
3274113024||3274145791||1109653200||cz||
3274637312||3274670079||1109653200||cz||
3274697472||3274697727||1109653200||cz||
3276177408||3276185599||1109653200||cz||
3276488960||3276489215||1109653200||cz||
3276491264||3276491327||1109653200||cz||
3276491392||3276491775||1109653200||cz||
3276736816||3276736831||1109653200||cz||
3276740720||3276740735||1109653200||cz||
3276782800||3276782815||1109653200||cz||
3276785616||3276785631||1109653200||cz||
3278938576||3278938579||1109653200||cz||
3278943012||3278943012||1109653200||cz||
3278943769||3278943769||1109653200||cz||
3278945839||3278945839||1109653200||cz||
3278962688||3279028223||1109653200||cz||
3279318528||3279318559||1109653200||cz||
3279318656||3279318687||1109653200||cz||
3279402752||3279403007||1109653200||cz||
3279403264||3279403903||1109653200||cz||
3279404288||3279404415||1109653200||cz||
3279404800||3279405055||1109653200||cz||
3279601664||3279609855||1109653200||cz||
3279994880||3280003071||1109653200||cz||
3280796672||3280797695||1109653200||cz||
3281018880||3281027071||1109653200||cz||
3281149952||3281158143||1109653200||cz||
3281973888||3281974015||1109653200||cz||
3283238912||3283247103||1109653200||cz||
3285499904||3285500159||1109653200||cz||
3285500288||3285500415||1109653200||cz||
3285501320||3285501343||1109653200||cz||
3285501376||3285501567||1109653200||cz||
3285501696||3285501727||1109653200||cz||
3285501760||3285501767||1109653200||cz||
3285501792||3285501823||1109653200||cz||
3285502208||3285502463||1109653200||cz||
3285503392||3285503455||1109653200||cz||
3285504512||3285504639||1109653200||cz||
3285505024||3285505055||1109653200||cz||
3285505216||3285505279||1109653200||cz||
3285505408||3285505471||1109653200||cz||
3285506048||3285506079||1109653200||cz||
3285507648||3285507711||1109653200||cz||
3285507840||3285508095||1109653200||cz||
3285526048||3285526079||1109653200||cz||
3285529984||3285529999||1109653200||cz||
3285535148||3285535151||1109653200||cz||
3285538768||3285538783||1109653200||cz||
3285540224||3285540351||1109653200||cz||
3285552256||3285552287||1109653200||cz||
3285557912||3285557919||1109653200||cz||
3285576448||3285576703||1109653200||cz||
3285595136||3285595167||1109653200||cz||
3286321152||3286322175||1109653200||cz||
3286944768||3286945791||1109653200||cz||
3287516592||3287516599||1109653200||cz||
3287541088||3287541095||1109653200||cz||
3287666944||3287667199||1109653200||cz||
3287973888||3287982079||1109653200||cz||
3344532224||3344532479||1109653200||cz||
3427776512||3427776767||1109653200||cz||
3557515264||3557523455||1109653200||cz||
3558096896||3558113279||1109653200||cz||
3558289984||3558290175||1109653200||cz||
3558375424||3558383615||1109653200||cz||
3558588416||3558596607||1109653200||cz||
3559849984||3559858175||1109653200||cz||
3560939772||3560939775||1109653200||cz||
3560940488||3560940491||1109653200||cz||
3560943264||3560943264||1109653200||cz||
3560943758||3560943758||1109653200||cz||
3560943845||3560943845||1109653200||cz||
3560943847||3560943847||1109653200||cz||
3560946019||3560946019||1109653200||cz||
3561078784||3561095167||1109653200||cz||
3561177088||3561181215||1109653200||cz||
3561181248||3561181263||1109653200||cz||
3561181272||3561185279||1109653200||cz||
3561455616||3561471999||1109653200||cz||
3562029056||3562037247||1109653200||cz||
3562695376||3562695379||1109653200||cz||
3562725376||3562733567||1109653200||cz||
3563102208||3563110399||1109653200||cz||
3564044288||3564052479||1109653200||cz||
3565497216||3565497279||1109653200||cz||
3567157248||3567165439||1109653200||cz||
3567388672||3567388927||1109653200||cz||
3574792192||3574824959||1109653200||cz||
3575447552||3575513087||1109653200||cz||
3575636904||3575636911||1109653200||cz||
3576605696||3576605951||1109653200||cz||
3577633792||3577633951||1109653200||cz||
3577633960||3577633967||1109653200||cz||
3577634048||3577634239||1109653200||cz||
3578993664||3578993791||1109653200||cz||
3578993920||3578994687||1109653200||cz||
3580239872||3580241919||1109653200||cz||
3582568992||3582569023||1109653200||cz||
3583459328||3583467519||1109653200||cz||
3583762432||3583770623||1109653200||cz||
3584598016||3584606207||1109653200||cz||
3584971840||3584971967||1109653200||cz||
3585024000||3585032191||1109653200||cz||
3585351680||3585359871||1109653200||cz||
3586088960||3586097151||1109653200||cz||
3586129920||3586146303||1109653200||cz||
3586310144||3586326527||1109653200||cz||
3586375680||3586392063||1109653200||cz||
3587287388||3587287391||1109653200||cz||
3587342336||3587358719||1109653200||cz||
3587383296||3587391487||1109653200||cz||
3587710976||3587719167||1109653200||cz||
3588014080||3588030463||1109653200||cz||
3588407296||3588423679||1109653200||cz||
3588964352||3588997119||1109653200||cz||
3589685248||3589701631||1109653200||cz||
3589980160||3589996543||1109653200||cz||
3641057656||3641057663||1109653200||cz||
3641147496||3641147503||1109653200||cz||
3641434112||3641442303||1109653200||cz||
3642638336||3642642431||1109653200||cz||
3642699776||3642703871||1109653200||cz||
3642736640||3642740735||1109653200||cz||
3644850176||3644854271||1109653200||cz||
3645022208||3645030399||1109653200||cz||
3645202432||3645206527||1109653200||cz||
3645624320||3645628415||1109653200||cz||
3645743104||3645747199||1109653200||cz||
3648028672||3648032767||1109653200||cz||
3648036864||3648040959||1109653200||cz||
3648253952||3648258047||1109653200||cz||
3648376832||3648380927||1109653200||cz||
3650454528||3650457599||1109653200||cz||
3651719168||3651723263||1109653200||cz||
3651776512||3651780607||1109653200||cz||
3653476352||3653480447||1109653200||cz||
3653554176||3653558271||1109653200||cz||
3653603328||3653607423||1109653200||cz||
3653660672||3653664767||1109653200||cz||
