--||--||--||dk||Denmark
1040982016||1040990207||1109653200||dk||
1041958464||1041958527||1109653200||dk||
1042829304||1042829311||1109653200||dk||
1043103744||1043120127||1109653200||dk||
1044217856||1044226047||1109653200||dk||
1044545536||1044578303||1109653200||dk||
1044775360||1044775367||1109653200||dk||
1045364736||1045430271||1109653200||dk||
1045461520||1045461535||1109653200||dk||
1046316544||1046317055||1109653200||dk||
1047199744||1047265279||1109653200||dk||
1048158208||1048166399||1109653200||dk||
1049067520||1049100287||1109653200||dk||
1050238048||1050238055||1109653200||dk||
1050515648||1050515663||1109653200||dk||
1052262400||1052263423||1109653200||dk||
1052263936||1052264447||1109653200||dk||
1052362240||1052362751||1109653200||dk||
1052367872||1052368895||1109653200||dk||
1052370176||1052370431||1109653200||dk||
1052370688||1052370943||1109653200||dk||
1052433408||1052433719||1109653200||dk||
1052433728||1052433919||1109653200||dk||
1052499968||1052500191||1109653200||dk||
1052500208||1052500287||1109653200||dk||
1053163520||1053294591||1109653200||dk||
1053312000||1053312887||1109653200||dk||
1053327104||1053327359||1109653200||dk||
1053334016||1053334223||1109653200||dk||
1053334240||1053334527||1109653200||dk||
1053843200||1053843207||1109653200||dk||
1054237184||1054237439||1109653200||dk||
1056047104||1056178175||1109653200||dk||
1067954752||1067954783||1109653200||dk||
1101385856||1101385919||1109653200||dk||
1101431608||1101431615||1109653200||dk||
1101445800||1101445807||1109653200||dk||
1346240512||1346371583||1109653200||dk||
1346576384||1346580479||1109653200||dk||
1346932736||1346936831||1109653200||dk||
1347239936||1347244031||1109653200||dk||
1347420160||1347420671||1109653200||dk||
1347420680||1347420791||1109653200||dk||
1347420800||1347420831||1109653200||dk||
1347420848||1347422207||1109653200||dk||
1347422464||1347424339||1109653200||dk||
1347424352||1347427135||1109653200||dk||
1347427328||1347428351||1109653200||dk||
1347575808||1347579903||1109653200||dk||
1347977216||1347977471||1109653200||dk||
1347977600||1347977727||1109653200||dk||
1347977992||1347977999||1109653200||dk||
1347978336||1347978343||1109653200||dk||
1347978880||1347979007||1109653200||dk||
1347979152||1347979159||1109653200||dk||
1347979224||1347979231||1109653200||dk||
1347979257||1347979295||1109653200||dk||
1347979728||1347979743||1109653200||dk||
1347980416||1347980543||1109653200||dk||
1347981968||1347982031||1109653200||dk||
1347982056||1347982127||1109653200||dk||
1347982144||1347982231||1109653200||dk||
1347982248||1347982335||1109653200||dk||
1347982848||1347982911||1109653200||dk||
1347983424||1347983487||1109653200||dk||
1347983520||1347983527||1109653200||dk||
1347983552||1347983559||1109653200||dk||
1347983968||1347983975||1109653200||dk||
1347984424||1347984431||1109653200||dk||
1348141056||1348145151||1109653200||dk||
1348174592||1348177919||1109653200||dk||
1352663040||1352680751||1109653200||dk||
1352680768||1352680799||1109653200||dk||
1352680808||1352680839||1109653200||dk||
1352680848||1353187327||1109653200||dk||
1355022336||1355284479||1109653200||dk||
1355808768||1356070911||1109653200||dk||
1357320960||1357320983||1109653200||dk||
1357320992||1357321015||1109653200||dk||
1357447168||1357479935||1109653200||dk||
1358131200||1358132223||1144187934||dk||
1358133248||1358135295||1134803756||dk||
1359446016||1359462399||1109653200||dk||
1360257024||1360259047||1109653200||dk||
1360259056||1360265215||1109653200||dk||
1369538560||1369554943||1109653200||dk||
1372695808||1372696063||1109653200||dk||
1382024960||1382025215||1109653200||dk||
1382514688||1382531071||1109653200||dk||
1385152512||1385168895||1109653200||dk||
1385422848||1385431039||1109653200||dk||
1385570288||1385570303||1109653200||dk||
1385578496||1385586687||1109653200||dk||
1387528192||1387593727||1109653200||dk||
1388347392||1388363775||1109653200||dk||
1389608960||1389625343||1109653200||dk||
1397227520||1397358591||1109653200||dk||
1398276096||1398800383||1109653200||dk||
1398890496||1398892543||1109653200||dk||
1401241600||1401241855||1109653200||dk||
1401444352||1401446399||1109653200||dk||
1401495552||1401497599||1109653200||dk||
1402437632||1402454015||1109653200||dk||
1407025152||1407025663||1109653200||dk||
1407025920||1407025991||1109653200||dk||
1407026000||1407033343||1109653200||dk||
1410375680||1410383871||1109653200||dk||
1424599040||1424599231||1109653200||dk||
1424642048||1424646143||1109653200||dk||
1424883712||1424916479||1109653200||dk||
1425272832||1425273087||1109653200||dk||
1425469440||1425471487||1109653200||dk||
1426014208||1426030591||1109653200||dk||
1427636224||1427668991||1109653200||dk||
1431306240||1431568383||1109653200||dk||
1431953408||1431961599||1109653200||dk||
1440382976||1440415743||1109653200||dk||
1441521664||1441529855||1157248604||dk||
1445986304||1445994495||1123822342||dk||
1446248448||1446313983||1129335588||dk||
1462763520||1463812095||1130559362||dk||
1464336384||1464401919||1120885878||dk||
1466437632||1466439679||1159751834||dk||
1467224576||1467224831||1160890342||dk||
1467231232||1467233791||1151706775||dk||
1475297280||1475299327||1151597541||dk||
1490305024||1490306047||1150948647||dk||
1490309120||1490313215||1161757185||dk||
1503035392||1503051775||1153258259||dk||
2173566976||2173632511||1109653200||dk||
2195783680||2196045823||1109653200||dk||
2196997120||2196998143||1109653200||dk||
2208563200||2208759807||1109653200||dk||
2355305584||2355305591||1109653200||dk||
2375024640||2375090175||1109653200||dk||
2454851584||2454851839||1109653200||dk||
2454853120||2454853375||1109653200||dk||
2454887424||2454887679||1109653200||dk||
2468151296||2468174847||1109653200||dk||
2468175360||2468216831||1109653200||dk||
2513698816||2513764351||1109653200||dk||
2554920960||2554986495||1109653200||dk||
2556362752||2556428287||1109653200||dk||
2557673472||2557739007||1109653200||dk||
2605252608||2605318143||1109653200||dk||
2609446912||2609512447||1109653200||dk||
2680356864||2680422399||1109653200||dk||
2870214656||2870280191||1109653200||dk||
3223715840||3223781375||1109653200||dk||
3224793856||3224795391||1109653200||dk||
3225550848||3225616383||1109653200||dk||
3227312128||3227312383||1109653200||dk||
3227425792||3227427583||1109653200||dk||
3228104704||3228104959||1109653200||dk||
3228400128||3228400383||1109653200||dk||
3228590848||3228591103||1109653200||dk||
3230823680||3230823935||1109653200||dk||
3238017024||3238018303||1109653200||dk||
3238064896||3238065151||1109653200||dk||
3238199296||3238239679||1109653200||dk||
3238239712||3238264831||1109653200||dk||
3238596608||3238599935||1109653200||dk||
3238622720||3238622975||1109653200||dk||
3238633216||3238657791||1109653200||dk||
3239088640||3239088895||1109653200||dk||
3239164928||3239165183||1109653200||dk||
3239271936||3239272447||1109653200||dk||
3239470592||3239470847||1109653200||dk||
3239554304||3239554559||1109653200||dk||
3239575296||3239575551||1109653200||dk||
3239712768||3239713023||1109653200||dk||
3239740416||3239740671||1109653200||dk||
3239762432||3239762687||1109653200||dk||
3239772672||3239773183||1109653200||dk||
3239783424||3239783679||1109653200||dk||
3239791104||3239791615||1109653200||dk||
3239827456||3239827967||1109653200||dk||
3239830016||3239830527||1109653200||dk||
3239836160||3239836671||1109653200||dk||
3239848448||3239848703||1109653200||dk||
3239875328||3239875583||1109653200||dk||
3239875840||3239876095||1109653200||dk||
3239895040||3239895295||1109653200||dk||
3239895808||3239896063||1109653200||dk||
3239954688||3239954943||1109653200||dk||
3240038144||3240038399||1109653200||dk||
3240692736||3240693247||1109653200||dk||
3240729600||3240730111||1109653200||dk||
3240743424||3240743935||1109653200||dk||
3243769856||3243900927||1109653200||dk||
3245128960||3245129215||1109653200||dk||
3245137920||3245138431||1109653200||dk||
3245160448||3245160959||1109653200||dk||
3245233152||3245233407||1109653200||dk||
3245233920||3245234175||1109653200||dk||
3245254144||3245254655||1109653200||dk||
3245261824||3245262847||1109653200||dk||
3245297920||3245298175||1109653200||dk||
3245301248||3245301503||1109653200||dk||
3245318656||3245318911||1109653200||dk||
3247066112||3247066367||1109653200||dk||
3247076096||3247076351||1109653200||dk||
3247078400||3247078655||1109653200||dk||
3247090688||3247091711||1109653200||dk||
3247800320||3247816703||1109653200||dk||
3248525568||3248525823||1109653200||dk||
3248619520||3248638463||1109653200||dk||
3248638720||3248750591||1109653200||dk||
3248810144||3248810239||1109653200||dk||
3248814080||3248815103||1109653200||dk||
3249712896||3249713151||1109653200||dk||
3250380800||3250381055||1109653200||dk||
3251184384||3251184639||1109653200||dk||
3251185408||3251185663||1109653200||dk||
3251216000||3251216127||1109653200||dk||
3251237888||3251238911||1109653200||dk||
3251705344||3251705599||1109653200||dk||
3252359168||3252362239||1109653200||dk||
3253647360||3253648383||1153457318||dk||
3253678080||3253679103||1125800009||dk||
3253970944||3253972991||1109653200||dk||
3254654848||3254654975||1109653200||dk||
3255286096||3255286103||1109653200||dk||
3255394304||3255399679||1109653200||dk||
3255469824||3255470079||1109653200||dk||
3255909184||3255909191||1109653200||dk||
3256057856||3256061951||1109653200||dk||
3256062976||3256074751||1109653200||dk||
3256075008||3256076287||1109653200||dk||
3256076800||3256080127||1109653200||dk||
3256080384||3256080639||1109653200||dk||
3256080768||3256081919||1109653200||dk||
3256082176||3256082431||1109653200||dk||
3256698400||3256698407||1109653200||dk||
3256698464||3256698471||1109653200||dk||
3256700928||3256701183||1109653200||dk||
3256711680||3256712191||1109653200||dk||
3256733440||3256733695||1109653200||dk||
3257525496||3257525503||1109653200||dk||
3257544448||3257544575||1109653200||dk||
3257544960||3257545215||1109653200||dk||
3258948608||3258949631||1109653200||dk||
3259310336||3259311103||1109653200||dk||
3259318664||3259318671||1109653200||dk||
3259319096||3259319103||1109653200||dk||
3259319256||3259319263||1109653200||dk||
3259319312||3259319319||1109653200||dk||
3259319464||3259319471||1109653200||dk||
3260548352||3260548607||1109653200||dk||
3260613888||3260614143||1109653200||dk||
3260874752||3260875775||1109653200||dk||
3260876032||3260891391||1109653200||dk||
3261676544||3261676799||1109653200||dk||
3262427648||3262428159||1109653200||dk||
3262438912||3262439423||1109653200||dk||
3262472564||3262472567||1109653200||dk||
3262472836||3262472839||1109653200||dk||
3262474632||3262474635||1109653200||dk||
3262476088||3262476091||1109653200||dk||
3262476460||3262476463||1109653200||dk||
3262476544||3262476547||1109653200||dk||
3262476636||3262476639||1109653200||dk||
3262476768||3262476771||1109653200||dk||
3262477036||3262477039||1109653200||dk||
3262477296||3262477299||1109653200||dk||
3262477416||3262477419||1109653200||dk||
3262478348||3262478348||1109653200||dk||
3262478353||3262478353||1109653200||dk||
3262478479||3262478479||1109653200||dk||
3262478481||3262478481||1109653200||dk||
3262478563||3262478563||1109653200||dk||
3262478665||3262478665||1109653200||dk||
3262478741||3262478741||1109653200||dk||
3262478755||3262478755||1109653200||dk||
3262478888||3262478888||1109653200||dk||
3262478910||3262478910||1109653200||dk||
3262478928||3262478928||1109653200||dk||
3262479017||3262479017||1109653200||dk||
3262479038||3262479038||1109653200||dk||
3262479042||3262479042||1109653200||dk||
3262479100||3262479100||1109653200||dk||
3262479183||3262479183||1109653200||dk||
3262479228||3262479228||1109653200||dk||
3262479270||3262479271||1109653200||dk||
3262479308||3262479308||1109653200||dk||
3262479319||3262479319||1109653200||dk||
3262479328||3262479328||1109653200||dk||
3262479346||3262479346||1109653200||dk||
3262479387||3262479387||1109653200||dk||
3262479390||3262479390||1109653200||dk||
3262479416||3262479416||1109653200||dk||
3262479441||3262479441||1109653200||dk||
3262479554||3262479554||1109653200||dk||
3262479665||3262479665||1109653200||dk||
3262479670||3262479670||1109653200||dk||
3262479739||3262479739||1109653200||dk||
3262479842||3262479842||1109653200||dk||
3262479931||3262479931||1109653200||dk||
3262480021||3262480021||1109653200||dk||
3262480107||3262480107||1109653200||dk||
3262480272||3262480272||1109653200||dk||
3262480320||3262480320||1109653200||dk||
3262480343||3262480343||1109653200||dk||
3263086592||3263086847||1109653200||dk||
3263094528||3263094783||1109653200||dk||
3263097344||3263097599||1109653200||dk||
3263101440||3263101695||1109653200||dk||
3264605696||3264606207||1109653200||dk||
3264637952||3264639999||1109653200||dk||
3264846848||3264846911||1109653200||dk||
3265366528||3265367039||1109653200||dk||
3265367808||3265369343||1109653200||dk||
3265370112||3265370623||1109653200||dk||
3266707456||3266767615||1109653200||dk||
3266767872||3266772991||1109653200||dk||
3267362816||3267426879||1109653200||dk||
3267426944||3267428351||1109653200||dk||
3267549184||3267550463||1109653200||dk||
3267550720||3267551231||1109653200||dk||
3267553280||3267554303||1109653200||dk||
3267629312||3267629567||1109653200||dk||
3267638528||3267638783||1109653200||dk||
3267656192||3267656447||1109653200||dk||
3267793920||3267794175||1109653200||dk||
3268772736||3268772751||1109653200||dk||
3269069324||3269069327||1109653200||dk||
3270117504||3270117631||1109653200||dk||
3270118400||3270120703||1109653200||dk||
3270122240||3270122495||1109653200||dk||
3270123716||3270123719||1109653200||dk||
3270123776||3270124031||1109653200||dk||
3270124544||3270124799||1109653200||dk||
3270125056||3270125567||1109653200||dk||
3270126080||3270126335||1109653200||dk||
3270126624||3270126655||1109653200||dk||
3270156288||3270156799||1109653200||dk||
3270159616||3270159871||1109653200||dk||
3270366720||3270367231||1109653200||dk||
3270443008||3270508543||1109653200||dk||
3270649344||3270649599||1109653200||dk||
3270649856||3270650111||1109653200||dk||
3270650368||3270650623||1109653200||dk||
3270652416||3270652671||1109653200||dk||
3271393792||3271394047||1109653200||dk||
3271401472||3271403263||1109653200||dk||
3271425280||3271425535||1109653200||dk||
3271491584||3271493471||1109653200||dk||
3271493504||3271493631||1109653200||dk||
3271494400||3271497967||1109653200||dk||
3271497984||3271522831||1109653200||dk||
3271522840||3271523431||1109653200||dk||
3271523440||3271557119||1109653200||dk||
3272020992||3272024063||1109653200||dk||
3272420992||3272421119||1109653200||dk||
3272653760||3272653791||1109653200||dk||
3272933760||3272933775||1109653200||dk||
3273129984||3273138175||1109653200||dk||
3274244096||3274309631||1109653200||dk||
3274407936||3274416127||1109653200||dk||
3274670080||3274686463||1109653200||dk||
3274691072||3274691327||1109653200||dk||
3274692608||3274692863||1109653200||dk||
3274694144||3274694399||1109653200||dk||
3274696192||3274696447||1109653200||dk||
3274700544||3274700799||1109653200||dk||
3274842112||3274850303||1109653200||dk||
3274948608||3274952447||1109653200||dk||
3274956736||3274956767||1109653200||dk||
3274961504||3274961535||1109653200||dk||
3275112448||3275120639||1109653200||dk||
3275136640||3275136767||1109653200||dk||
3275955464||3275955467||1109653200||dk||
3276111872||3276112895||1109653200||dk||
3276131328||3276132351||1109653200||dk||
3276519424||3276520191||1109653200||dk||
3276685312||3276693503||1109653200||dk||
3276734736||3276734751||1109653200||dk||
3276736880||3276736959||1109653200||dk||
3276745216||3276745295||1109653200||dk||
3276745312||3276745343||1109653200||dk||
3276745408||3276745727||1109653200||dk||
3276761984||3276762015||1109653200||dk||
3276763968||3276763983||1109653200||dk||
3276767016||3276767023||1109653200||dk||
3276767808||3276767871||1109653200||dk||
3276770240||3276770303||1109653200||dk||
3276773376||3276774047||1109653200||dk||
3276774080||3276774095||1109653200||dk||
3276774144||3276774271||1109653200||dk||
3276775360||3276775391||1109653200||dk||
3276783040||3276783055||1109653200||dk||
3276794304||3276794335||1109653200||dk||
3276861440||3276865535||1109653200||dk||
3276980224||3276988415||1109653200||dk||
3277127680||3277160447||1109653200||dk||
3277183488||3277183743||1109653200||dk||
3277191168||3277191423||1109653200||dk||
3277191936||3277192191||1109653200||dk||
3277192448||3277192703||1109653200||dk||
3277452648||3277452655||1109653200||dk||
3277843968||3277845503||1109653200||dk||
3277847040||3277847551||1109653200||dk||
3277946880||3277963263||1109653200||dk||
3278938120||3278938123||1109653200||dk||
3278938360||3278938363||1109653200||dk||
3278938532||3278938535||1109653200||dk||
3278938596||3278938599||1109653200||dk||
3278938616||3278938619||1109653200||dk||
3278939460||3278939463||1109653200||dk||
3278939608||3278939611||1109653200||dk||
3278939636||3278939639||1109653200||dk||
3278940168||3278940171||1109653200||dk||
3278940504||3278940507||1109653200||dk||
3278940804||3278940807||1109653200||dk||
3278940956||3278940959||1109653200||dk||
3278941092||3278941095||1109653200||dk||
3278941108||3278941111||1109653200||dk||
3278942184||3278942187||1109653200||dk||
3278942818||3278942818||1109653200||dk||
3278942879||3278942879||1109653200||dk||
3278943026||3278943026||1109653200||dk||
3278943110||3278943110||1109653200||dk||
3278943254||3278943254||1109653200||dk||
3278943299||3278943299||1109653200||dk||
3278943303||3278943303||1109653200||dk||
3278943440||3278943440||1109653200||dk||
3278943491||3278943491||1109653200||dk||
3278943574||3278943574||1109653200||dk||
3278943623||3278943623||1109653200||dk||
3278943648||3278943648||1109653200||dk||
3278943731||3278943731||1109653200||dk||
3278943805||3278943805||1109653200||dk||
3278943864||3278943864||1109653200||dk||
3278943940||3278943940||1109653200||dk||
3278943958||3278943958||1109653200||dk||
3278943977||3278943977||1109653200||dk||
3278944013||3278944013||1109653200||dk||
3278944071||3278944071||1109653200||dk||
3278944213||3278944213||1109653200||dk||
3278945805||3278945805||1109653200||dk||
3278945827||3278945827||1109653200||dk||
3278945856||3278945856||1109653200||dk||
3279321088||3279322623||1109653200||dk||
3279330080||3279330111||1109653200||dk||
3279351808||3279352319||1109653200||dk||
3279353344||3279354879||1109653200||dk||
3279990272||3279990783||1109653200||dk||
3280006144||3280006655||1109653200||dk||
3280459776||3280460799||1109653200||dk||
3280585216||3280585727||1109653200||dk||
3280595968||3280596479||1109653200||dk||
3280765952||3280766975||1109653200||dk||
3281341952||3281342207||1109653200||dk||
3281969920||3281970175||1109653200||dk||
3281971968||3281972095||1109653200||dk||
3281972992||3281973119||1109653200||dk||
3281973248||3281973503||1109653200||dk||
3281973760||3281973887||1109653200||dk||
3281974016||3281974143||1109653200||dk||
3281975168||3281976191||1109653200||dk||
3281976576||3281976639||1109653200||dk||
3281976768||3281976799||1109653200||dk||
3281976824||3281976831||1109653200||dk||
3281977088||3281977343||1109653200||dk||
3283419136||3283484671||1109653200||dk||
3283568096||3283568127||1109653200||dk||
3283570016||3283570047||1109653200||dk||
3283589120||3283589791||1109653200||dk||
3283589888||3283590143||1109653200||dk||
3283598736||3283598743||1109653200||dk||
3283598976||3283599103||1109653200||dk||
3283623936||3283632127||1109653200||dk||
3283640320||3283648511||1109653200||dk||
3283651968||3283652031||1109653200||dk||
3283654656||3283654911||1109653200||dk||
3283655040||3283655167||1109653200||dk||
3284041728||3284041983||1109653200||dk||
3284046336||3284046591||1109653200||dk||
3284047104||3284047359||1109653200||dk||
3284048128||3284048383||1109653200||dk||
3284140032||3284205567||1109653200||dk||
3285456640||3285456703||1109653200||dk||
3285456712||3285456895||1109653200||dk||
3285458944||3285459711||1109653200||dk||
3285460480||3285460991||1109653200||dk||
3285465088||3285465103||1109653200||dk||
3285465120||3285465343||1109653200||dk||
3285500928||3285501183||1109653200||dk||
3285516288||3285516543||1109653200||dk||
3285524480||3285524735||1109653200||dk||
3285531312||3285531327||1109653200||dk||
3285534784||3285534799||1109653200||dk||
3285535904||3285535907||1109653200||dk||
3285536768||3285536959||1109653200||dk||
3285537136||3285537143||1109653200||dk||
3285537152||3285537167||1109653200||dk||
3285537664||3285537727||1109653200||dk||
3285538400||3285538431||1109653200||dk||
3285546752||3285547007||1109653200||dk||
3285549872||3285549887||1109653200||dk||
3285551424||3285551487||1109653200||dk||
3285561472||3285561599||1109653200||dk||
3285572608||3285572863||1109653200||dk||
3285575936||3285575999||1109653200||dk||
3285576160||3285576191||1109653200||dk||
3285647360||3285712895||1109653200||dk||
3285762048||3285770239||1109653200||dk||
3285940224||3285940479||1109653200||dk||
3285943568||3285943575||1109653200||dk||
3285944832||3285945343||1109653200||dk||
3286325248||3286326271||1109653200||dk||
3286351872||3286352895||1109653200||dk||
3286695936||3286761471||1109653200||dk||
3286892544||3286900735||1109653200||dk||
3286932224||3286932479||1109653200||dk||
3286933504||3286933759||1109653200||dk||
3287259376||3287259383||1109653200||dk||
3287447552||3287448063||1109653200||dk||
3287465984||3287467007||1109653200||dk||
3287631872||3287632383||1109653200||dk||
3287662848||3287663103||1109653200||dk||
3287666432||3287666687||1109653200||dk||
3287667200||3287667455||1109653200||dk||
3287729664||3287729919||1109653200||dk||
3287875584||3287941119||1109653200||dk||
3288102544||3288102551||1109653200||dk||
3302449152||3302449279||1109653200||dk||
3455330752||3455330815||1109653200||dk||
3487189248||3487189503||1109653200||dk||
3487193600||3487193855||1109653200||dk||
3487197184||3487197439||1109653200||dk||
3487203072||3487203327||1109653200||dk||
3491639808||3491639823||1109653200||dk||
3492005376||3492005391||1109653200||dk||
3492005440||3492005447||1109653200||dk||
3557367808||3557375999||1109653200||dk||
3557425152||3557490687||1109653200||dk||
3560325120||3560333311||1109653200||dk||
3560939664||3560939667||1109653200||dk||
3560939780||3560939783||1109653200||dk||
3560940572||3560940575||1109653200||dk||
3560940684||3560940687||1109653200||dk||
3560940736||3560940739||1109653200||dk||
3560940996||3560940999||1109653200||dk||
3560941152||3560941155||1109653200||dk||
3560941272||3560941275||1109653200||dk||
3560941368||3560941371||1109653200||dk||
3560941392||3560941395||1109653200||dk||
3560941536||3560941539||1109653200||dk||
3560941948||3560941951||1109653200||dk||
3560941972||3560941975||1109653200||dk||
3560942284||3560942287||1109653200||dk||
3560942548||3560942551||1109653200||dk||
3560942600||3560942603||1109653200||dk||
3560943004||3560943007||1109653200||dk||
3560943116||3560943116||1109653200||dk||
3560943185||3560943185||1109653200||dk||
3560943508||3560943508||1109653200||dk||
3560943520||3560943520||1109653200||dk||
3560943577||3560943577||1109653200||dk||
3560943627||3560943627||1109653200||dk||
3560943661||3560943661||1109653200||dk||
3560943668||3560943668||1109653200||dk||
3560943788||3560943788||1109653200||dk||
3560943798||3560943798||1109653200||dk||
3560943807||3560943807||1109653200||dk||
3560943830||3560943830||1109653200||dk||
3560944860||3560944863||1109653200||dk||
3561357312||3561365503||1109653200||dk||
3561594936||3561594939||1109653200||dk||
3561594976||3561595007||1109653200||dk||
3561618432||3561618687||1109653200||dk||
3561638656||3561638911||1109653200||dk||
3561706032||3561706047||1109653200||dk||
3562553344||3562561535||1109653200||dk||
3562872832||3562881023||1109653200||dk||
3563159552||3563167743||1109653200||dk||
3563175936||3563192319||1109653200||dk||
3563315200||3563323391||1109653200||dk||
3564142592||3564150783||1109653200||dk||
3564499216||3564499231||1109653200||dk||
3564756736||3564756743||1109653200||dk||
3565289472||3565355007||1109653200||dk||
3565494704||3565494719||1109653200||dk||
3565514240||3565514495||1109653200||dk||
3572301824||3572367359||1109653200||dk||
3572629504||3572695039||1109653200||dk||
3575632832||3575632847||1109653200||dk||
3575634008||3575634015||1109653200||dk||
3575644160||3575709695||1109653200||dk||
3577647104||3577647911||1109653200||dk||
3577647936||3577648127||1109653200||dk||
3579019264||3579052031||1109653200||dk||
3580238336||3580239359||1109653200||dk||
3582001152||3582009343||1109653200||dk||
3582197760||3582205951||1109653200||dk||
3582263296||3582271487||1109653200||dk||
3583385600||3583393791||1109653200||dk||
3584008192||3584016383||1109653200||dk||
3584745472||3584753663||1109653200||dk||
3584942080||3584950271||1109653200||dk||
3584966656||3584969727||1109653200||dk||
3584972000||3584972023||1109653200||dk||
3584972544||3584973055||1109653200||dk||
3584973184||3584973279||1109653200||dk||
3584973312||3584974079||1109653200||dk||
3584974144||3584974847||1109653200||dk||
3589079040||3589092223||1109653200||dk||
3589092228||3589128191||1109653200||dk||
3589230416||3589230431||1109653200||dk||
3589433536||3589433567||1109653200||dk||
3589434112||3589434623||1109653200||dk||
3641315328||3641319423||1109653200||dk||
3641729024||3641733119||1109653200||dk||
3641786368||3641790463||1109653200||dk||
3641892864||3641896959||1109653200||dk||
3641978880||3641987071||1109653200||dk||
3642187776||3642190591||1109653200||dk||
3642190624||3642191423||1109653200||dk||
3642191744||3642191871||1109653200||dk||
3642531840||3642532351||1109653200||dk||
3642532864||3642535935||1109653200||dk||
3642630144||3642634239||1109653200||dk||
3642642432||3642646527||1109653200||dk||
3644588032||3644719103||1109653200||dk||
3645558784||3645562879||1109653200||dk||
3645763669||3645763669||1109653200||dk||
3645763859||3645763859||1109653200||dk||
3645764110||3645764110||1109653200||dk||
3645764148||3645764148||1109653200||dk||
3645764327||3645764327||1109653200||dk||
3645765408||3645765411||1109653200||dk||
3645765640||3645765643||1109653200||dk||
3648193408||3648193439||1109653200||dk||
3648315392||3648316415||1109653200||dk||
3648316928||3648319487||1109653200||dk||
3648319520||3648319527||1109653200||dk||
3648319536||3648319615||1109653200||dk||
3648319632||3648321631||1109653200||dk||
3648321640||3648321823||1109653200||dk||
3648321840||3648322303||1109653200||dk||
3648322560||3648323583||1109653200||dk||
3650170880||3650174975||1109653200||dk||
3650945024||3651010559||1109653200||dk||
3653480448||3653484543||1109653200||dk||
3653685248||3653689343||1109653200||dk||
3714175488||3714175743||1109653200||dk||
