--||--||--||sv||El Salvador
1061420032||1061421055||1109653200||sv||
1062282240||1062283263||1109653200||sv||
1063616512||1063620607||1109653200||sv||
1102449152||1102449407||1109653200||sv||
1115118592||1115119615||1109653200||sv||
1118966112||1118966119||1109653200||sv||
1118966272||1118966351||1109653200||sv||
1118966368||1118966399||1109653200||sv||
1118966656||1118966687||1109653200||sv||
1118981696||1118981735||1109653200||sv||
1118981744||1118981751||1109653200||sv||
1118982416||1118982431||1109653200||sv||
1120509952||1120516095||1109653200||sv||
1358899472||1358899479||1109653200||sv||
2834497536||2834563071||1109653200||sv||
3191144448||3191177215||1150081425||sv||
3191406592||3191439359||1147923736||sv||
3278946272||3278946275||1109653200||sv||
3356273664||3356274431||1109653200||sv||
3356288256||3356288511||1109653200||sv||
3356289024||3356289535||1109653200||sv||
3356289808||3356289823||1109653200||sv||
3356336128||3356336927||1109653200||sv||
3356336944||3356336959||1109653200||sv||
3356336976||3356337007||1109653200||sv||
3356337024||3356337071||1109653200||sv||
3356337088||3356337359||1109653200||sv||
3356337376||3356337407||1109653200||sv||
3356337424||3356337471||1109653200||sv||
3356337488||3356337503||1109653200||sv||
3356337520||3356337631||1109653200||sv||
3356337664||3356337927||1109653200||sv||
3356337940||3356337951||1109653200||sv||
3356337960||3356337967||1109653200||sv||
3356337984||3356337991||1109653200||sv||
3356338024||3356338039||1109653200||sv||
3356338048||3356338055||1109653200||sv||
3356338072||3356338079||1109653200||sv||
3356338104||3356338111||1109653200||sv||
3356338176||3356339519||1109653200||sv||
3356339536||3356339647||1109653200||sv||
3356339680||3356340271||1109653200||sv||
3356340288||3356340327||1109653200||sv||
3356340336||3356340367||1109653200||sv||
3356340408||3356340439||1109653200||sv||
3356340448||3356340455||1109653200||sv||
3356340464||3356340471||1109653200||sv||
3356340496||3356340575||1109653200||sv||
3356340592||3356340607||1109653200||sv||
3356340624||3356340639||1109653200||sv||
3356340656||3356340687||1109653200||sv||
3356340704||3356340815||1109653200||sv||
3356340848||3356340863||1109653200||sv||
3356340880||3356340895||1109653200||sv||
3356340912||3356341015||1109653200||sv||
3356341032||3356341111||1109653200||sv||
3356341120||3356341167||1109653200||sv||
3356341208||3356341231||1109653200||sv||
3356341240||3356341759||1109653200||sv||
3356341816||3356341863||1109653200||sv||
3356341880||3356341895||1109653200||sv||
3356341912||3356341923||1109653200||sv||
3356341932||3356341935||1109653200||sv||
3356341944||3356341967||1109653200||sv||
3356342016||3356342127||1109653200||sv||
3356342160||3356342191||1109653200||sv||
3356342208||3356343295||1109653200||sv||
3356343424||3356344319||1109653200||sv||
3357442816||3357443071||1109653200||sv||
3357444608||3357444863||1109653200||sv||
3357448192||3357448703||1109653200||sv||
3357453056||3357453311||1109653200||sv||
3357515776||3357519871||1109653200||sv||
3361013760||3361021951||1109653200||sv||
3362447360||3362451455||1109653200||sv||
3388407808||3388448767||1109653200||sv||
3388448768||3388456959||1121575562||sv||
3388456960||3388473343||1131167974||sv||
3481069312||3481069823||1109653200||sv||
3508086784||3508087807||1109653200||sv||
3514589952||3514590207||1109653200||sv||
3514590720||3514590975||1109653200||sv||
3514592256||3514592767||1109653200||sv||
3514593280||3514597375||1109653200||sv||
3587751936||3587751999||1109653200||sv||
3587752128||3587752135||1109653200||sv||
3587752144||3587752159||1109653200||sv||
3587752176||3587752183||1109653200||sv||
3628627968||3628628991||1109653200||sv||
3635961856||3635963903||1109653200||sv||
3635964416||3635965951||1109653200||sv||
3635968000||3635970047||1109653200||sv||
