--||--||--||ee||Estonia
1044455424||1044463615||1109653200||ee||
1044496384||1044512767||1109653200||ee||
1044986496||1044986623||1109653200||ee||
1048600576||1048608767||1109653200||ee||
1053318952||1053318959||1109653200||ee||
1055772396||1055772399||1109653200||ee||
1346564096||1346568191||1109653200||ee||
1347383296||1347387391||1113889310||ee||
1357578240||1357611007||1109653200||ee||
1358589952||1358591743||1139120834||ee||
1358591744||1358594047||1152243068||ee||
1360654336||1360654591||1147146935||ee||
1360654848||1360655103||1154372032||ee||
1384316928||1384349695||1109653200||ee||
1385406464||1385414655||1109653200||ee||
1403396096||1403400191||1109653200||ee||
1403400208||1403404287||1109653200||ee||
1412562944||1412628479||1109653200||ee||
1412694016||1412710399||1109653200||ee||
1428013056||1428029439||1126930789||ee||
1431904256||1431912447||1109653200||ee||
1433756928||1433757183||1128213722||ee||
1433762560||1433762815||1139859279||ee||
1438957568||1438973951||1109653200||ee||
1442643968||1442709503||1109653200||ee||
1450057728||1450065919||1133765916||ee||
1466040320||1466073087||1129176999||ee||
1467457536||1467465727||1154923516||ee||
1489240064||1489244159||1138255603||ee||
1489244160||1489244671||1138255626||ee||
1489244672||1489245183||1138255648||ee||
1489245184||1489245695||1138142134||ee||
1489245696||1489246207||1138142158||ee||
1489246208||1489246719||1138142184||ee||
1489246720||1489247231||1138255707||ee||
1489247232||1489247743||1138255733||ee||
1489247744||1489248255||1138255758||ee||
1489248256||1489305599||1138255781||ee||
3227660544||3227660799||1109653200||ee||
3229219584||3229219839||1109653200||ee||
3239902720||3239902975||1109653200||ee||
3240624128||3240689663||1109653200||ee||
3261751296||3261759487||1109653200||ee||
3262430208||3262430719||1109653200||ee||
3263062016||3263070207||1109653200||ee||
3264626688||3264627711||1109653200||ee||
3268149248||3268165631||1109653200||ee||
3274883072||3274891263||1109653200||ee||
3276824576||3276832767||1109653200||ee||
3277838848||3277839359||1109653200||ee||
3284043264||3284043519||1109653200||ee||
3286106112||3286114303||1109653200||ee||
3287204896||3287204951||1109653200||ee||
3287204960||3287205055||1109653200||ee||
3287982080||3287990271||1109653200||ee||
3557228544||3557236735||1109653200||ee||
3558596608||3558604799||1109653200||ee||
3559899136||3559899911||1109653200||ee||
3559899952||3559907327||1109653200||ee||
3559981056||3559989247||1109653200||ee||
3560943234||3560943234||1109653200||ee||
3563790336||3563798527||1109653200||ee||
3568752896||3568752959||1109653200||ee||
3575873536||3575906303||1109653200||ee||
3580252672||3580254207||1109653200||ee||
3584557056||3584565247||1109653200||ee||
3585343488||3585351679||1109653200||ee||
3585613824||3585622015||1109653200||ee||
3587915776||3587932159||1109653200||ee||
3645317120||3645321215||1109653200||ee||
3651108864||3651141631||1109653200||ee||
