--||--||--||fi||Finland
1043120128||1043136511||1109653200||fi||
1044201472||1044217855||1109653200||fi||
1044840448||1044905983||1109653200||fi||
1044963328||1044971519||1109653200||fi||
1044979712||1044986495||1109653200||fi||
1044986624||1044987903||1109653200||fi||
1045323776||1045364735||1109653200||fi||
1045463040||1045471231||1109653200||fi||
1047633920||1047642111||1109653200||fi||
1048125440||1048133631||1109653200||fi||
1049493504||1049518079||1109653200||fi||
1049518096||1049546751||1109653200||fi||
1049547008||1049547295||1109653200||fi||
1049547328||1049559039||1109653200||fi||
1049731072||1049739263||1109653200||fi||
1049911296||1049919487||1109653200||fi||
1049935872||1049944063||1109653200||fi||
1051033600||1051049983||1109653200||fi||
1051577584||1051577587||1109653200||fi||
1051729920||1051738111||1109653200||fi||
1052213248||1052246015||1109653200||fi||
1052291584||1052291679||1109653200||fi||
1052372288||1052372351||1109653200||fi||
1052500992||1052501023||1109653200||fi||
1052501032||1052501039||1109653200||fi||
1052501120||1052501247||1109653200||fi||
1053138944||1053147135||1109653200||fi||
1053318656||1053318935||1109653200||fi||
1053318944||1053318951||1109653200||fi||
1053318968||1053319031||1109653200||fi||
1053319040||1053319167||1109653200||fi||
1053326848||1053327103||1109653200||fi||
1053338112||1053338623||1109653200||fi||
1053343744||1053344255||1109653200||fi||
1054367744||1054375935||1109653200||fi||
1054662656||1054670847||1109653200||fi||
1055653888||1055681055||1109653200||fi||
1055681072||1055772395||1109653200||fi||
1055772400||1055784959||1109653200||fi||
1055932416||1055940607||1109653200||fi||
1056030720||1056047103||1109653200||fi||
1056473088||1056505087||1109653200||fi||
1056505108||1056505115||1109653200||fi||
1056505120||1056505343||1109653200||fi||
1056505600||1056505855||1109653200||fi||
1163561728||1163561983||1109653200||fi||
1346371584||1346375679||1109653200||fi||
1346543616||1346547711||1109653200||fi||
1346879488||1346883583||1109653200||fi||
1347076096||1347084287||1109653200||fi||
1347117056||1347121151||1109653200||fi||
1347248864||1347248864||1109653200||fi||
1347249344||1347249375||1109653200||fi||
1347526656||1347527727||1109653200||fi||
1347527736||1347527951||1109653200||fi||
1347528016||1347528319||1109653200||fi||
1347528352||1347528639||1109653200||fi||
1347528704||1347528959||1109653200||fi||
1347529088||1347529471||1109653200||fi||
1347529984||1347534079||1109653200||fi||
1347534208||1347534847||1109653200||fi||
1347616768||1347620863||1109653200||fi||
1348173824||1348174591||1109653200||fi||
1348435968||1348440063||1109653200||fi||
1354366976||1354432511||1109653200||fi||
1356595200||1356857343||1109653200||fi||
1358340096||1358344191||1109653200||fi||
1358426112||1358430207||1149906409||fi||
1358454784||1358462975||1109653200||fi||
1358471168||1358475263||1109653200||fi||
1358493440||1358493695||1146712340||fi||
1360019456||1360023551||1109653200||fi||
1360117760||1360121855||1109653200||fi||
1360322560||1360326655||1109653200||fi||
1360437248||1360441343||1109653200||fi||
1360887808||1360891135||1109653200||fi||
1360891392||1360891903||1109653200||fi||
1361036136||1361036143||1109653200||fi||
1364869120||1364873215||1109653200||fi||
1370456064||1370488831||1109653200||fi||
1371865088||1371930623||1109653200||fi||
1372651520||1372684287||1109653200||fi||
1382531072||1382547455||1109653200||fi||
1383391232||1383399423||1109653200||fi||
1383514112||1383522303||1109653200||fi||
1384153088||1384185855||1109653200||fi||
1384480768||1384513535||1109653200||fi||
1384808992||1384809007||1109653200||fi||
1384988672||1385005055||1109653200||fi||
1387593728||1387659263||1109653200||fi||
1388560384||1388568575||1109653200||fi||
1388642304||1388650495||1109653200||fi||
1388814336||1388821247||1109653200||fi||
1388822016||1388822527||1109653200||fi||
1388830720||1388838911||1109653200||fi||
1389068288||1389101055||1109653200||fi||
1389871104||1389887487||1109653200||fi||
1399062528||1399095295||1109653200||fi||
1399193600||1399226367||1109653200||fi||
1402060800||1402077183||1109653200||fi||
1402109952||1402142719||1109653200||fi||
1402257408||1402273791||1109653200||fi||
1406664704||1406672895||1109653200||fi||
1408336880||1408336887||1109653200||fi||
1408598016||1408630783||1109653200||fi||
1410629632||1410637823||1109653200||fi||
1411514368||1411579903||1109653200||fi||
1424359424||1424490495||1109653200||fi||
1424637952||1424642047||1109653200||fi||
1424982016||1425014783||1109653200||fi||
1425031168||1425047551||1109653200||fi||
1425539072||1425801215||1109653200||fi||
1425915904||1425932287||1109653200||fi||
1427571712||1427572735||1143779402||fi||
1427572736||1427576831||1146977622||fi||
1427980288||1427986431||1129009001||fi||
1427986432||1427988479||1146712370||fi||
1431044096||1431306239||1109653200||fi||
1434648576||1434681343||1109653200||fi||
1434845184||1434877951||1109653200||fi||
1436286976||1436418047||1109653200||fi||
1438384128||1438400511||1109653200||fi||
1438826496||1438842879||1109653200||fi||
1440284672||1440317439||1109653200||fi||
1446805504||1446809599||1140412767||fi||
1465778952||1465778959||1144369344||fi||
1465781248||1465782271||1145066436||fi||
1465782272||1465783295||1136564823||fi||
1465786368||1465788415||1147402268||fi||
1465790464||1465791487||1143692321||fi||
1465798656||1465802751||1155693459||fi||
1481998336||1482000383||1144552353||fi||
1483735040||1483866111||1137468924||fi||
1483866112||1483997183||1155613127||fi||
1486132224||1486133247||1148878360||fi||
1486134272||1486135295||1149826095||fi||
1486153728||1486154751||1161757161||fi||
1488977920||1489043455||1132464072||fi||
1489043456||1489240063||1152934209||fi||
1504051200||1504083967||1148707527||fi||
2161508352||2161573887||1109653200||fi||
2193358848||2193424383||1109653200||fi||
2196111360||2196439039||1109653200||fi||
2208301056||2208366591||1109653200||fi||
2209415168||2209480703||1109653200||fi||
2211381248||2211446783||1109653200||fi||
2212757504||2212823039||1109653200||fi||
2224750592||2224816127||1109653200||fi||
2225799168||2225864703||1109653200||fi||
2300641280||2300706815||1109653200||fi||
2309160960||2309226495||1109653200||fi||
2329411584||2329477119||1109653200||fi||
2331574272||2331639807||1109653200||fi||
2336358400||2336423935||1109653200||fi||
2336882688||2336948223||1109653200||fi||
2338390016||2338455551||1109653200||fi||
2340093952||2340159487||1109653200||fi||
2342322176||2342387711||1109653200||fi||
2358706176||2358771711||1109653200||fi||
2375155712||2375221247||1109653200||fi||
2376859648||2376925183||1109653200||fi||
2378170368||2378235903||1109653200||fi||
2379218944||2379284479||1109653200||fi||
2402484224||2402549759||1109653200||fi||
2416181248||2416246783||1109653200||fi||
2454781952||2454847487||1109653200||fi||
2457272320||2457337855||1109653200||fi||
2460024832||2460090367||1109653200||fi||
2463236096||2463367167||1109653200||fi||
2482176000||2482241535||1109653200||fi||
2512715776||2512781311||1109653200||fi||
2540240896||2540306431||1109653200||fi||
2566979584||2567045119||1109653200||fi||
2617901056||2617966591||1109653200||fi||
2635595776||2635661311||1109653200||fi||
2640183296||2640248831||1109653200||fi||
2642149376||2642214911||1109653200||fi||
2642477056||2642542591||1109653200||fi||
2643460096||2643525631||1109653200||fi||
2647130112||2647195647||1109653200||fi||
2656698368||2656763903||1109653200||fi||
2659123200||2659188735||1109653200||fi||
2659385344||2659450879||1109653200||fi||
2666070016||2666135551||1109653200||fi||
2677538816||2677604351||1109653200||fi||
2689007616||2689073151||1109653200||fi||
2703818752||2703884287||1109653200||fi||
2751791104||2751856639||1109653200||fi||
2752315392||2752380927||1109653200||fi||
2760704000||2760769535||1109653200||fi||
3222956288||3222962431||1109653200||fi||
3222963456||3222964223||1109653200||fi||
3223499520||3223499775||1109653200||fi||
3223864576||3223867647||1109653200||fi||
3223905280||3223905535||1109653200||fi||
3224258048||3224258303||1109653200||fi||
3224436736||3224502271||1109653200||fi||
3224921088||3224921343||1109653200||fi||
3224928256||3224928511||1109653200||fi||
3225037056||3225049599||1109653200||fi||
3226302464||3226303487||1109653200||fi||
3226565376||3226565631||1109653200||fi||
3226664960||3226690815||1109653200||fi||
3226775552||3226783743||1109653200||fi||
3227014656||3227014911||1109653200||fi||
3227058176||3227083519||1109653200||fi||
3227083776||3227123711||1109653200||fi||
3227284480||3227284735||1109653200||fi||
3227648000||3227659775||1109653200||fi||
3227660032||3227660543||1109653200||fi||
3227660800||3227713535||1109653200||fi||
3227805184||3227813375||1109653200||fi||
3227893760||3227894015||1109653200||fi||
3227914752||3227918591||1109653200||fi||
3227918848||3227931135||1109653200||fi||
3227997440||3228005631||1109653200||fi||
3228289024||3228297215||1109653200||fi||
3228617728||3228617983||1109653200||fi||
3229101824||3229102591||1109653200||fi||
3229483264||3229499647||1109653200||fi||
3229745152||3229749759||1109653200||fi||
3229750016||3229810687||1109653200||fi||
3229835264||3229835519||1109653200||fi||
3229969920||3229970431||1109653200||fi||
3230140672||3230140927||1109653200||fi||
3230156544||3230164735||1109653200||fi||
3230591232||3230591487||1109653200||fi||
3230625792||3230626047||1109653200||fi||
3230823936||3230824191||1109653200||fi||
3230832640||3230832895||1109653200||fi||
3230914304||3230914815||1109653200||fi||
3230991616||3230991871||1109653200||fi||
3231204352||3231204607||1109653200||fi||
3231663616||3231663871||1109653200||fi||
3231676928||3231677183||1109653200||fi||
3231916032||3231948799||1109653200||fi||
3232702464||3232706559||1109653200||fi||
3233939456||3233980671||1109653200||fi||
3233980928||3233991167||1109653200||fi||
3233991424||3234004991||1109653200||fi||
3234556928||3234557439||1109653200||fi||
3238621184||3238621439||1109653200||fi||
3239175936||3239176191||1109653200||fi||
3239466496||3239466751||1109653200||fi||
3239591936||3239593983||1109653200||fi||
3240961792||3240961799||1109653200||fi||
3242196992||3242197975||1109653200||fi||
3242197988||3242207847||1109653200||fi||
3242207856||3242393599||1109653200||fi||
3244163072||3244228607||1109653200||fi||
3245219840||3245221887||1109653200||fi||
3245228032||3245229055||1109653200||fi||
3245239296||3245240319||1109653200||fi||
3245268992||3245270015||1109653200||fi||
3245288704||3245288959||1109653200||fi||
3245293568||3245294079||1109653200||fi||
3245300992||3245301247||1109653200||fi||
3245307392||3245307903||1109653200||fi||
3247078912||3247079167||1109653200||fi||
3247097856||3247098879||1109653200||fi||
3247308800||3247439871||1109653200||fi||
3248881664||3249012735||1109653200||fi||
3249702144||3249702399||1109653200||fi||
3250061312||3250099455||1109653200||fi||
3250099712||3250192383||1109653200||fi||
3251044352||3251109887||1109653200||fi||
3251212416||3251212543||1109653200||fi||
3251213888||3251214015||1109653200||fi||
3251216128||3251216255||1109653200||fi||
3251634176||3251661311||1109653200||fi||
3251661568||3251672575||1109653200||fi||
3251672832||3251674879||1109653200||fi||
3251675136||3251705343||1109653200||fi||
3251705600||3251707391||1109653200||fi||
3251707648||3251710207||1109653200||fi||
3251710216||3251710223||1109653200||fi||
3251710240||3251734271||1109653200||fi||
3251734784||3251765247||1109653200||fi||
3251765504||3251774207||1109653200||fi||
3251774464||3251783423||1109653200||fi||
3251783680||3251795455||1109653200||fi||
3251795712||3251802879||1109653200||fi||
3251803136||3251806207||1109653200||fi||
3251818496||3251850495||1109653200||fi||
3251851008||3251896319||1109653200||fi||
3253010432||3253075967||1109653200||fi||
3253601280||3253602303||1109653200||fi||
3253894656||3253894911||1109653200||fi||
3255427072||3255435263||1109653200||fi||
3256304128||3256304383||1109653200||fi||
3256304640||3256304895||1109653200||fi||
3256729600||3256731647||1109653200||fi||
3257470976||3257475071||1109653200||fi||
3257475328||3257475583||1109653200||fi||
3257481728||3257481983||1109653200||fi||
3257546752||3257548799||1109653200||fi||
3260416000||3260481535||1109653200||fi||
3260612608||3260613631||1109653200||fi||
3260614144||3260626175||1109653200||fi||
3260626432||3260626943||1109653200||fi||
3260627200||3260668415||1109653200||fi||
3260668928||3260669183||1109653200||fi||
3260669952||3260678143||1109653200||fi||
3260892416||3260892671||1109653200||fi||
3261333504||3261399039||1109653200||fi||
3261988864||3262099199||1109653200||fi||
3262099456||3262108671||1109653200||fi||
3262108928||3262114047||1109653200||fi||
3262114560||3262115071||1109653200||fi||
3262115328||3262124031||1109653200||fi||
3262478404||3262478404||1109653200||fi||
3262478539||3262478539||1109653200||fi||
3262478606||3262478606||1109653200||fi||
3262480188||3262480188||1109653200||fi||
3263091712||3263091967||1109653200||fi||
3263692800||3263758335||1109653200||fi||
3263758592||3263760127||1109653200||fi||
3263760384||3263764991||1109653200||fi||
3263765504||3263766975||1109653200||fi||
3263767040||3263773951||1109653200||fi||
3263774208||3263774463||1109653200||fi||
3263774720||3263792351||1109653200||fi||
3263792368||3263793151||1109653200||fi||
3263793408||3263816703||1109653200||fi||
3263817216||3263823871||1109653200||fi||
3264086016||3264099839||1109653200||fi||
3264100096||3264124927||1109653200||fi||
3264125440||3264125695||1109653200||fi||
3264125952||3264133119||1109653200||fi||
3264133632||3264151551||1109653200||fi||
3264290816||3264296191||1109653200||fi||
3265069056||3265134591||1109653200||fi||
3267100672||3267166207||1109653200||fi||
3267555328||3267555583||1109653200||fi||
3267690496||3267691519||1109653200||fi||
3267692544||3267711999||1109653200||fi||
3267712256||3267741439||1109653200||fi||
3267741696||3267741759||1109653200||fi||
3267741792||3267741855||1109653200||fi||
3267741920||3267743999||1109653200||fi||
3267744512||3267744799||1109653200||fi||
3267744832||3267744863||1109653200||fi||
3267744896||3267746303||1109653200||fi||
3267746560||3267756031||1109653200||fi||
3268608000||3268673535||1109653200||fi||
3268870144||3268876063||1109653200||fi||
3268876128||3268876191||1109653200||fi||
3268876224||3268881151||1109653200||fi||
3268881408||3268881919||1109653200||fi||
3268882176||3268916223||1109653200||fi||
3268916480||3268920575||1109653200||fi||
3268920832||3268932351||1109653200||fi||
3268932608||3268935679||1109653200||fi||
3270148096||3270151423||1109653200||fi||
3270151936||3270154527||1109653200||fi||
3270155008||3270155775||1109653200||fi||
3270508544||3270639615||1109653200||fi||
3271229440||3271249919||1109653200||fi||
3271250176||3271280351||1109653200||fi||
3271280384||3271280687||1109653200||fi||
3271280704||3271280719||1109653200||fi||
3271280736||3271290623||1109653200||fi||
3271290880||3271310079||1109653200||fi||
3271310336||3271341247||1109653200||fi||
3271341312||3271360511||1109653200||fi||
3272245248||3272261631||1109653200||fi||
3272654848||3272663039||1109653200||fi||
3272897536||3272898047||1109653200||fi||
3275965268||3275965271||1109653200||fi||
3276406784||3276414975||1109653200||fi||
3276525056||3276525311||1109653200||fi||
3276535296||3276535391||1109653200||fi||
3276535808||3276536063||1109653200||fi||
3276753376||3276753407||1109653200||fi||
3276770144||3276770175||1109653200||fi||
3276774048||3276774079||1109653200||fi||
3276789248||3276789439||1109653200||fi||
3277742080||3277750271||1109653200||fi||
3277836288||3277836799||1109653200||fi||
3279372288||3279372799||1109653200||fi||
3279373056||3279375359||1109653200||fi||
3280396288||3280404479||1109653200||fi||
3280781312||3280782335||1109653200||fi||
3281256448||3281321983||1109653200||fi||
3281343232||3281343487||1109653200||fi||
3281780736||3281846271||1109653200||fi||
3282284544||3282284559||1109653200||fi||
3282286080||3282286719||1109653200||fi||
3282286848||3282287103||1109653200||fi||
3282287360||3282287615||1109653200||fi||
3282370560||3282388175||1109653200||fi||
3282388192||3282390015||1109653200||fi||
3282390272||3282416383||1109653200||fi||
3282416512||3282429279||1109653200||fi||
3282429344||3282436095||1109653200||fi||
3282731008||3282739199||1109653200||fi||
3284467712||3284531775||1109653200||fi||
3284531780||3284533247||1109653200||fi||
3285459968||3285460479||1109653200||fi||
3285503744||3285503999||1109653200||fi||
3285529680||3285529687||1109653200||fi||
3285532832||3285532847||1109653200||fi||
3285538272||3285538287||1109653200||fi||
3285540160||3285540191||1109653200||fi||
3285540608||3285540623||1109653200||fi||
3285545728||3285545983||1109653200||fi||
3285549768||3285549775||1109653200||fi||
3285557520||3285557535||1109653200||fi||
3285561984||3285562111||1109653200||fi||
3285562368||3285562751||1109653200||fi||
3285562880||3285562911||1109653200||fi||
3285562976||3285562991||1109653200||fi||
3285563136||3285563391||1109653200||fi||
3285564032||3285564159||1109653200||fi||
3285566512||3285566527||1109653200||fi||
3285569792||3285570047||1109653200||fi||
3285571328||3285571583||1109653200||fi||
3285572224||3285572351||1109653200||fi||
3285860352||3285868543||1109653200||fi||
3286927104||3286927359||1109653200||fi||
3286928896||3286929151||1109653200||fi||
3286942720||3286943743||1109653200||fi||
3287023616||3287154687||1109653200||fi||
3287203840||3287204895||1109653200||fi||
3287204952||3287204959||1109653200||fi||
3287205056||3287212031||1109653200||fi||
3287472128||3287473151||1109653200||fi||
3287564288||3287572479||1109653200||fi||
3287641600||3287642111||1109653200||fi||
3288268800||3288334335||1109653200||fi||
3509539104||3509539119||1109653200||fi||
3557842944||3557851135||1109653200||fi||
3557924864||3557933055||1109653200||fi||
3559317504||3559325695||1109653200||fi||
3560079360||3560087551||1109653200||fi||
3560095744||3560103935||1109653200||fi||
3560308736||3560316927||1109653200||fi||
3560898560||3560906751||1109653200||fi||
3560946018||3560946018||1109653200||fi||
3561144320||3561152511||1109653200||fi||
3561226240||3561234431||1109653200||fi||
3562233856||3562242047||1109653200||fi||
3562405888||3562414079||1109653200||fi||
3562684416||3562692607||1109653200||fi||
3562946560||3562954751||1109653200||fi||
3563850000||3563850007||1109653200||fi||
3564380160||3564388351||1109653200||fi||
3565501104||3565501119||1109653200||fi||
3566338048||3566354431||1109653200||fi||
3566551040||3566600191||1109653200||fi||
3568746496||3568752895||1109653200||fi||
3568752960||3568762879||1109653200||fi||
3568938312||3568938319||1109653200||fi||
3570728960||3570729983||1109653200||fi||
3570731008||3570756191||1109653200||fi||
3570756224||3570760543||1109653200||fi||
3570760576||3570794495||1109653200||fi||
3571580928||3571646463||1109653200||fi||
3572891648||3572957183||1109653200||fi||
3574563680||3574563695||1109653200||fi||
3574563712||3574563719||1109653200||fi||
3574563728||3574563775||1109653200||fi||
3574563808||3574563823||1109653200||fi||
3574563840||3574564863||1109653200||fi||
3574565376||3574565631||1109653200||fi||
3574565888||3574565951||1109653200||fi||
3574566144||3574566655||1109653200||fi||
3575382016||3575412991||1109653200||fi||
3575413120||3575447551||1109653200||fi||
3575631304||3575631311||1109653200||fi||
3575634496||3575634519||1109653200||fi||
3575635616||3575635631||1109653200||fi||
3577612800||3577613055||1109653200||fi||
3580235776||3580236799||1109653200||fi||
3582115840||3582132223||1109653200||fi||
3582292544||3582292551||1109653200||fi||
3582623744||3582631935||1109653200||fi||
3582697472||3582705663||1109653200||fi||
3582763008||3582771199||1109653200||fi||
3582812160||3582820351||1109653200||fi||
3582959616||3582967807||1109653200||fi||
3583206432||3583206447||1109653200||fi||
3583208448||3583208703||1109653200||fi||
3583852544||3583853055||1109653200||fi||
3583853088||3583853103||1109653200||fi||
3583853112||3583853255||1109653200||fi||
3583853264||3583853287||1109653200||fi||
3583853292||3583853311||1109653200||fi||
3583853320||3583853327||1109653200||fi||
3583853336||3583853343||1109653200||fi||
3583853368||3583853375||1109653200||fi||
3583853408||3583853439||1109653200||fi||
3583853600||3583853647||1109653200||fi||
3583853664||3583853695||1109653200||fi||
3583853816||3583853823||1109653200||fi||
3583854336||3583854591||1109653200||fi||
3583856640||3583857215||1109653200||fi||
3583857856||3583857919||1109653200||fi||
3584106496||3584114687||1109653200||fi||
3584622592||3584630783||1109653200||fi||
3584917504||3584925695||1109653200||fi||
3585679360||3585687551||1109653200||fi||
3585794048||3585802239||1109653200||fi||
3586162688||3586177023||1109653200||fi||
3586177280||3586179071||1109653200||fi||
3586924544||3586926591||1109653200||fi||
3586926848||3586932735||1109653200||fi||
3587604480||3587620863||1109653200||fi||
3587752000||3587752127||1109653200||fi||
3587752136||3587752143||1109653200||fi||
3587752160||3587752175||1109653200||fi||
3587752184||3587768319||1109653200||fi||
3589505024||3589521407||1109653200||fi||
3589947392||3589963775||1109653200||fi||
3590299648||3590307839||1109653200||fi||
3642318848||3642322943||1109653200||fi||
3642667008||3642671103||1109653200||fi||
3644895232||3644899327||1109653200||fi||
3645190144||3645194239||1109653200||fi||
3645345792||3645349887||1109653200||fi||
3645751296||3645755391||1109653200||fi||
3645816832||3645825023||1109653200||fi||
3648045056||3648049151||1109653200||fi||
3648057344||3648061439||1109653200||fi||
3648193088||3648193151||1109653200||fi||
3648299008||3648303103||1109653200||fi||
3648462848||3648466943||1109653200||fi||
3649863680||3649896447||1109653200||fi||
3650433024||3650437119||1109653200||fi||
3650617344||3650682879||1109653200||fi||
3651747840||3651751935||1109653200||fi||
