--||--||--||gr||Greece
1040252928||1040318463||1109653200||gr||
1042677760||1042743295||1109653200||gr||
1044660224||1044664895||1109653200||gr||
1044664960||1044668415||1109653200||gr||
1044676608||1044684799||1109653200||gr||
1045037056||1045119231||1109653200||gr||
1045119744||1045135359||1109653200||gr||
1046937600||1047003135||1109653200||gr||
1051312128||1051328511||1109653200||gr||
1051578280||1051578287||1109653200||gr||
1053305088||1053305951||1109653200||gr||
1053306112||1053306367||1109653200||gr||
1053630464||1053638655||1109653200||gr||
1054351360||1054359551||1109653200||gr||
1055241984||1055242239||1128201770||gr||
1079468800||1079469055||1109653200||gr||
1346701185||1346701215||1109653200||gr||
1347166208||1347174399||1109653200||gr||
1349124096||1349255167||1109653200||gr||
1351807392||1351807423||1109653200||gr||
1358274560||1358278655||1109653200||gr||
1361036252||1361036255||1109653200||gr||
1371144192||1371201535||1109653200||gr||
1382212112||1382212127||1109653200||gr||
1388666880||1388675071||1109653200||gr||
1403764736||1403781119||1109653200||gr||
1403944960||1403961343||1109653200||gr||
1406402560||1406468095||1109653200||gr||
1407909888||1407975423||1109653200||gr||
1422778368||1422786559||1145066348||gr||
1425932288||1425948671||1109653200||gr||
1428029440||1428045823||1125208787||gr||
1438908416||1438924799||1109653200||gr||
1466249216||1466253311||1137898005||gr||
1466257408||1466261503||1154372058||gr||
1472856064||1472987135||1125462208||gr||
1475340288||1475342335||1160452719||gr||
1490681856||1490683903||1140239723||gr||
1490683904||1490685951||1141101116||gr||
1490685952||1490687999||1141706564||gr||
1490688000||1490690047||1146193155||gr||
1490690048||1490698239||1143939086||gr||
1490698240||1490706431||1155871568||gr||
1490707456||1490707711||1158034355||gr||
1490707712||1490707967||1149826139||gr||
1506934784||1507000319||1150511961||gr||
2215313408||2215378943||1109653200||gr||
2337996800||2338062335||1109653200||gr||
2414411776||2414477311||1109653200||gr||
2417491968||2417557503||1109653200||gr||
2457600000||2457665535||1109653200||gr||
2468020224||2468085759||1109653200||gr||
2469658624||2469724159||1109653200||gr||
2472476672||2472542207||1109653200||gr||
2472935424||2473000959||1109653200||gr||
2525757440||2525822975||1109653200||gr||
2614034432||2614099967||1109653200||gr||
2686976000||2687041535||1109653200||gr||
3225680128||3225680383||1109653200||gr||
3227294464||3227294975||1109653200||gr||
3227403008||3227403519||1109653200||gr||
3227980800||3227981055||1109653200||gr||
3228078848||3228079103||1109653200||gr||
3228283136||3228283391||1109653200||gr||
3228332544||3228332799||1109653200||gr||
3230115328||3230115583||1109653200||gr||
3238630400||3238630655||1109653200||gr||
3239107328||3239107583||1109653200||gr||
3239540224||3239540479||1109653200||gr||
3240704000||3240705023||1109653200||gr||
3240728064||3240728575||1109653200||gr||
3240748288||3240748543||1109653200||gr||
3240809984||3240810239||1109653200||gr||
3241502976||3241503231||1109653200||gr||
3241821696||3241822207||1109653200||gr||
3241851392||3241851903||1109653200||gr||
3244032000||3244097535||1109653200||gr||
3245121536||3245122047||1109653200||gr||
3245200640||3245200895||1109653200||gr||
3245233664||3245233919||1109653200||gr||
3245302784||3245303807||1109653200||gr||
3247063296||3247063551||1109653200||gr||
3247877120||3247877631||1109653200||gr||
3248808448||3248808959||1109653200||gr||
3249701632||3249701887||1109653200||gr||
3250698240||3250698751||1109653200||gr||
3251181056||3251181567||1109653200||gr||
3251187200||3251187455||1109653200||gr||
3251217920||3251218175||1109653200||gr||
3252289792||3252291327||1109653200||gr||
3252297984||3252310527||1109653200||gr||
3252311040||3252313599||1109653200||gr||
3252314112||3252314623||1109653200||gr||
3252316672||3252318463||1109653200||gr||
3252320000||3252320255||1109653200||gr||
3252320512||3252321791||1109653200||gr||
3252341504||3252341759||1109653200||gr||
3252346624||3252355071||1109653200||gr||
3253923840||3253927935||1109653200||gr||
3253967360||3253967871||1109653200||gr||
3254700032||3254700543||1109653200||gr||
3254705664||3254706175||1109653200||gr||
3255660288||3255660543||1109653200||gr||
3256410624||3256411135||1109653200||gr||
3256489472||3256489983||1109653200||gr||
3256692736||3256693759||1109653200||gr||
3256698880||3256700927||1109653200||gr||
3256706048||3256707071||1109653200||gr||
3256795136||3256811519||1109653200||gr||
3257545216||3257546495||1109653200||gr||
3257570304||3257570311||1109653200||gr||
3257570496||3257570527||1109653200||gr||
3258949632||3258972159||1109653200||gr||
3260021760||3260022271||1109653200||gr||
3260237776||3260237791||1109653200||gr||
3262475904||3262475919||1109653200||gr||
3262476160||3262476163||1109653200||gr||
3262476224||3262476227||1109653200||gr||
3262477264||3262477267||1109653200||gr||
3262478127||3262478127||1109653200||gr||
3262478146||3262478146||1109653200||gr||
3262478172||3262478172||1109653200||gr||
3262478388||3262478388||1109653200||gr||
3262478607||3262478607||1109653200||gr||
3262478744||3262478744||1109653200||gr||
3262478789||3262478789||1109653200||gr||
3262478805||3262478806||1109653200||gr||
3262478882||3262478882||1109653200||gr||
3262479118||3262479118||1109653200||gr||
3262479321||3262479321||1109653200||gr||
3262479443||3262479443||1109653200||gr||
3262479586||3262479586||1109653200||gr||
3263036416||3263036927||1109653200||gr||
3264315136||3264315391||1109653200||gr||
3264605184||3264605695||1109653200||gr||
3264627712||3264628735||1109653200||gr||
3264631808||3264632831||1109653200||gr||
3264827648||3264828159||1109653200||gr||
3264854528||3264854783||1109653200||gr||
3264908160||3264908167||1109653200||gr||
3264909568||3264909631||1109653200||gr||
3264909640||3264909647||1109653200||gr||
3264910368||3264910399||1109653200||gr||
3264910432||3264910463||1109653200||gr||
3264911680||3264911711||1109653200||gr||
3264912192||3264912319||1109653200||gr||
3264912816||3264912831||1109653200||gr||
3264913152||3264913407||1109653200||gr||
3266428928||3266437119||1109653200||gr||
3267629824||3267630079||1109653200||gr||
3267640832||3267641087||1109653200||gr||
3267651840||3267652095||1109653200||gr||
3267652352||3267652607||1109653200||gr||
3267666176||3267666431||1109653200||gr||
3269132288||3269197823||1109653200||gr||
3273038336||3273038847||1109653200||gr||
3273874432||3273875455||1109653200||gr||
3273877760||3273878015||1109653200||gr||
3273883136||3273883391||1109653200||gr||
3274173440||3274173951||1109653200||gr||
3274571776||3274579967||1109653200||gr||
3274690560||3274690815||1109653200||gr||
3274696960||3274697215||1109653200||gr||
3274957824||3274957831||1109653200||gr||
3274962688||3274962879||1109653200||gr||
3275907072||3275915263||1109653200||gr||
3276464128||3276472319||1109653200||gr||
3276482560||3276482815||1109653200||gr||
3276483072||3276483359||1109653200||gr||
3276483392||3276483519||1109653200||gr||
3276483584||3276484351||1109653200||gr||
3276484384||3276484479||1109653200||gr||
3276486912||3276487167||1109653200||gr||
3276537600||3276537663||1109653200||gr||
3276742752||3276742783||1109653200||gr||
3276744960||3276745215||1109653200||gr||
3276763568||3276763583||1109653200||gr||
3276782976||3276783039||1109653200||gr||
3276785440||3276785455||1109653200||gr||
3277840896||3277841407||1109653200||gr||
3277914112||3277946879||1109653200||gr||
3278938252||3278938255||1109653200||gr||
3278938796||3278938799||1109653200||gr||
3278938940||3278938943||1109653200||gr||
3278939680||3278939683||1109653200||gr||
3278939696||3278939699||1109653200||gr||
3278939752||3278939755||1109653200||gr||
3278939764||3278939767||1109653200||gr||
3278939776||3278939779||1109653200||gr||
3278940160||3278940163||1109653200||gr||
3278940360||3278940363||1109653200||gr||
3278942032||3278942035||1109653200||gr||
3278942785||3278942785||1109653200||gr||
3278943198||3278943198||1109653200||gr||
3278943373||3278943374||1109653200||gr||
3278943596||3278943596||1109653200||gr||
3278943752||3278943752||1109653200||gr||
3278943811||3278943811||1109653200||gr||
3278943935||3278943935||1109653200||gr||
3278943974||3278943974||1109653200||gr||
3278944034||3278944034||1109653200||gr||
3278944092||3278944092||1109653200||gr||
3278944221||3278944221||1109653200||gr||
3278945822||3278945822||1109653200||gr||
3279388672||3279388927||1109653200||gr||
3279389184||3279389243||1109653200||gr||
3279389248||3279389255||1109653200||gr||
3279389260||3279389275||1109653200||gr||
3279389280||3279389359||1109653200||gr||
3279389364||3279389379||1109653200||gr||
3279389384||3279389439||1109653200||gr||
3279389712||3279389727||1109653200||gr||
3279390016||3279390143||1109653200||gr||
3279393792||3279394047||1109653200||gr||
3279394304||3279394559||1109653200||gr||
3280016560||3280016575||1109653200||gr||
3280093184||3280109567||1109653200||gr||
3280355328||3280371711||1109653200||gr||
3282501632||3282534399||1109653200||gr||
3282698240||3282706431||1109653200||gr||
3283553120||3283553151||1109653200||gr||
3283653088||3283653103||1109653200||gr||
3284017152||3284025343||1109653200||gr||
3284680704||3284688895||1109653200||gr||
3285507328||3285507391||1109653200||gr||
3285512192||3285512511||1109653200||gr||
3285512576||3285512751||1109653200||gr||
3285512768||3285513215||1109653200||gr||
3285513232||3285513247||1109653200||gr||
3285513280||3285513471||1109653200||gr||
3285513728||3285514239||1109653200||gr||
3285515776||3285515799||1109653200||gr||
3285515904||3285516031||1109653200||gr||
3285516160||3285516191||1109653200||gr||
3285516224||3285516287||1109653200||gr||
3285529952||3285529983||1109653200||gr||
3285535144||3285535147||1109653200||gr||
3287449600||3287457791||1109653200||gr||
3287522400||3287522431||1109653200||gr||
3288006656||3288072191||1109653200||gr||
3509534736||3509534751||1109653200||gr||
3558744064||3558752255||1109653200||gr||
3559211008||3559219199||1109653200||gr||
3560357888||3560366079||1109653200||gr||
3560939720||3560939727||1109653200||gr||
3560940024||3560940027||1109653200||gr||
3560940420||3560940423||1109653200||gr||
3560940592||3560940595||1109653200||gr||
3560940928||3560940931||1109653200||gr||
3560941048||3560941051||1109653200||gr||
3560941276||3560941279||1109653200||gr||
3560941564||3560941567||1109653200||gr||
3560942348||3560942351||1109653200||gr||
3560942652||3560942655||1109653200||gr||
3560943024||3560943027||1109653200||gr||
3560943162||3560943162||1109653200||gr||
3560943225||3560943226||1109653200||gr||
3560943248||3560943248||1109653200||gr||
3560943280||3560943280||1109653200||gr||
3560943369||3560943369||1109653200||gr||
3560943683||3560943683||1109653200||gr||
3560943695||3560943695||1109653200||gr||
3560943737||3560943737||1109653200||gr||
3560943823||3560943823||1109653200||gr||
3560944676||3560944679||1109653200||gr||
3560944744||3560944747||1109653200||gr||
3561406464||3561414655||1109653200||gr||
3561742336||3561750527||1109653200||gr||
3562643456||3562651647||1109653200||gr||
3563601920||3563610111||1109653200||gr||
3563782144||3563790335||1109653200||gr||
3564265472||3564273663||1109653200||gr||
3564683264||3564691455||1109653200||gr||
3564956672||3564956703||1109653200||gr||
3566747648||3566764031||1109653200||gr||
3570204672||3570270207||1109653200||gr||
3573219328||3573252095||1109653200||gr||
3573874688||3573940223||1109653200||gr||
3574628352||3574661119||1109653200||gr||
3575581952||3575582207||1109653200||gr||
3575629824||3575629855||1109653200||gr||
3575638736||3575638751||1109653200||gr||
3577659392||3577659679||1109653200||gr||
3577659712||3577659743||1109653200||gr||
3579596928||3579597055||1109653200||gr||
3582754816||3582763007||1109653200||gr||
3582885888||3582894079||1109653200||gr||
3583508480||3583516671||1109653200||gr||
3584737280||3584745471||1109653200||gr||
3586677760||3586678015||1109653200||gr||
3589256192||3589256447||1109653200||gr||
3589865472||3589881855||1109653200||gr||
3590250240||3590250495||1109653200||gr||
3590250752||3590251007||1109653200||gr||
3641762908||3641763063||1109653200||gr||
3641765632||3641765887||1109653200||gr||
3641917440||3641925631||1109653200||gr||
3642436608||3642437119||1109653200||gr||
3642662912||3642667007||1109653200||gr||
3645177856||3645181951||1109653200||gr||
3645763708||3645763708||1109653200||gr||
3645763722||3645763722||1109653200||gr||
3645763728||3645763728||1109653200||gr||
3645763817||3645763817||1109653200||gr||
3645763889||3645763889||1109653200||gr||
3645764076||3645764076||1109653200||gr||
3645764107||3645764107||1109653200||gr||
3645764116||3645764116||1109653200||gr||
3645764128||3645764128||1109653200||gr||
3645764169||3645764169||1109653200||gr||
3645764179||3645764179||1109653200||gr||
3645764198||3645764198||1109653200||gr||
3645764243||3645764243||1109653200||gr||
3645764298||3645764298||1109653200||gr||
3645764301||3645764301||1109653200||gr||
3645764333||3645764333||1109653200||gr||
3645764392||3645764392||1109653200||gr||
3645764466||3645764466||1109653200||gr||
3645765128||3645765131||1109653200||gr||
3645765184||3645765187||1109653200||gr||
3645765256||3645765259||1109653200||gr||
3645765348||3645765351||1109653200||gr||
3645765404||3645765407||1109653200||gr||
3645825024||3645829119||1109653200||gr||
3648385024||3648389119||1109653200||gr||
3650236416||3650240511||1109653200||gr||
3650543616||3650547711||1109653200||gr||
3651846144||3651850239||1109653200||gr||
3651874816||3651878911||1109653200||gr||
3653468160||3653472255||1109653200||gr||
3653746688||3653750783||1109653200||gr||
