--||--||--||gt||Guatemala
1073039360||1073041407||1109653200||gt||
1080979712||1080979967||1109653200||gt||
1080981760||1080982015||1109653200||gt||
1080999712||1080999743||1109653200||gt||
1162823680||1162825727||1109653200||gt||
2833907712||2833973247||1109653200||gt||
3187933184||3187941375||1152644775||gt||
3191341056||3191373823||1153624556||gt||
3231088128||3231088383||1109653200||gt||
3234838272||3234838527||1109653200||gt||
3355488256||3355488767||1109653200||gt||
3355547904||3355548159||1109653200||gt||
3355885568||3355901951||1109653200||gt||
3356051968||3356052223||1109653200||gt||
3356160256||3356160511||1109653200||gt||
3356237824||3356246015||1109653200||gt||
3356286992||3356287007||1109653200||gt||
3356287024||3356287039||1109653200||gt||
3356287048||3356287071||1109653200||gt||
3356287136||3356287151||1109653200||gt||
3356287360||3356287367||1109653200||gt||
3356289800||3356289807||1109653200||gt||
3356289952||3356289983||1109653200||gt||
3357443328||3357443583||1109653200||gt||
3357445120||3357446327||1109653200||gt||
3357446336||3357448191||1109653200||gt||
3357448704||3357448959||1109653200||gt||
3357449728||3357450751||1109653200||gt||
3357452032||3357452287||1109653200||gt||
3357453312||3357458431||1109653200||gt||
3357777920||3357782015||1109653200||gt||
3358695424||3358703615||1109653200||gt||
3359514624||3359516671||1109653200||gt||
3363274752||3363282943||1109653200||gt||
3386408960||3386417151||1130037331||gt||
3386417152||3386425343||1145936540||gt||
3514589440||3514589695||1109653200||gt||
3560944352||3560944355||1109653200||gt||
3628604416||3628605439||1109653200||gt||
3628628992||3628629247||1109653200||gt||
3638984704||3638992895||1109653200||gt||
