--||--||--||ht||Haiti
1061227008||1061227263||1109653200||ht||
1109705984||1109706239||1109653200||ht||
1109708640||1109708671||1109653200||ht||
1120739328||1120740351||1109653200||ht||
3355607040||3355611135||1109653200||ht||
3355746304||3355750399||1109653200||ht||
3358153216||3358153247||1109653200||ht||
3358158976||3358159007||1109653200||ht||
3358159024||3358159039||1109653200||ht||
3358769152||3358777343||1109653200||ht||
3360710656||3360714751||1109653200||ht||
3362897920||3362906111||1109653200||ht||
3439183360||3439183871||1109653200||ht||
3493070848||3493071871||1109653200||ht||
3493074432||3493078527||1109653200||ht||
3493079040||3493081087||1109653200||ht||
3493096448||3493096703||1109653200||ht||
3633036032||3633036287||1109653200||ht||
