--||--||--||hn||Honduras
1067532288||1067532799||1109653200||hn||
1068491264||1068491519||1109653200||hn||
1073022976||1073025791||1109653200||hn||
1073026560||1073027071||1109653200||hn||
1073035264||1073036287||1109653200||hn||
1073043456||1073045503||1109653200||hn||
1101304832||1101305855||1109653200||hn||
1101352960||1101355007||1109653200||hn||
1101635328||1101635583||1109653200||hn||
1101650432||1101650943||1109653200||hn||
1102446592||1102448383||1109653200||hn||
1102454528||1102454783||1109653200||hn||
1162812416||1162813439||1109653200||hn||
1162825728||1162826751||1109653200||hn||
1224474624||1224476671||1109653200||hn||
3188113408||3188117503||1156739396||hn||
3355697152||3355701503||1109653200||hn||
3356287008||3356287023||1109653200||hn||
3356336928||3356336943||1109653200||hn||
3356336960||3356336975||1109653200||hn||
3356337008||3356337023||1109653200||hn||
3356337072||3356337087||1109653200||hn||
3356337360||3356337375||1109653200||hn||
3356337408||3356337423||1109653200||hn||
3356337472||3356337487||1109653200||hn||
3356337504||3356337519||1109653200||hn||
3356337632||3356337663||1109653200||hn||
3356337928||3356337939||1109653200||hn||
3356337952||3356337959||1109653200||hn||
3356337968||3356337983||1109653200||hn||
3356337992||3356338023||1109653200||hn||
3356338040||3356338047||1109653200||hn||
3356338056||3356338071||1109653200||hn||
3356338080||3356338103||1109653200||hn||
3356338112||3356338175||1109653200||hn||
3356339520||3356339535||1109653200||hn||
3356339648||3356339679||1109653200||hn||
3356340272||3356340287||1109653200||hn||
3356340328||3356340335||1109653200||hn||
3356340368||3356340407||1109653200||hn||
3356340440||3356340447||1109653200||hn||
3356340456||3356340463||1109653200||hn||
3356340472||3356340495||1109653200||hn||
3356340576||3356340591||1109653200||hn||
3356340608||3356340623||1109653200||hn||
3356340640||3356340655||1109653200||hn||
3356340688||3356340703||1109653200||hn||
3356340816||3356340847||1109653200||hn||
3356340864||3356340879||1109653200||hn||
3356340896||3356340911||1109653200||hn||
3356341016||3356341031||1109653200||hn||
3356341112||3356341119||1109653200||hn||
3356341168||3356341207||1109653200||hn||
3356341232||3356341239||1109653200||hn||
3356341760||3356341815||1109653200||hn||
3356341864||3356341879||1109653200||hn||
3356341896||3356341911||1109653200||hn||
3356341924||3356341931||1109653200||hn||
3356341936||3356341943||1109653200||hn||
3356341968||3356342015||1109653200||hn||
3356342128||3356342159||1109653200||hn||
3356342192||3356342207||1109653200||hn||
3356343296||3356343423||1109653200||hn||
3357442304||3357442559||1109653200||hn||
3357443584||3357444607||1109653200||hn||
3357444864||3357445119||1109653200||hn||
3357448960||3357449727||1109653200||hn||
3357450752||3357451519||1109653200||hn||
3357451776||3357452031||1109653200||hn||
3357452288||3357452799||1109653200||hn||
3359461952||3359462015||1109653200||hn||
3359463680||3359463743||1109653200||hn||
3386671104||3386675199||1141804627||hn||
3438895104||3438896895||1109653200||hn||
3453206528||3453207551||1140065798||hn||
3455109120||3455111167||1109653200||hn||
3473755392||3473755647||1109653200||hn||
3475681280||3475685375||1109653200||hn||
3512233728||3512233983||1109653200||hn||
3560947364||3560947367||1109653200||hn||
3628617216||3628617471||1109653200||hn||
3628618496||3628619775||1109653200||hn||
3628626176||3628626943||1109653200||hn||
3628627456||3628627711||1109653200||hn||
3628646912||3628647423||1109653200||hn||
