--||--||--||hk||Hong Kong
983040000||983171071||1139319349||hk||
984612864||984743935||1141804324||hk||
999555072||999686143||1109653200||hk||
1002176512||1002242047||1109653200||hk||
1023672320||1023688703||1109653200||hk||
1024065536||1024131071||1109653200||hk||
1024360448||1024360631||1109653200||hk||
1024360640||1024360735||1109653200||hk||
1024360768||1024360895||1109653200||hk||
1024393216||1024458751||1109653200||hk||
1024589824||1024655359||1109653200||hk||
1029439488||1029570559||1109653200||hk||
1039007744||1039138815||1109653200||hk||
1039400960||1039466495||1109653200||hk||
1066828064||1066828159||1109653200||hk||
1066828256||1066828271||1109653200||hk||
1072930048||1072930303||1109653200||hk||
1343219712||1343220479||1109653200||hk||
1389577216||1389577471||1109653200||hk||
2096365568||2096431103||1157248866||hk||
2111225856||2111234047||1152933385||hk||
2111276800||2111277055||1162351407||hk||
2111282688||2111282943||1162535705||hk||
2258567168||2258591775||1109653200||hk||
2258591808||2258591847||1109653200||hk||
2258591856||2258591871||1109653200||hk||
2258591936||2258592255||1109653200||hk||
2258592384||2258594975||1109653200||hk||
2258594992||2258595199||1109653200||hk||
2258595264||2258595463||1109653200||hk||
2258595472||2258595551||1109653200||hk||
2258595592||2258595599||1109653200||hk||
2258595608||2258595855||1109653200||hk||
2258595864||2258597071||1109653200||hk||
2258597088||2258601199||1109653200||hk||
2258601208||2258604799||1109653200||hk||
2258605184||2258606879||1109653200||hk||
2258606960||2258606963||1109653200||hk||
2258606972||2258606975||1109653200||hk||
2258607088||2258607103||1109653200||hk||
2258607296||2258607335||1109653200||hk||
2258607488||2258632703||1109653200||hk||
2310864896||2310930431||1109653200||hk||
2404974592||2405040127||1109653200||hk||
2429943808||2430009343||1109653200||hk||
2466775040||2466840575||1109653200||hk||
2556755968||2557018111||1109653200||hk||
2659450880||2659516415||1109653200||hk||
2662727680||2662793215||1109653200||hk||
2781478912||2781544447||1109653200||hk||
2782789632||2782855167||1109653200||hk||
2790326272||2790391807||1109653200||hk||
2823159808||2823225343||1109653200||hk||
2825519104||2825584639||1109653200||hk||
3227254272||3227254527||1109653200||hk||
3227430400||3227430655||1109653200||hk||
3231051520||3231051775||1109653200||hk||
3231556096||3231556351||1109653200||hk||
3231563520||3231563775||1109653200||hk||
3234576128||3234576895||1109653200||hk||
3234752000||3234752255||1109653200||hk||
3234814720||3234814975||1109653200||hk||
3237321472||3237321727||1109653200||hk||
3237331968||3237332223||1109653200||hk||
3237335040||3237335295||1109653200||hk||
3254486768||3254486783||1109653200||hk||
3254552832||3254553087||1109653200||hk||
3254553344||3254553599||1109653200||hk||
3254554880||3254555135||1109653200||hk||
3254555392||3254555647||1109653200||hk||
3254559488||3254559743||1109653200||hk||
3262474014||3262474014||1109653200||hk||
3262474095||3262474095||1109653200||hk||
3262474108||3262474108||1109653200||hk||
3262474167||3262474167||1109653200||hk||
3278939904||3278939907||1109653200||hk||
3278942676||3278942679||1109653200||hk||
3325100544||3325100799||1109653200||hk||
3325256448||3325256703||1109653200||hk||
3328421120||3328421375||1109653200||hk||
3389017344||3389017855||1109653200||hk||
3389023232||3389023487||1109653200||hk||
3389024256||3389024511||1109653200||hk||
3389026304||3389026559||1109653200||hk||
3389028864||3389029375||1109653200||hk||
3389030400||3389035519||1109653200||hk||
3389038592||3389044735||1109653200||hk||
3389064704||3389065215||1109653200||hk||
3389122560||3389124607||1109653200||hk||
3389136896||3389142015||1109653200||hk||
3389145088||3389151231||1109653200||hk||
3389195776||3389196287||1109653200||hk||
3389197568||3389198335||1109653200||hk||
3389266432||3389266943||1109653200||hk||
3389308928||3389317119||1109653200||hk||
3389329408||3389333503||1109653200||hk||
3389390848||3389391359||1109653200||hk||
3389414912||3389415167||1109653200||hk||
3389440000||3389444095||1109653200||hk||
3389489152||3389493247||1109653200||hk||
3389544448||3389545471||1109653200||hk||
3389545728||3389545983||1109653200||hk||
3389785088||3389786111||1109653200||hk||
3389932288||3389932799||1109653200||hk||
3389935616||3389935871||1109653200||hk||
3389944832||3389945087||1109653200||hk||
3389971968||3389972223||1109653200||hk||
3390325248||3390325503||1109653200||hk||
3390330880||3390331391||1109653200||hk||
3390332416||3390332927||1109653200||hk||
3390333952||3390334463||1109653200||hk||
3390338304||3390338815||1109653200||hk||
3390340352||3390341119||1109653200||hk||
3390500864||3390502911||1109653200||hk||
3391492096||3391496191||1109653200||hk||
3391533568||3391534079||1109653200||hk||
3391619072||3391620607||1109653200||hk||
3391620864||3391660799||1109653200||hk||
3391661056||3391663103||1109653200||hk||
3391668224||3391676415||1109653200||hk||
3391721216||3391721471||1109653200||hk||
3391911936||3391913983||1109653200||hk||
3391947008||3391947519||1109653200||hk||
3391947776||3391948287||1109653200||hk||
3391948800||3391949311||1109653200||hk||
3391950336||3391971327||1109653200||hk||
3391979520||3391979775||1109653200||hk||
3391980032||3391980543||1109653200||hk||
3391991808||3392012287||1109653200||hk||
3392098304||3392102399||1109653200||hk||
3392438272||3392446463||1109653200||hk||
3392454656||3392462847||1109653200||hk||
3392503808||3392511999||1109653200||hk||
3392610304||3392618495||1109653200||hk||
3392669696||3392671743||1109653200||hk||
3392782336||3392790527||1109653200||hk||
3392794624||3392798719||1109653200||hk||
3392987136||3392995327||1109653200||hk||
3393019904||3393028095||1109653200||hk||
3393110016||3393118207||1109653200||hk||
3393126400||3393134591||1109653200||hk||
3393191936||3393260031||1109653200||hk||
3393282048||3393286143||1109653200||hk||
3393306624||3393314815||1109653200||hk||
3393320960||3393389567||1109653200||hk||
3393421312||3393470463||1109653200||hk||
3393478656||3393486847||1109653200||hk||
3393503232||3393507327||1109653200||hk||
3393511424||3393520639||1109653200||hk||
3393536000||3393544191||1109653200||hk||
3393552384||3393553407||1109653200||hk||
3393581056||3393585151||1109653200||hk||
3393650688||3393658879||1109653200||hk||
3393699840||3393724415||1109653200||hk||
3393736704||3393740799||1109653200||hk||
3393780736||3393782783||1109653200||hk||
3393814528||3393815551||1109653200||hk||
3393843200||3393848319||1109653200||hk||
3393867776||3393880063||1109653200||hk||
3393912320||3393913855||1109653200||hk||
3393929216||3393937407||1109653200||hk||
3393977344||3394011135||1109653200||hk||
3394042880||3394060287||1109653200||hk||
3394076672||3394078719||1109653200||hk||
3394079744||3394087471||1109653200||hk||
3394087488||3394111487||1109653200||hk||
3394173952||3394174975||1109653200||hk||
3394239488||3394248703||1109653200||hk||
3394273280||3394277375||1109653200||hk||
3394289664||3394293759||1109653200||hk||
3394306048||3394307071||1109653200||hk||
3394363392||3394437119||1109653200||hk||
3394438144||3394441215||1109653200||hk||
3394486272||3394494463||1109653200||hk||
3394498560||3394500607||1109653200||hk||
3394501632||3394507263||1109653200||hk||
3394535424||3394565631||1109653200||hk||
3394565888||3394621439||1109653200||hk||
3394625536||3394629631||1109653200||hk||
3394631680||3394634751||1109653200||hk||
3394650112||3394658303||1109653200||hk||
3394682368||3394682879||1109653200||hk||
3394699264||3394700287||1109653200||hk||
3394764800||3394772991||1109653200||hk||
3394789376||3394797567||1109653200||hk||
3394816000||3394818047||1109653200||hk||
3394830336||3394831359||1109653200||hk||
3394834432||3394835455||1109653200||hk||
3394894848||3394895871||1109653200||hk||
3395018752||3395026943||1109653200||hk||
3395067904||3395076095||1109653200||hk||
3395141632||3395145727||1109653200||hk||
3395215360||3395219455||1109653200||hk||
3397017600||3397021695||1109653200||hk||
3397074944||3397083135||1109653200||hk||
3397099520||3397103615||1109653200||hk||
3397107712||3397115903||1109653200||hk||
3397238784||3397255167||1109653200||hk||
3397267456||3397271551||1109653200||hk||
3397337088||3397341183||1109653200||hk||
3397419008||3397427199||1109653200||hk||
3397443584||3397451775||1109653200||hk||
3397533696||3397566263||1109653200||hk||
3397566272||3397566463||1109653200||hk||
3397591040||3397595135||1109653200||hk||
3397599232||3397603327||1109653200||hk||
3397795840||3397812223||1109653200||hk||
3397853952||3397854207||1109653200||hk||
3397855232||3397855239||1109653200||hk||
3397903104||3397903359||1109653200||hk||
3398189056||3398205439||1109653200||hk||
3398213632||3398221823||1109653200||hk||
3398230016||3398238207||1109653200||hk||
3398492160||3398500351||1109653200||hk||
3398590464||3398598655||1109653200||hk||
3398636288||3398636351||1109653200||hk||
3398636368||3398636383||1109653200||hk||
3398636416||3398636527||1109653200||hk||
3398636544||3398636751||1109653200||hk||
3398636768||3398636799||1109653200||hk||
3398902016||3398902271||1109653200||hk||
3399049216||3399057407||1109653200||hk||
3399204864||3399217151||1109653200||hk||
3399332864||3399333375||1109653200||hk||
3399589888||3399593983||1109653200||hk||
3399680000||3399688191||1109653200||hk||
3400002366||3400002366||1109653200||hk||
3400073216||3400077311||1109653200||hk||
3400138752||3400146943||1109653200||hk||
3400433664||3400434175||1109653200||hk||
3400434464||3400434471||1109653200||hk||
3400434480||3400434487||1109653200||hk||
3400434528||3400434535||1109653200||hk||
3400434600||3400434607||1109653200||hk||
3400434680||3400434687||1109653200||hk||
3400434936||3400434951||1109653200||hk||
3400434960||3400434975||1109653200||hk||
3400434992||3400435007||1109653200||hk||
3400435072||3400435183||1109653200||hk||
3400435208||3400435263||1109653200||hk||
3400435392||3400435439||1109653200||hk||
3400435504||3400435695||1109653200||hk||
3400435712||3400436479||1109653200||hk||
3400437376||3400437527||1109653200||hk||
3400437544||3400437551||1109653200||hk||
3400437616||3400437631||1109653200||hk||
3400437648||3400437655||1109653200||hk||
3400437672||3400437679||1109653200||hk||
3400437704||3400437711||1109653200||hk||
3400437720||3400437727||1109653200||hk||
3400437776||3400437783||1109653200||hk||
3400437888||3400437895||1109653200||hk||
3400437984||3400438015||1109653200||hk||
3400438108||3400438143||1109653200||hk||
3400438176||3400438271||1109653200||hk||
3400438864||3400438871||1109653200||hk||
3400438944||3400438959||1109653200||hk||
3400439808||3400439871||1109653200||hk||
3400439936||3400440063||1109653200||hk||
3400440136||3400440143||1109653200||hk||
3400440352||3400440359||1109653200||hk||
3400440368||3400440375||1109653200||hk||
3400440440||3400440447||1109653200||hk||
3400440468||3400440475||1109653200||hk||
3400440508||3400440519||1109653200||hk||
3400440540||3400440543||1109653200||hk||
3400440584||3400440591||1109653200||hk||
3400440608||3400440623||1109653200||hk||
3400440640||3400440703||1109653200||hk||
3400440751||3400440751||1109653200||hk||
3400440776||3400440783||1109653200||hk||
3400441064||3400441071||1109653200||hk||
3400441336||3400441855||1109653200||hk||
3400597504||3400605695||1109653200||hk||
3400835072||3400839167||1109653200||hk||
3400867840||3400876031||1109653200||hk||
3400892416||3400925183||1109653200||hk||
3400982528||3400990719||1109653200||hk||
3401408512||3401416703||1109653200||hk||
3407045888||3407046143||1109653200||hk||
3407243264||3407243775||1109653200||hk||
3410853888||3410862079||1109653200||hk||
3410887936||3410888703||1109653200||hk||
3410894848||3410898943||1109653200||hk||
3410903040||3410911231||1109653200||hk||
3411017728||3411018751||1109653200||hk||
3411034112||3411050495||1109653200||hk||
3411066880||3411083263||1109653200||hk||
3411147776||3411149311||1109653200||hk||
3411213312||3411215359||1109653200||hk||
3411230720||3411247103||1109653200||hk||
3411278848||3411296255||1109653200||hk||
3411312640||3411313151||1109653200||hk||
3411345408||3411410943||1109653200||hk||
3411443712||3411460095||1109653200||hk||
3411475456||3411476479||1109653200||hk||
3411558400||3411566591||1109653200||hk||
3411582976||3411587071||1109653200||hk||
3411730432||3411738623||1109653200||hk||
3411771392||3411773439||1109653200||hk||
3411773696||3411776511||1109653200||hk||
3411776768||3411779583||1109653200||hk||
3412230144||3412246527||1109653200||hk||
3412295680||3412312063||1109653200||hk||
3412656128||3412672511||1109653200||hk||
3412680704||3412688895||1109653200||hk||
3413135360||3413139455||1109653200||hk||
3413574144||3413574399||1109653200||hk||
3414245376||3414253567||1109653200||hk||
3414417408||3414425599||1109653200||hk||
3414474752||3414478847||1109653200||hk||
3414654976||3414663167||1109653200||hk||
3415105536||3415113727||1109653200||hk||
3415293952||3415302143||1109653200||hk||
3415818240||3415822335||1109653200||hk||
3416268800||3416272895||1109653200||hk||
3416276992||3416285183||1109653200||hk||
3416383488||3416391679||1109653200||hk||
3416465664||3416465919||1109653200||hk||
3416478304||3416478335||1109653200||hk||
3416481824||3416481839||1109653200||hk||
3416481856||3416481871||1109653200||hk||
3416481904||3416481935||1109653200||hk||
3416481968||3416481983||1109653200||hk||
3416483328||3416483391||1109653200||hk||
3416483408||3416483423||1109653200||hk||
3416483568||3416483583||1109653200||hk||
3416487168||3416487175||1109653200||hk||
3416487184||3416487199||1109653200||hk||
3416487304||3416487311||1109653200||hk||
3416817664||3416850431||1109653200||hk||
3416858624||3416862719||1109653200||hk||
3416883200||3416915967||1109653200||hk||
3417341952||3417374719||1109653200||hk||
3417706096||3417706099||1109653200||hk||
3417716656||3417716659||1109653200||hk||
3417866240||3417915391||1109653200||hk||
3417964544||3418030079||1109653200||hk||
3418112000||3418128383||1109653200||hk||
3418202112||3418206207||1109653200||hk||
3418392832||3418393087||1109653200||hk||
3418405632||3418405663||1109653200||hk||
3418405696||3418405759||1109653200||hk||
3418423296||3418438719||1109653200||hk||
3418438736||3418456063||1109653200||hk||
3418508544||3418508575||1109653200||hk||
3418521600||3418524574||1109653200||hk||
3418524639||3418578943||1109653200||hk||
3418650720||3418650751||1109653200||hk||
3418651904||3418652159||1109653200||hk||
3418652416||3418652671||1109653200||hk||
3418750976||3418816511||1109653200||hk||
3419504640||3419508735||1109653200||hk||
3419537408||3419541503||1109653200||hk||
3419926528||3419930623||1109653200||hk||
3420045312||3420127231||1109653200||hk||
3420334592||3420334623||1109653200||hk||
3420334648||3420334655||1109653200||hk||
3420334848||3420335271||1109653200||hk||
3420335280||3420335615||1109653200||hk||
3420336208||3420336223||1109653200||hk||
3420336896||3420337151||1109653200||hk||
3420365824||3420365855||1109653200||hk||
3420365888||3420366047||1109653200||hk||
3420366056||3420366059||1109653200||hk||
3420366080||3420366335||1109653200||hk||
3420366592||3420366639||1109653200||hk||
3420366648||3420366719||1109653200||hk||
3420366752||3420366847||1109653200||hk||
3420367104||3420367359||1109653200||hk||
3420368896||3420368935||1109653200||hk||
3420368944||3420369007||1109653200||hk||
3420369024||3420369055||1109653200||hk||
3420369088||3420369139||1109653200||hk||
3420369224||3420369239||1109653200||hk||
3420369280||3420369343||1109653200||hk||
3420370432||3420370527||1109653200||hk||
3420370688||3420370943||1109653200||hk||
3420372224||3420372479||1109653200||hk||
3420372992||3420377087||1109653200||hk||
3420438528||3420454911||1109653200||hk||
3427772672||3427772927||1109653200||hk||
3427776000||3427776511||1109653200||hk||
3427777792||3427778047||1109653200||hk||
3470558208||3470559231||1109653200||hk||
3470884864||3470885887||1109653200||hk||
3491971952||3491971967||1109653200||hk||
3523248128||3523280895||1109653200||hk||
3523411968||3523477503||1109653200||hk||
3523592192||3523594239||1109653200||hk||
3523595264||3523597991||1109653200||hk||
3523598000||3523602431||1109653200||hk||
3523602880||3523674111||1109653200||hk||
3523698688||3523698863||1109653200||hk||
3523698880||3523698943||1109653200||hk||
3523698976||3523699007||1109653200||hk||
3523699072||3523699199||1109653200||hk||
3523700672||3523700679||1109653200||hk||
3523700736||3523701759||1109653200||hk||
3523704832||3523704839||1109653200||hk||
3524362240||3524395007||1109653200||hk||
3526950912||3526967295||1109653200||hk||
3526994240||3527004159||1109653200||hk||
3528505008||3528505023||1109653200||hk||
3528978432||3528982527||1109653200||hk||
3534749696||3534880767||1109653200||hk||
3535273984||3535339519||1109653200||hk||
3536928768||3536945151||1109653200||hk||
3539304448||3539337215||1109653200||hk||
3663990784||3663991295||1109653200||hk||
3664117760||3664248831||1109653200||hk||
3669753856||3670015999||1109653200||hk||
3671392256||3671457791||1109653200||hk||
3673817088||3673882623||1109653200||hk||
3673948160||3674210303||1109653200||hk||
3678994432||3679027199||1109653200||hk||
3679191040||3679453183||1109653200||hk||
3706224640||3706257407||1109653200||hk||
3707109376||3707174911||1109653200||hk||
3715891200||3716153343||1109653200||hk||
3732602880||3732668415||1109653200||hk||
3735420928||3735551999||1109653200||hk||
