--||--||--||hu||Hungary
1044684800||1044692991||1109653200||hu||
1045266432||1045274623||1109653200||hu||
1045282816||1045299199||1109653200||hu||
1045446656||1045446911||1109653200||hu||
1045447168||1045447215||1109653200||hu||
1045447224||1045447231||1109653200||hu||
1045447240||1045447295||1109653200||hu||
1045447312||1045447327||1109653200||hu||
1045447360||1045447367||1109653200||hu||
1045447384||1045447399||1109653200||hu||
1045447408||1045447567||1109653200||hu||
1045447680||1045447967||1109653200||hu||
1045448000||1045448039||1109653200||hu||
1045448048||1045448079||1109653200||hu||
1045448096||1045448111||1109653200||hu||
1045448144||1045448199||1109653200||hu||
1045448208||1045448231||1109653200||hu||
1045448240||1045448287||1109653200||hu||
1045448304||1045448311||1109653200||hu||
1045448320||1045448343||1109653200||hu||
1045448352||1045448383||1109653200||hu||
1045448400||1045448439||1109653200||hu||
1045448704||1045448815||1109653200||hu||
1045448832||1045448959||1109653200||hu||
1045449472||1045449983||1109653200||hu||
1046798336||1046806527||1109653200||hu||
1047576576||1047584767||1109653200||hu||
1050502576||1050502583||1109653200||hu||
1051049984||1051066367||1109653200||hu||
1052340608||1052340671||1109653200||hu||
1052345664||1052345695||1109653200||hu||
1052369408||1052369663||1109653200||hu||
1052396928||1052397439||1109653200||hu||
1053376512||1053392895||1109653200||hu||
1346387968||1346392063||1109653200||hu||
1347149824||1347153919||1109653200||hu||
1347252736||1347252991||1152243041||hu||
1347760128||1347764223||1121181038||hu||
1348419584||1348427775||1109653200||hu||
1348599808||1348730879||1109653200||hu||
1351801328||1351801335||1109653200||hu||
1358192640||1358196735||1109653200||hu||
1358536704||1358540799||1109653200||hu||
1358704640||1358706687||1154372011||hu||
1358803200||1358803455||1139203873||hu||
1358803968||1358804223||1146455940||hu||
1358806528||1358807039||1143262247||hu||
1358970880||1358987263||1109653200||hu||
1360052224||1360056319||1109653200||hu||
1360113664||1360115199||1136353262||hu||
1360115200||1360115711||1141804405||hu||
1360115712||1360116735||1148523099||hu||
1360116736||1360117247||1153360416||hu||
1360441344||1360442367||1144552023||hu||
1360442368||1360443391||1154576217||hu||
1361036120||1361036127||1109653200||hu||
1365098496||1365102591||1109653200||hu||
1365176320||1365180415||1156739209||hu||
1369473024||1369505791||1109653200||hu||
1370882048||1371013119||1109653200||hu||
1371834368||1371836415||1109653200||hu||
1380802560||1380804607||1109653200||hu||
1380933632||1380937727||1109653200||hu||
1384349696||1384382463||1109653200||hu||
1385005056||1385021439||1109653200||hu||
1385209856||1385218047||1109653200||hu||
1385570304||1385578495||1109653200||hu||
1406672896||1406681087||1109653200||hu||
1409286144||1409548287||1109653200||hu||
1410662400||1410670591||1109653200||hu||
1422786560||1422852095||1109653200||hu||
1423966208||1424097279||1109653200||hu||
1424593728||1424593791||1109653200||hu||
1424752640||1424785407||1109653200||hu||
1430388736||1430519807||1109653200||hu||
1432002560||1432010751||1109653200||hu||
1433864192||1433864447||1131428635||hu||
1433865984||1433866239||1128112714||hu||
1436495872||1436497919||1109653200||hu||
1441677312||1441685503||1130383800||hu||
1449459712||1449492479||1122040882||hu||
1449492480||1449525247||1132967683||hu||
1450000640||1450000895||1128310970||hu||
1450001664||1450001919||1153104764||hu||
1450001920||1450002175||1145935474||hu||
1450002176||1450002431||1144982118||hu||
1465974784||1466007551||1128056742||hu||
1466265600||1466269695||1149740654||hu||
1474625536||1474625791||1127877960||hu||
1474625792||1474626047||1141275987||hu||
1474626048||1474626303||1153105097||hu||
1474626304||1474626559||1160452631||hu||
1474627072||1474627327||1135052549||hu||
1474627584||1474628607||1131772893||hu||
1474628864||1474629119||1160890373||hu||
1474629376||1474629631||1140412817||hu||
1474629632||1474630655||1148270207||hu||
1474630656||1474631167||1149476562||hu||
1474632448||1474632703||1157514073||hu||
1474633728||1474634751||1150335142||hu||
1474634752||1474635007||1148878318||hu||
1474636288||1474636799||1162190947||hu||
1475477504||1475493887||1127959717||hu||
1482153984||1482156031||1142227449||hu||
1482156032||1482157055||1148184672||hu||
1490141184||1490157567||1134805939||hu||
1501822976||1501831167||1147315442||hu||
1501831168||1501835263||1160890713||hu||
1501838336||1501838847||1158288902||hu||
1501839360||1501888511||1152159289||hu||
1502830592||1502832639||1149044821||hu||
1502832640||1502833663||1151461435||hu||
1505386496||1505394687||1160453048||hu||
2448162816||2448228351||1109653200||hu||
2456682496||2456748031||1109653200||hu||
2466709504||2466775039||1109653200||hu||
2483421184||2483486719||1109653200||hu||
2554462208||2554527743||1109653200||hu||
2645884928||2645950463||1109653200||hu||
2667118592||2667184127||1109653200||hu||
2691825664||2691891199||1109653200||hu||
2870149120||2870214655||1109653200||hu||
2870935552||2871001087||1109653200||hu||
3226788352||3226789375||1109653200||hu||
3227911680||3227912191||1109653200||hu||
3230654880||3230654895||1109653200||hu||
3230828032||3230828543||1109653200||hu||
3231116800||3231117055||1109653200||hu||
3231257088||3231257599||1109653200||hu||
3231282176||3231282431||1109653200||hu||
3231755264||3231755519||1109653200||hu||
3233608192||3233609727||1109653200||hu||
3233721600||3233721855||1109653200||hu||
3238060544||3238060799||1109653200||hu||
3238395904||3238461439||1109653200||hu||
3238599936||3238600703||1109653200||hu||
3238624256||3238625279||1109653200||hu||
3239161600||3239161855||1109653200||hu||
3239544832||3239546879||1109653200||hu||
3239714560||3239714815||1109653200||hu||
3239859712||3239859967||1109653200||hu||
3239896832||3239897087||1109653200||hu||
3239915776||3239916031||1109653200||hu||
3239954432||3239954687||1109653200||hu||
3240010752||3240011007||1109653200||hu||
3240812032||3240812287||1109653200||hu||
3242467328||3242475519||1109653200||hu||
3243982848||3243991039||1109653200||hu||
3245210624||3245211135||1109653200||hu||
3245225984||3245228031||1109653200||hu||
3245334528||3245334783||1109653200||hu||
3246613504||3246614527||1109653200||hu||
3247078656||3247078911||1109653200||hu||
3247079168||3247079423||1109653200||hu||
3247928320||3247929343||1109653200||hu||
3249698304||3249698815||1109653200||hu||
3249711104||3249711359||1109653200||hu||
3250358528||3250358783||1109653200||hu||
3250359296||3250359807||1109653200||hu||
3250372608||3250373375||1109653200||hu||
3250757376||3250757631||1109653200||hu||
3251256832||3251257343||1109653200||hu||
3251261952||3251262463||1109653200||hu||
3251262464||3251262975||1142836770||hu||
3251262976||3251263999||1109653200||hu||
3252314624||3252314879||1109653200||hu||
3252509952||3252510719||1109653200||hu||
3252682752||3252813823||1109653200||hu||
3252862976||3252879359||1109653200||hu||
3252912384||3252912639||1109653200||hu||
3252929536||3252930559||1109653200||hu||
3253970688||3253970943||1109653200||hu||
3255470848||3255471103||1109653200||hu||
3256393728||3256401919||1109653200||hu||
3257294848||3257303039||1109653200||hu||
3260555264||3260556703||1109653200||hu||
3260556800||3260559615||1109653200||hu||
3260559648||3260559711||1109653200||hu||
3260559720||3260563455||1109653200||hu||
3262472552||3262472555||1109653200||hu||
3262473000||3262473003||1109653200||hu||
3262475964||3262475967||1109653200||hu||
3262476892||3262476895||1109653200||hu||
3262477316||3262477319||1109653200||hu||
3262477328||3262477331||1109653200||hu||
3262477472||3262477475||1109653200||hu||
3262477868||3262477871||1109653200||hu||
3262477924||3262477927||1109653200||hu||
3262478091||3262478091||1109653200||hu||
3262478129||3262478129||1109653200||hu||
3262478136||3262478137||1109653200||hu||
3262478367||3262478367||1109653200||hu||
3262478391||3262478391||1109653200||hu||
3262478398||3262478398||1109653200||hu||
3262478431||3262478431||1109653200||hu||
3262478458||3262478458||1109653200||hu||
3262478467||3262478467||1109653200||hu||
3262478474||3262478474||1109653200||hu||
3262478488||3262478488||1109653200||hu||
3262478537||3262478537||1109653200||hu||
3262478540||3262478540||1109653200||hu||
3262478552||3262478552||1109653200||hu||
3262478567||3262478567||1109653200||hu||
3262478611||3262478611||1109653200||hu||
3262478626||3262478626||1109653200||hu||
3262478628||3262478628||1109653200||hu||
3262478677||3262478677||1109653200||hu||
3262478736||3262478736||1109653200||hu||
3262478761||3262478761||1109653200||hu||
3262478796||3262478796||1109653200||hu||
3262478799||3262478799||1109653200||hu||
3262478808||3262478808||1109653200||hu||
3262479201||3262479201||1109653200||hu||
3262479333||3262479333||1109653200||hu||
3262479508||3262479508||1109653200||hu||
3262479631||3262479631||1109653200||hu||
3262479683||3262479683||1109653200||hu||
3262479817||3262479817||1109653200||hu||
3262479837||3262479837||1109653200||hu||
3262479881||3262479881||1109653200||hu||
3262479947||3262479947||1109653200||hu||
3262480216||3262480216||1109653200||hu||
3262480235||3262480235||1109653200||hu||
3264004096||3264012287||1109653200||hu||
3264208896||3264217087||1109653200||hu||
3264544768||3264561151||1109653200||hu||
3264774144||3264774911||1109653200||hu||
3264775168||3264782335||1109653200||hu||
3265366272||3265366527||1109653200||hu||
3266371584||3266379775||1109653200||hu||
3267627520||3267627775||1109653200||hu||
3267628800||3267629055||1109653200||hu||
3267657216||3267657471||1109653200||hu||
3267676672||3267676927||1109653200||hu||
3270927872||3270928127||1109653200||hu||
3272089600||3272097791||1109653200||hu||
3274072064||3274080255||1109653200||hu||
3274964864||3274964879||1109653200||hu||
3275227136||3275292671||1109653200||hu||
3275645948||3275645951||1109653200||hu||
3276152832||3276161023||1109653200||hu||
3276532992||3276533063||1109653200||hu||
3276533072||3276533103||1109653200||hu||
3276533120||3276533247||1109653200||hu||
3276536640||3276536655||1109653200||hu||
3276536688||3276536751||1109653200||hu||
3276742784||3276742911||1109653200||hu||
3276743104||3276743135||1109653200||hu||
3276753952||3276753983||1109653200||hu||
3276755008||3276755071||1109653200||hu||
3276768896||3276769023||1109653200||hu||
3276786688||3276786815||1109653200||hu||
3276790528||3276790783||1109653200||hu||
3278774272||3278782463||1109653200||hu||
3278831616||3278865663||1109653200||hu||
3278865920||3278897151||1109653200||hu||
3278938556||3278938559||1109653200||hu||
3278938844||3278938847||1109653200||hu||
3278939036||3278939039||1109653200||hu||
3278939740||3278939743||1109653200||hu||
3278939824||3278939827||1109653200||hu||
3278939852||3278939855||1109653200||hu||
3278942851||3278942851||1109653200||hu||
3278943519||3278943519||1109653200||hu||
3278943639||3278943639||1109653200||hu||
3278943794||3278943794||1109653200||hu||
3278943909||3278943909||1109653200||hu||
3278944163||3278944163||1109653200||hu||
3280005120||3280005631||1109653200||hu||
3283571712||3283571719||1109653200||hu||
3283615744||3283623935||1109653200||hu||
3283651200||3283651263||1109653200||hu||
3283656704||3283664895||1109653200||hu||
3284598784||3284664319||1109653200||hu||
3285487104||3285487359||1109653200||hu||
3285510016||3285510143||1109653200||hu||
3285526144||3285526175||1109653200||hu||
3285534816||3285534831||1109653200||hu||
3285552288||3285552319||1109653200||hu||
3285576704||3285576959||1109653200||hu||
3285580032||3285580287||1109653200||hu||
3286499328||3286564863||1109653200||hu||
3287729920||3287730175||1109653200||hu||
3344552960||3344553215||1109653200||hu||
3556983040||3556990975||1109653200||hu||
3558383616||3558391807||1109653200||hu||
3559407616||3559423999||1109653200||hu||
3560128512||3560144895||1109653200||hu||
3560218624||3560226815||1109653200||hu||
3560939860||3560939863||1109653200||hu||
3560940140||3560940143||1109653200||hu||
3560940460||3560940463||1109653200||hu||
3560940536||3560940539||1109653200||hu||
3560942116||3560942119||1109653200||hu||
3560942192||3560942195||1109653200||hu||
3560942484||3560942487||1109653200||hu||
3560942788||3560942791||1109653200||hu||
3560943127||3560943127||1109653200||hu||
3560943143||3560943145||1109653200||hu||
3560943152||3560943152||1109653200||hu||
3560943421||3560943421||1109653200||hu||
3560943533||3560943533||1109653200||hu||
3560943550||3560943550||1109653200||hu||
3560943563||3560943563||1109653200||hu||
3560943590||3560943590||1109653200||hu||
3560943631||3560943631||1109653200||hu||
3560943754||3560943754||1109653200||hu||
3560943803||3560943803||1109653200||hu||
3560944652||3560944655||1109653200||hu||
3561717760||3561725951||1109653200||hu||
3561775104||3561783295||1109653200||hu||
3562799104||3562807295||1109653200||hu||
3563126784||3563134975||1109653200||hu||
3563708416||3563716607||1109653200||hu||
3563896832||3563913215||1109653200||hu||
3564004864||3564004927||1109653200||hu||
3564751392||3564751407||1109653200||hu||
3571389504||3571389519||1109653200||hu||
3574153732||3574153735||1109653200||hu||
3574611968||3574628351||1109653200||hu||
3575583104||3575583111||1109653200||hu||
3575626648||3575626655||1109653200||hu||
3575631184||3575631199||1109653200||hu||
3575636144||3575636151||1109653200||hu||
3576604160||3576604415||1109653200||hu||
3577612544||3577612799||1109653200||hu||
3577669120||3577669383||1109653200||hu||
3577669504||3577669631||1109653200||hu||
3582328832||3582337023||1109653200||hu||
3582568960||3582568967||1109653200||hu||
3582569080||3582569087||1109653200||hu||
3582569096||3582569103||1109653200||hu||
3582569152||3582569167||1109653200||hu||
3582569184||3582569199||1109653200||hu||
3583860736||3583868927||1109653200||hu||
3583882240||3583882751||1109653200||hu||
3584229376||3584245759||1109653200||hu||
3585236992||3585245183||1109653200||hu||
3586473984||3586490367||1109653200||hu||
3588128768||3588145151||1109653200||hu||
3589827584||3589827687||1109653200||hu||
3590176768||3590193151||1109653200||hu||
3641056320||3641056327||1109653200||hu||
3641516032||3641520127||1109653200||hu||
3641999360||3642003455||1109653200||hu||
3642216448||3642220543||1109653200||hu||
3642478592||3642482687||1109653200||hu||
3644940288||3644948479||1109653200||hu||
3645281792||3645281919||1109653200||hu||
3645763613||3645763613||1109653200||hu||
3645763640||3645763640||1109653200||hu||
3645763663||3645763663||1109653200||hu||
3645763677||3645763678||1109653200||hu||
3645763870||3645763870||1109653200||hu||
3645763927||3645763927||1109653200||hu||
3645763946||3645763947||1109653200||hu||
3645764013||3645764013||1109653200||hu||
3645764027||3645764027||1109653200||hu||
3645764039||3645764039||1109653200||hu||
3645764142||3645764142||1109653200||hu||
3645764166||3645764166||1109653200||hu||
3645764318||3645764318||1109653200||hu||
3645764337||3645764337||1109653200||hu||
3645764423||3645764423||1109653200||hu||
3645765488||3645765491||1109653200||hu||
3645865984||3645870079||1109653200||hu||
3648073728||3648077823||1109653200||hu||
3648266240||3648270335||1109653200||hu||
3650519040||3650523135||1109653200||hu||
3652001792||3652005887||1109653200||hu||
3653410816||3653414911||1109653200||hu||
3653533696||3653537791||1109653200||hu||
3653611520||3653615615||1109653200||hu||
