--||--||--||is||Iceland
1049722880||1049731071||1109653200||is||
1359937536||1359970303||1109653200||is||
1383088128||1383096319||1109653200||is||
1385447424||1385455615||1109653200||is||
1390215168||1390280703||1109653200||is||
1403846656||1403863039||1109653200||is||
1433681920||1433690111||1149653628||is||
1439023104||1439039487||1109653200||is||
1440481280||1440514047||1109653200||is||
1475158016||1475160063||1144369374||is||
2194669568||2194735103||1109653200||is||
2644312064||2644377599||1109653200||is||
2698117120||2698182655||1109653200||is||
3230867968||3230868223||1109653200||is||
3238264832||3238330367||1109653200||is||
3245150208||3245154303||1109653200||is||
3261718528||3261726719||1109653200||is||
3262478044||3262478047||1109653200||is||
3262479853||3262479853||1109653200||is||
3262480348||3262480348||1109653200||is||
3264217088||3264282623||1109653200||is||
3278939088||3278939091||1109653200||is||
3278942871||3278942871||1109653200||is||
3278944015||3278944015||1109653200||is||
3278944152||3278944152||1109653200||is||
3430291296||3430291327||1109653200||is||
3556884480||3556892671||1109653200||is||
3558785024||3558793215||1109653200||is||
3560941396||3560941399||1109653200||is||
3560942056||3560942059||1109653200||is||
3560943554||3560943554||1109653200||is||
3565084672||3565092863||1109653200||is||
3565494272||3565494527||1109653200||is||
3584524288||3584532479||1109653200||is||
3585114112||3585122303||1109653200||is||
3585433600||3585441791||1109653200||is||
3586023424||3586031615||1109653200||is||
3587287352||3587287359||1109653200||is||
3587287396||3587287403||1109653200||is||
3587287688||3587287711||1109653200||is||
3587287808||3587287815||1109653200||is||
3587538944||3587547135||1109653200||is||
3587981312||3587997695||1109653200||is||
3641278464||3641282559||1109653200||is||
3642535936||3642540031||1109653200||is||
3650592768||3650600959||1109653200||is||
3651915776||3651919871||1109653200||is||
