--||--||--||in||India
202031104||202033151||1109653200||in||
202035200||202035711||1109653200||in||
973209600||973275135||1109653200||in||
977534976||977567743||1139633059||in||
995622912||996409343||1109653200||in||
999292928||999423999||1109653200||in||
1000341504||1000734719||1109653200||in||
1001390080||1002045439||1109653200||in||
1023279104||1023311871||1109653200||in||
1023410176||1023672319||1109653200||in||
1023967232||1023975423||1109653200||in||
1024131072||1024163839||1109653200||in||
1024196608||1024229375||1109653200||in||
1024491520||1024589823||1109653200||in||
1029668864||1029701631||1109653200||in||
1039532032||1039597567||1109653200||in||
1039654912||1039663103||1109653200||in||
1068198880||1068198911||1109653200||in||
1068480160||1068480191||1109653200||in||
1082434240||1082434255||1109653200||in||
1101041280||1101041407||1109653200||in||
1117944384||1117944399||1109653200||in||
1123811648||1123811775||1109653200||in||
1123813120||1123813247||1109653200||in||
1358400016||1358400071||1109653200||in||
1358899584||1358899599||1109653200||in||
2080636928||2080702463||1152165512||in||
2080833536||2080899071||1152165548||in||
2082340864||2082406399||1152556375||in||
2088501248||2088632319||1153107744||in||
2098287360||2098287615||1160453400||in||
2098332416||2098332671||1157514270||in||
2098339328||2098339583||1160890974||in||
2098374400||2098374655||1154657186||in||
2098593792||2098594047||1160891000||in||
2098595072||2098595327||1153881668||in||
2098595584||2098595839||1152556496||in||
2098596352||2098596607||1161837487||in||
2098596864||2098597119||1155785587||in||
2098597632||2098597887||1160891019||in||
2098602240||2098602495||1153360642||in||
2098602752||2098603007||1162442973||in||
2098603264||2098603519||1161837521||in||
2098603776||2098604031||1154053849||in||
2098604288||2098604543||1156226415||in||
2098606336||2098606591||1159161938||in||
2098606848||2098607103||1152760605||in||
2098607616||2098607871||1153258501||in||
2098608128||2098608383||1161150903||in||
2098609920||2098610175||1160453420||in||
2098610432||2098610687||1158288970||in||
2098612224||2098612479||1159161961||in||
2098612736||2098612991||1156302236||in||
2098612992||2098613247||1158892493||in||
2098613248||2098613503||1157687350||in||
2098616320||2098616575||1160891038||in||
2098627072||2098627327||1152325730||in||
2098628096||2098628351||1152846233||in||
2098630656||2098630911||1153745334||in||
2098630912||2098631167||1160453445||in||
2098631168||2098631423||1153258552||in||
2098631936||2098632191||1152846266||in||
2098655232||2098655487||1160453465||in||
2098659328||2098659583||1156046119||in||
2098660608||2098660863||1153457099||in||
2098664192||2098664447||1156904189||in||
2098665216||2098665471||1153258578||in||
2098666752||2098667007||1155613266||in||
2098667008||2098667263||1159490548||in||
2098671616||2098671871||1153624496||in||
2098671872||2098672127||1154309897||in||
2098673664||2098673919||1153190050||in||
2098674176||2098674431||1159161978||in||
2098674944||2098675199||1153190074||in||
2098680064||2098680319||1159242418||in||
2098680576||2098680831||1161055342||in||
2098689024||2098689279||1158288990||in||
2098689792||2098690047||1158892528||in||
2416967680||2417033215||1109653200||in||
2648899584||2648965119||1109653200||in||
2660237312||2660302847||1109653200||in||
2742681600||2742747135||1109653200||in||
2758017024||2758082559||1109653200||in||
2762211328||2762276863||1109653200||in||
3228418560||3228418815||1109653200||in||
3230174464||3230175231||1109653200||in||
3231154432||3231154687||1109653200||in||
3262473987||3262473987||1109653200||in||
3262473989||3262473989||1109653200||in||
3262473993||3262473993||1109653200||in||
3262474031||3262474031||1109653200||in||
3262474049||3262474049||1109653200||in||
3262474065||3262474065||1109653200||in||
3262474072||3262474072||1109653200||in||
3262474078||3262474078||1109653200||in||
3262474105||3262474105||1109653200||in||
3262474114||3262474114||1109653200||in||
3262474117||3262474117||1109653200||in||
3262474126||3262474126||1109653200||in||
3262474131||3262474131||1109653200||in||
3262474153||3262474153||1109653200||in||
3262474156||3262474156||1109653200||in||
3262474164||3262474164||1109653200||in||
3262474196||3262474196||1109653200||in||
3262474204||3262474204||1109653200||in||
3262474206||3262474206||1109653200||in||
3262474215||3262474215||1109653200||in||
3262474220||3262474222||1109653200||in||
3262474227||3262474227||1109653200||in||
3262474229||3262474230||1109653200||in||
3262474232||3262474234||1109653200||in||
3278939932||3278939935||1109653200||in||
3278940096||3278940099||1109653200||in||
3278940140||3278940143||1109653200||in||
3278940152||3278940155||1109653200||in||
3278942472||3278942475||1109653200||in||
3278942488||3278942491||1109653200||in||
3278942520||3278942539||1109653200||in||
3278942556||3278942559||1109653200||in||
3278942572||3278942575||1109653200||in||
3278942596||3278942599||1109653200||in||
3278942648||3278942651||1109653200||in||
3278942692||3278942695||1109653200||in||
3278943813||3278943813||1109653200||in||
3288400128||3288400383||1109653200||in||
3288417280||3288417535||1109653200||in||
3288426496||3288427263||1109653200||in||
3288427520||3288428543||1109653200||in||
3288428800||3288429311||1109653200||in||
3288434176||3288434431||1109653200||in||
3288547584||3288547839||1109653200||in||
3289128960||3289137151||1109653200||in||
3289321472||3289325567||1109653200||in||
3389093888||3389095935||1109653200||in||
3389213440||3389213951||1109653200||in||
3389214720||3389218815||1109653200||in||
3389300736||3389308927||1109653200||in||
3389411328||3389411583||1109653200||in||
3389416192||3389416447||1109653200||in||
3389469696||3389471743||1109653200||in||
3389541376||3389541631||1109653200||in||
3389616128||3389640703||1109653200||in||
3389788160||3389788415||1109653200||in||
3389846272||3389846527||1109653200||in||
3389932800||3389933055||1109653200||in||
3389933568||3389933823||1109653200||in||
3390406912||3390407167||1109653200||in||
3390408192||3390408703||1109653200||in||
3390411520||3390411775||1109653200||in||
3391534080||3391535103||1109653200||in||
3391620608||3391620863||1109653200||in||
3391663104||3391664127||1109653200||in||
3391684608||3391688191||1109653200||in||
3391688704||3391717887||1109653200||in||
3391718144||3391718911||1109653200||in||
3391722496||3391723519||1109653200||in||
3391733760||3391734015||1109653200||in||
3391736832||3391737855||1109653200||in||
3391741952||3391746047||1109653200||in||
3391895552||3391896575||1109653200||in||
3391948288||3391948799||1109653200||in||
3391949312||3391949823||1109653200||in||
3392017152||3392017407||1109653200||in||
3392061440||3392069631||1109653200||in||
3392109568||3392109823||1109653200||in||
3392110336||3392110591||1109653200||in||
3392473088||3392475135||1109653200||in||
3392487424||3392499711||1109653200||in||
3392536576||3392610303||1109653200||in||
3392667648||3392668671||1109653200||in||
3392716800||3392733183||1109653200||in||
3392962560||3392970751||1109653200||in||
3392983040||3392987135||1109653200||in||
3392997376||3392998399||1109653200||in||
3393077248||3393085439||1109653200||in||
3393118208||3393122303||1109653200||in||
3393150976||3393159167||1109653200||in||
3393167360||3393175551||1109653200||in||
3393290240||3393298431||1109653200||in||
3393486848||3393495039||1109653200||in||
3393634304||3393638399||1109653200||in||
3393683456||3393691647||1109653200||in||
3393744640||3393744895||1109653200||in||
3393961984||3393966079||1109653200||in||
3394150400||3394154495||1109653200||in||
3394252800||3394256895||1109653200||in||
3394338816||3394347007||1109653200||in||
3394355200||3394359295||1109653200||in||
3394441216||3394453503||1109653200||in||
3394707456||3394715647||1109653200||in||
3394797568||3394813951||1109653200||in||
3394818048||3394830335||1109653200||in||
3394846720||3394850815||1109653200||in||
3394904064||3394908159||1109653200||in||
3394920448||3394924543||1109653200||in||
3394945024||3394949119||1109653200||in||
3394977792||3394985983||1109653200||in||
3395084288||3395088383||1109653200||in||
3396997120||3396999167||1109653200||in||
3397066752||3397070847||1109653200||in||
3397210112||3397214207||1109653200||in||
3397607424||3397623807||1109653200||in||
3397816320||3397832703||1109653200||in||
3398066176||3398074367||1109653200||in||
3398180864||3398189055||1109653200||in||
3398205440||3398213631||1109653200||in||
3398238208||3398279167||1109653200||in||
3398303744||3398304767||1109653200||in||
3398320128||3398336511||1109653200||in||
3398369280||3398369791||1109653200||in||
3398434816||3398467583||1109653200||in||
3398615040||3398619135||1109653200||in||
3398705152||3398709247||1109653200||in||
3398746112||3398750207||1109653200||in||
3398770688||3398778879||1109653200||in||
3398811648||3398819839||1109653200||in||
3398926336||3398934527||1109653200||in||
3399032832||3399036927||1109653200||in||
3399131136||3399135231||1109653200||in||
3399303168||3399311359||1109653200||in||
3399335424||3399335935||1109653200||in||
3399467008||3399483391||1109653200||in||
3399524352||3399528447||1109653200||in||
3399544576||3399544831||1109653200||in||
3399626752||3399630847||1109653200||in||
3399671808||3399679999||1109653200||in||
3399753728||3399761919||1109653200||in||
3399770112||3399778303||1109653200||in||
3400438920||3400438927||1109653200||in||
3400630272||3400646655||1109653200||in||
3400654848||3400663039||1109653200||in||
3400744960||3400753151||1109653200||in||
3401007104||3401011199||1109653200||in||
3401441280||3401449471||1109653200||in||
3401515264||3401515519||1109653200||in||
3401531392||3401539583||1109653200||in||
3404857967||3404857967||1109653200||in||
3409510368||3409510383||1109653200||in||
3410788352||3410792447||1109653200||in||
3410800640||3410804735||1109653200||in||
3410870272||3410874367||1109653200||in||
3410887680||3410887935||1109653200||in||
3410919424||3410927615||1109653200||in||
3411435520||3411443711||1109653200||in||
3411574784||3411582975||1109653200||in||
3411689472||3411705855||1109653200||in||
3411787776||3411795967||1109653200||in||
3411812352||3411820543||1109653200||in||
3411853312||3411857407||1109653200||in||
3411984384||3412000767||1109653200||in||
3412312064||3412320255||1109653200||in||
3412344832||3412348927||1109653200||in||
3412393984||3412426751||1109653200||in||
3412697088||3412705279||1109653200||in||
3412934656||3412951039||1109653200||in||
3413004288||3413008383||1109653200||in||
3413147648||3413155839||1109653200||in||
3413327872||3413344255||1109653200||in||
3413770240||3413786623||1109653200||in||
3413843968||3413848063||1109653200||in||
3413868544||3413884927||1109653200||in||
3413899200||3413899203||1109653200||in||
3413934080||3413946367||1109653200||in||
3413950464||3413966847||1109653200||in||
3414278144||3414294527||1109653200||in||
3414458368||3414466559||1109653200||in||
3415236608||3415244799||1109653200||in||
3415310336||3415326719||1109653200||in||
3415769088||3415777279||1109653200||in||
3416489984||3416506367||1109653200||in||
3417046016||3417047039||1109653200||in||
3418079232||3418095615||1109653200||in||
3418259456||3418267647||1109653200||in||
3418406912||3418423295||1109653200||in||
3418456064||3418472447||1109653200||in||
3418513408||3418517503||1109653200||in||
3418587136||3418619903||1109653200||in||
3418652672||3418750975||1109653200||in||
3418816512||3418947583||1109653200||in||
3418996736||3419013119||1109653200||in||
3419684864||3419688959||1109653200||in||
3419717632||3419734015||1109653200||in||
3499450368||3499451391||1109653200||in||
3522115072||3522115327||1109653200||in||
3523594240||3523595263||1109653200||in||
3523690496||3523698687||1109653200||in||
3524395008||3524444159||1109653200||in||
3536977920||3537010687||1109653200||in||
3537076224||3537174527||1109653200||in||
3537240064||3537305599||1109653200||in||
3560941436||3560941439||1109653200||in||
3560944960||3560944963||1109653200||in||
3560944976||3560944987||1109653200||in||
3560945004||3560945027||1109653200||in||
3560945032||3560945035||1109653200||in||
3560945048||3560945059||1109653200||in||
3560945068||3560945075||1109653200||in||
3560945084||3560945091||1109653200||in||
3560945116||3560945119||1109653200||in||
3560945144||3560945147||1109653200||in||
3560945414||3560945414||1109653200||in||
3560945420||3560945420||1109653200||in||
3560945425||3560945425||1109653200||in||
3560945432||3560945433||1109653200||in||
3560945442||3560945443||1109653200||in||
3560945449||3560945449||1109653200||in||
3560945451||3560945451||1109653200||in||
3560945453||3560945453||1109653200||in||
3560945462||3560945462||1109653200||in||
3560945465||3560945465||1109653200||in||
3560945478||3560945478||1109653200||in||
3560945480||3560945481||1109653200||in||
3560945486||3560945487||1109653200||in||
3560945491||3560945492||1109653200||in||
3560945496||3560945496||1109653200||in||
3560945498||3560945499||1109653200||in||
3560945536||3560945539||1109653200||in||
3560945544||3560945559||1109653200||in||
3560945568||3560945575||1109653200||in||
3560945604||3560945611||1109653200||in||
3560945640||3560945643||1109653200||in||
3560945648||3560945651||1109653200||in||
3560945660||3560945663||1109653200||in||
3567435776||3567436031||1109653200||in||
3567436544||3567436595||1109653200||in||
3567436600||3567436603||1109653200||in||
3567436800||3567436895||1109653200||in||
3567617280||3567617535||1109653200||in||
3567618048||3567619071||1109653200||in||
3567620632||3567620639||1109653200||in||
3567620728||3567620735||1109653200||in||
3628854528||3628854783||1109653200||in||
3639397120||3639397375||1109653200||in||
3645297664||3645297919||1109653200||in||
3673686016||3673751551||1109653200||in||
3678404608||3678535679||1109653200||in||
3680206848||3680223231||1109653200||in||
3705667584||3705929727||1109653200||in||
3716186112||3716202495||1109653200||in||
3716546560||3716677631||1109653200||in||
