--||--||--||ir||Iran
1042293504||1042293631||1109653200||ir||
1042297248||1042297319||1109653200||ir||
1042297328||1042297599||1109653200||ir||
1042297856||1042298239||1109653200||ir||
1042298280||1042298287||1109653200||ir||
1042298624||1042298879||1109653200||ir||
1042300256||1042300287||1109653200||ir||
1042300384||1042300415||1109653200||ir||
1042300800||1042300863||1109653200||ir||
1044152320||1044185087||1109653200||ir||
1044664896||1044664959||1109653200||ir||
1047572992||1047573503||1109653200||ir||
1049699072||1049699327||1109653200||ir||
1049699840||1049700351||1109653200||ir||
1049700864||1049701119||1109653200||ir||
1049701376||1049701887||1109653200||ir||
1049701952||1049702143||1109653200||ir||
1049702400||1049703423||1109653200||ir||
1049704960||1049705471||1109653200||ir||
1049706496||1049707007||1109653200||ir||
1049711104||1049711359||1109653200||ir||
1049712384||1049712511||1109653200||ir||
1049712640||1049713055||1109653200||ir||
1049713088||1049713151||1109653200||ir||
1049714688||1049715711||1109653200||ir||
1049718016||1049718271||1109653200||ir||
1052835840||1052844031||1109653200||ir||
1054425088||1054441471||1109653200||ir||
1054629888||1054638079||1109653200||ir||
1346547712||1346551807||1109653200||ir||
1346859008||1346863103||1109653200||ir||
1347092480||1347096575||1109653200||ir||
1347323392||1347323903||1109653200||ir||
1347608576||1347612671||1109653200||ir||
1347716864||1347716895||1109653200||ir||
1347718144||1347718399||1109653200||ir||
1347719168||1347719423||1109653200||ir||
1347978352||1347978367||1109653200||ir||
1350214144||1350214655||1109653200||ir||
1350219776||1350221823||1109653200||ir||
1354694656||1354760191||1109653200||ir||
1357330688||1357330943||1130908178||ir||
1357333504||1357333759||1109653200||ir||
1357351936||1357352959||1109653200||ir||
1357356544||1357358079||1109653200||ir||
1357359104||1357359359||1109653200||ir||
1357360384||1357360639||1109653200||ir||
1357373184||1357373439||1109653200||ir||
1358036992||1358045183||1109653200||ir||
1358790656||1358794751||1109653200||ir||
1359740928||1359773695||1109653200||ir||
1360502784||1360506879||1109653200||ir||
1360512980||1360512983||1109653200||ir||
1360797696||1360805887||1109653200||ir||
1361027072||1361035263||1109653200||ir||
1364889600||1364893695||1142492736||ir||
1364951040||1364959231||1109653200||ir||
1365057536||1365061631||1109653200||ir||
1382268928||1382285311||1109653200||ir||
1383268352||1383276543||1109653200||ir||
1384382464||1384415231||1109653200||ir||
1384811520||1384811647||1109653200||ir||
1388713984||1388714751||1109653200||ir||
1388715008||1388715071||1109653200||ir||
1389201024||1389201071||1109653200||ir||
1389201408||1389201535||1109653200||ir||
1389202304||1389202319||1109653200||ir||
1389202448||1389202455||1109653200||ir||
1389202688||1389203199||1109653200||ir||
1389203456||1389203711||1109653200||ir||
1389204352||1389204543||1109653200||ir||
1389205504||1389207295||1109653200||ir||
1389212672||1389212735||1109653200||ir||
1403584512||1403600895||1109653200||ir||
1403653632||1403653823||1109653200||ir||
1403656200||1403656211||1109653200||ir||
1403656240||1403656287||1109653200||ir||
1403656352||1403656415||1109653200||ir||
1403656448||1403656959||1109653200||ir||
1403657472||1403657535||1109653200||ir||
1403657728||1403657791||1109653200||ir||
1403657824||1403657855||1109653200||ir||
1403657920||1403658239||1109653200||ir||
1403658257||1403658259||1109653200||ir||
1403658261||1403658262||1109653200||ir||
1403658265||1403658265||1109653200||ir||
1403658267||1403658269||1109653200||ir||
1403658304||1403658335||1109653200||ir||
1403658464||1403658751||1109653200||ir||
1403659040||1403659263||1109653200||ir||
1403659520||1403659679||1109653200||ir||
1403659840||1403659871||1109653200||ir||
1403659904||1403660159||1109653200||ir||
1403660288||1403661215||1109653200||ir||
1403661280||1403662591||1109653200||ir||
1403662624||1403662719||1109653200||ir||
1403662784||1403662815||1109653200||ir||
1403662848||1403662943||1109653200||ir||
1403662976||1403663103||1109653200||ir||
1403663360||1403663487||1109653200||ir||
1403663512||1403663519||1109653200||ir||
1403663560||1403663585||1109653200||ir||
1403663587||1403663600||1109653200||ir||
1403663608||1403663615||1109653200||ir||
1403663872||1403664383||1109653200||ir||
1403665152||1403665919||1109653200||ir||
1410007040||1410007551||1109653200||ir||
1410007808||1410008063||1109653200||ir||
1410009696||1410009759||1109653200||ir||
1410010368||1410010431||1109653200||ir||
1410012160||1410013183||1109653200||ir||
1410013760||1410013887||1109653200||ir||
1410013920||1410013951||1109653200||ir||
1410013984||1410014367||1109653200||ir||
1410014400||1410014847||1109653200||ir||
1410014880||1410014895||1109653200||ir||
1410014960||1410014969||1109653200||ir||
1410014971||1410014972||1109653200||ir||
1410014976||1410015359||1109653200||ir||
1410015488||1410015775||1109653200||ir||
1410015808||1410015871||1109653200||ir||
1410015936||1410016287||1109653200||ir||
1410016320||1410016703||1109653200||ir||
1410016768||1410016831||1109653200||ir||
1410017024||1410017087||1109653200||ir||
1410017152||1410017279||1109653200||ir||
1410019328||1410019359||1109653200||ir||
1410019456||1410019519||1109653200||ir||
1410019552||1410019839||1109653200||ir||
1410020256||1410020287||1109653200||ir||
1410021392||1410021399||1109653200||ir||
1410021504||1410021663||1109653200||ir||
1410021696||1410021727||1109653200||ir||
1410021760||1410021823||1109653200||ir||
1410021888||1410022015||1109653200||ir||
1410022048||1410022111||1109653200||ir||
1410022144||1410022399||1109653200||ir||
1410022592||1410022655||1109653200||ir||
1410022720||1410022783||1109653200||ir||
1410022816||1410022847||1109653200||ir||
1410022912||1410023167||1109653200||ir||
1412415488||1412431871||1109653200||ir||
1425080320||1425096703||1109653200||ir||
1425424640||1425424895||1109653200||ir||
1425426368||1425426431||1109653200||ir||
1426669568||1426685951||1109653200||ir||
1427046400||1427062783||1139771089||ir||
1434812416||1434845183||1138341994||ir||
1438187520||1438253055||1109653200||ir||
1439039488||1439055871||1109653200||ir||
1466630144||1466630399||1149047008||ir||
1466630400||1466630655||1149047008||ir||
1466630656||1466630911||1149047008||ir||
1466630912||1466631167||1149047008||ir||
1466631168||1466631423||1149047008||ir||
1466631424||1466631679||1149047008||ir||
1466631680||1466631935||1149047008||ir||
1466631936||1466632191||1149047008||ir||
1466632192||1466632447||1149047008||ir||
1466632448||1466632703||1149047008||ir||
1466632704||1466632959||1149047008||ir||
1466632960||1466633215||1149047008||ir||
1466633216||1466633471||1149047008||ir||
1466633472||1466633727||1149047008||ir||
1466633728||1466633983||1149047008||ir||
1466633984||1466634239||1149047008||ir||
1466634240||1466634495||1149047008||ir||
1466634496||1466634751||1149047008||ir||
1466634752||1466635007||1149047008||ir||
1466635008||1466635263||1149047008||ir||
1466635264||1466635519||1149047008||ir||
1466635520||1466635775||1149047008||ir||
1466635776||1466636031||1149047008||ir||
1466636032||1466636287||1149047008||ir||
1466636288||1466636543||1149047008||ir||
1466636544||1466636799||1149047008||ir||
1466636800||1466637055||1149047008||ir||
1466637056||1466637311||1149047008||ir||
1466637312||1466637567||1149047008||ir||
1466637568||1466637823||1149047008||ir||
1466637824||1466638079||1149047008||ir||
1466638080||1466638335||1149047008||ir||
1466638336||1466638591||1149047008||ir||
1466638592||1466638847||1149047008||ir||
1466638848||1466639103||1149047008||ir||
1466639104||1466639359||1149047008||ir||
1466639360||1466639615||1149047008||ir||
1466639616||1466639871||1149047008||ir||
1466639872||1466640127||1149047008||ir||
1466640128||1466640383||1149047008||ir||
1466640384||1466640639||1149047008||ir||
1466640640||1466640895||1149047008||ir||
1466640896||1466641151||1149047008||ir||
1466641152||1466641407||1149047008||ir||
1466641408||1466641663||1149047008||ir||
1466641664||1466641919||1149047008||ir||
1466641920||1466642175||1149047008||ir||
1466642176||1466642431||1149047008||ir||
1466642432||1466642687||1149047008||ir||
1466642688||1466642943||1149047008||ir||
1466642944||1466643199||1149047008||ir||
1466643200||1466643455||1149047008||ir||
1466643456||1466643711||1149047008||ir||
1466643712||1466643967||1149047008||ir||
1466643968||1466644223||1149047008||ir||
1466644224||1466644479||1149047008||ir||
1466644480||1466644735||1149047008||ir||
1466644736||1466644991||1149047008||ir||
1466644992||1466645247||1149047008||ir||
1466645248||1466645503||1149047008||ir||
1466645504||1466645759||1149047008||ir||
1466645760||1466646015||1149047008||ir||
1466646016||1466646271||1149047008||ir||
1466646272||1466646527||1149047008||ir||
1466646528||1466646783||1149047008||ir||
1466646784||1466647039||1149047008||ir||
1466647040||1466647295||1149047008||ir||
1466647296||1466647551||1149047008||ir||
1466647552||1466647807||1149047008||ir||
1466647808||1466648063||1149047008||ir||
1466648064||1466648319||1149047008||ir||
1466648320||1466648575||1149047008||ir||
1466648576||1466648831||1149047008||ir||
1466648832||1466649087||1149047008||ir||
1466649088||1466649343||1149047008||ir||
1466649344||1466649599||1149047008||ir||
1466649600||1466649855||1149047008||ir||
1466649856||1466650111||1149047008||ir||
1466650112||1466650367||1149047008||ir||
1466650368||1466650623||1149047008||ir||
1466650624||1466650879||1149047008||ir||
1466650880||1466651135||1149047008||ir||
1466651136||1466651391||1149047008||ir||
1466651392||1466651647||1149047008||ir||
1466651648||1466651903||1149047008||ir||
1466651904||1466652159||1149047008||ir||
1466652160||1466652415||1149047008||ir||
1466652416||1466652671||1149047008||ir||
1466652672||1466652927||1149047008||ir||
1466652928||1466653183||1149047008||ir||
1466653184||1466653439||1149047008||ir||
1466653440||1466653695||1149047008||ir||
1466653696||1466653951||1149047008||ir||
1466653952||1466654207||1149047008||ir||
1466654208||1466654463||1149047008||ir||
1466654464||1466654719||1149047008||ir||
1466654720||1466654975||1149047008||ir||
1466654976||1466655231||1149047008||ir||
1466655232||1466655487||1149047008||ir||
1466655488||1466655743||1149047008||ir||
1466655744||1466655999||1149047008||ir||
1466656000||1466656255||1149047008||ir||
1466656256||1466656511||1149047008||ir||
1466656512||1466656767||1149047008||ir||
1466656768||1466657023||1149047008||ir||
1466657024||1466657279||1149047008||ir||
1466657280||1466657535||1149047008||ir||
1466657536||1466657791||1149047008||ir||
1466657792||1466658047||1149047008||ir||
1466658048||1466658303||1149047008||ir||
1466658304||1466658559||1149047008||ir||
1466658560||1466658815||1149047008||ir||
1466658816||1466659071||1149047008||ir||
1466659072||1466659327||1149047008||ir||
1466659328||1466659583||1149047008||ir||
1466659584||1466659839||1149047008||ir||
1466659840||1466660095||1149047008||ir||
1466660096||1466660351||1149047008||ir||
1466660352||1466660607||1149047008||ir||
1466660608||1466660863||1149047008||ir||
1466660864||1466661119||1149047008||ir||
1466661120||1466661375||1149047008||ir||
1466661376||1466661631||1149047008||ir||
1466661632||1466661887||1149047008||ir||
1466661888||1466662143||1149047008||ir||
1466662144||1466662399||1149047008||ir||
1466662400||1466662655||1149047008||ir||
1466662656||1466662911||1149047008||ir||
1466662912||1466663167||1149047008||ir||
1466663168||1466663423||1149047008||ir||
1466663424||1466663679||1149047008||ir||
1466663680||1466663935||1149047008||ir||
1466663936||1466664191||1149047008||ir||
1466664192||1466664447||1149047008||ir||
1466664448||1466664703||1149047008||ir||
1466664704||1466664959||1149047008||ir||
1466664960||1466665215||1149047008||ir||
1466665216||1466665471||1149047008||ir||
1466665472||1466665727||1149047008||ir||
1466665728||1466665983||1149047008||ir||
1466665984||1466666239||1149047008||ir||
1466666240||1466666495||1149047008||ir||
1466666496||1466666751||1149047008||ir||
1466666752||1466667007||1149047008||ir||
1466667008||1466667263||1149047008||ir||
1466667264||1466667519||1149047008||ir||
1466667520||1466667775||1149047008||ir||
1466667776||1466668031||1149047008||ir||
1466668032||1466668287||1149047008||ir||
1466668288||1466668543||1149047008||ir||
1466668544||1466668799||1149047008||ir||
1466668800||1466669055||1149047008||ir||
1466669056||1466669311||1149047008||ir||
1466669312||1466669567||1149047008||ir||
1466669568||1466669823||1149047008||ir||
1466669824||1466670079||1149047008||ir||
1466670080||1466670335||1149047008||ir||
1466670336||1466670591||1149047008||ir||
1466670592||1466670847||1149047008||ir||
1466670848||1466671103||1149047008||ir||
1466671104||1466671359||1149047008||ir||
1466671360||1466671615||1149047008||ir||
1466671616||1466671871||1149047008||ir||
1466671872||1466672127||1149047008||ir||
1466672128||1466672383||1149047008||ir||
1466672384||1466672639||1149047008||ir||
1466672640||1466672895||1149047008||ir||
1466672896||1466673151||1149047008||ir||
1466673152||1466673407||1149047008||ir||
1466673408||1466673663||1149047008||ir||
1466673664||1466673919||1149047008||ir||
1466673920||1466674175||1149047008||ir||
1466674176||1466674431||1149047008||ir||
1466674432||1466674687||1149047008||ir||
1466674688||1466674943||1149047008||ir||
1466674944||1466675199||1149047008||ir||
1466675200||1466675455||1149047008||ir||
1466675456||1466675711||1149047008||ir||
1466675712||1466675967||1149047008||ir||
1466675968||1466676223||1149047008||ir||
1466676224||1466676479||1149047008||ir||
1466676480||1466676735||1149047008||ir||
1466676736||1466676991||1149047008||ir||
1466676992||1466677247||1149047008||ir||
1466677248||1466677503||1149047008||ir||
1466677504||1466677759||1149047008||ir||
1466677760||1466678015||1149047008||ir||
1466678016||1466678271||1149047008||ir||
1466678272||1466678527||1149047008||ir||
1466678528||1466678783||1149047008||ir||
1466678784||1466679039||1149047008||ir||
1466679040||1466679295||1149047008||ir||
1466679296||1466679551||1149047008||ir||
1466679552||1466679807||1149047008||ir||
1466679808||1466680063||1149047008||ir||
1466680064||1466680319||1149047008||ir||
1466680320||1466680575||1149047008||ir||
1466680576||1466680831||1149047009||ir||
1466680832||1466681087||1149047009||ir||
1466681088||1466681343||1149047009||ir||
1466681344||1466681599||1149047009||ir||
1466681600||1466681855||1149047009||ir||
1466681856||1466682111||1149047009||ir||
1466682112||1466682367||1149047009||ir||
1466682368||1466682623||1149047009||ir||
1466682624||1466682879||1149047009||ir||
1466682880||1466683135||1149047009||ir||
1466683136||1466683391||1149047009||ir||
1466683392||1466683647||1149047009||ir||
1466683648||1466683903||1149047009||ir||
1466683904||1466684159||1149047009||ir||
1466684160||1466684415||1149047009||ir||
1466684416||1466684671||1149047009||ir||
1466684672||1466684927||1149047009||ir||
1466684928||1466685183||1149047009||ir||
1466685184||1466685439||1149047009||ir||
1466685440||1466685695||1149047009||ir||
1466685696||1466685951||1149047009||ir||
1466685952||1466686207||1149047009||ir||
1466686208||1466686463||1149047009||ir||
1466686464||1466686719||1149047009||ir||
1466686720||1466686975||1149047009||ir||
1466686976||1466687231||1149047009||ir||
1466687232||1466687487||1149047009||ir||
1466687488||1466687743||1149047009||ir||
1466687744||1466687999||1149047009||ir||
1466688000||1466688255||1149047009||ir||
1466688256||1466688511||1149047009||ir||
1466688512||1466688767||1149047009||ir||
1466688768||1466689023||1149047009||ir||
1466689024||1466689279||1149047009||ir||
1466689280||1466689535||1149047009||ir||
1466689536||1466689791||1149047009||ir||
1466689792||1466690047||1149047009||ir||
1466690048||1466690303||1149047009||ir||
1466690304||1466690559||1149047009||ir||
1466690560||1466690815||1149047009||ir||
1466690816||1466691071||1149047009||ir||
1466691072||1466691327||1149047009||ir||
1466691328||1466691583||1149047009||ir||
1466691584||1466691839||1149047009||ir||
1466691840||1466692095||1149047009||ir||
1466692096||1466692351||1149047009||ir||
1466692352||1466692607||1149047009||ir||
1466692608||1466692863||1149047009||ir||
1466692864||1466693119||1149047009||ir||
1466693120||1466693375||1149047009||ir||
1466693376||1466693631||1149047009||ir||
1466693632||1466693887||1149047009||ir||
1466693888||1466694143||1149047009||ir||
1466694144||1466694399||1149047009||ir||
1466694400||1466694655||1149047009||ir||
1466694656||1466694911||1149047009||ir||
1466694912||1466695167||1149047009||ir||
1466695168||1466695423||1149047009||ir||
1466695424||1466695679||1149047009||ir||
1475846144||1475854335||1154142876||ir||
1502642176||1502658559||1154923589||ir||
1503985664||1504018431||1152476248||ir||
3239280640||3239281663||1109653200||ir||
3252429824||3252430847||1109653200||ir||
3252431360||3252431871||1109653200||ir||
3254550784||3254551039||1109653200||ir||
3254551296||3254551551||1109653200||ir||
3254552320||3254552831||1109653200||ir||
3256705024||3256705279||1109653200||ir||
3259577248||3259577263||1109653200||ir||
3263048192||3263048447||1109653200||ir||
3263501520||3263501527||1109653200||ir||
3263518720||3263518751||1109653200||ir||
3264386048||3264387071||1109653200||ir||
3264390144||3264391167||1109653200||ir||
3264408576||3264409599||1109653200||ir||
3265593344||3265601791||1109653200||ir||
3269525504||3269591039||1109653200||ir||
3272215296||3272215551||1109653200||ir||
3272216480||3272216495||1109653200||ir||
3273038848||3273039359||1109653200||ir||
3273330176||3273330183||1109653200||ir||
3277884160||3277885568||1109653200||ir||
3277885696||3277887104||1109653200||ir||
3277887232||3277889535||1109653200||ir||
3281133568||3281141759||1109653200||ir||
3284721920||3284722943||1109653200||ir||
3285572352||3285572367||1109653200||ir||
3285922224||3285922239||1109653200||ir||
3285922288||3285922527||1109653200||ir||
3285922544||3285922559||1109653200||ir||
3285924416||3285924431||1109653200||ir||
3285925888||3285925951||1109653200||ir||
3285927424||3285927935||1109653200||ir||
3285931008||3285932031||1109653200||ir||
3285932544||3285933311||1109653200||ir||
3285942272||3285942527||1109653200||ir||
3285942656||3285942783||1109653200||ir||
3285943040||3285943295||1109653200||ir||
3285946368||3285946623||1109653200||ir||
3285947136||3285947263||1109653200||ir||
3285953536||3285954047||1109653200||ir||
3285955072||3285955839||1109653200||ir||
3285956608||3285956863||1109653200||ir||
3285957120||3285958143||1109653200||ir||
3285964032||3285964287||1109653200||ir||
3285964544||3285964799||1109653200||ir||
3288554240||3288554495||1109653200||ir||
3523602432||3523602879||1109653200||ir||
3558851816||3558851823||1109653200||ir||
3559702720||3559702735||1109653200||ir||
3559702784||3559703039||1109653200||ir||
3567602688||3567603199||1109653200||ir||
3582615552||3582615807||1109653200||ir||
3582617088||3582617343||1109653200||ir||
3582620928||3582621695||1109653200||ir||
3582622464||3582622591||1109653200||ir||
3583713280||3583721471||1109653200||ir||
3584385024||3584393215||1109653200||ir||
3585081344||3585114111||1109653200||ir||
3586678304||3586678335||1109653200||ir||
3587162112||3587178495||1109653200||ir||
3587776512||3587784703||1109653200||ir||
3588857856||3588866047||1109653200||ir||
3590249728||3590249983||1109653200||ir||
3641380864||3641384959||1109653200||ir||
3642265600||3642269695||1109653200||ir||
3642306560||3642310655||1109653200||ir||
3645030400||3645038591||1109653200||ir||
3648311296||3648315391||1109653200||ir||
3650277376||3650281471||1109653200||ir||
3651211264||3651211775||1109653200||ir||
3651952640||3651960831||1109653200||ir||
3652063232||3652067327||1109653200||ir||
3654942720||3655073791||1109653200||ir||
