--||--||--||iq||Iraq
1042298240||1042298271||1109653200||iq||
1042298304||1042298335||1109653200||iq||
1042299136||1042299391||1109653200||iq||
1042300176||1042300223||1109653200||iq||
1042300352||1042300383||1109653200||iq||
1042300480||1042300495||1109653200||iq||
1042300544||1042300639||1109653200||iq||
1042300648||1042300655||1109653200||iq||
1042300672||1042300799||1109653200||iq||
1049701120||1049701375||1109653200||iq||
1049702144||1049702399||1109653200||iq||
1049708032||1049708543||1109653200||iq||
1049716736||1049717759||1109653200||iq||
1118968208||1118968223||1109653200||iq||
1118968256||1118968287||1109653200||iq||
1118981376||1118981631||1109653200||iq||
1118984776||1118984783||1109653200||iq||
1118984856||1118984863||1109653200||iq||
1347268608||1347272703||1138773399||iq||
1347978176||1347978191||1109653200||iq||
1347978232||1347978239||1109653200||iq||
1347979296||1347979311||1109653200||iq||
1347979328||1347979343||1109653200||iq||
1347979632||1347979647||1109653200||iq||
1347979808||1347979823||1109653200||iq||
1347980608||1347980623||1109653200||iq||
1347980800||1347980991||1109653200||iq||
1347981032||1347981039||1109653200||iq||
1347981056||1347981183||1109653200||iq||
1347983120||1347983231||1109653200||iq||
1347983312||1347983319||1109653200||iq||
1347984448||1347984639||1109653200||iq||
1347984672||1347984703||1109653200||iq||
1360512868||1360512871||1109653200||iq||
1360512944||1360512975||1109653200||iq||
1361035560||1361035567||1109653200||iq||
1361035592||1361035595||1109653200||iq||
1361035640||1361035643||1109653200||iq||
1361035652||1361035663||1109653200||iq||
1361035692||1361035695||1109653200||iq||
1361035716||1361035719||1109653200||iq||
1361035732||1361035735||1109653200||iq||
1361035760||1361035763||1109653200||iq||
1361035768||1361035779||1109653200||iq||
1361035896||1361035899||1109653200||iq||
1361035912||1361035915||1109653200||iq||
1361036272||1361036287||1109653200||iq||
1361036312||1361036315||1109653200||iq||
1361036380||1361036383||1109653200||iq||
1361036396||1361036399||1109653200||iq||
1361036420||1361036423||1109653200||iq||
1361036440||1361036443||1109653200||iq||
1361036448||1361036455||1109653200||iq||
1361036464||1361036467||1109653200||iq||
1361036476||1361036479||1109653200||iq||
1361036500||1361036511||1109653200||iq||
1361036536||1361036543||1109653200||iq||
1361036568||1361036579||1109653200||iq||
1361036592||1361036595||1109653200||iq||
1361036624||1361036631||1109653200||iq||
1361036636||1361036663||1109653200||iq||
1361036668||1361036671||1109653200||iq||
1361036680||1361036695||1109653200||iq||
1361036728||1361036735||1109653200||iq||
1361036752||1361036771||1109653200||iq||
1361036776||1361036783||1109653200||iq||
1361036796||1361036815||1109653200||iq||
1361036832||1361036839||1109653200||iq||
1361036856||1361036895||1109653200||iq||
1361036904||1361036923||1109653200||iq||
1361036936||1361036951||1109653200||iq||
1361036960||1361036971||1109653200||iq||
1361036980||1361036999||1109653200||iq||
1361037008||1361037015||1109653200||iq||
1361037060||1361037083||1109653200||iq||
1361037096||1361037127||1109653200||iq||
1361037136||1361037159||1109653200||iq||
1361037168||1361037179||1109653200||iq||
1361037184||1361037195||1109653200||iq||
1361037224||1361037271||1109653200||iq||
1361037280||1361037295||1109653200||iq||
1361037312||1361037319||1109653200||iq||
1361037332||1361037335||1109653200||iq||
1361037344||1361037363||1109653200||iq||
1361037368||1361037375||1109653200||iq||
1361037384||1361037387||1109653200||iq||
1361037392||1361037419||1109653200||iq||
1361037424||1361037443||1109653200||iq||
1361037448||1361037455||1109653200||iq||
1361037488||1361037495||1109653200||iq||
1361037504||1361037527||1109653200||iq||
1361037560||1361037583||1109653200||iq||
1361037588||1361037591||1109653200||iq||
1361037596||1361037611||1109653200||iq||
1361037640||1361037647||1109653200||iq||
1361037656||1361037667||1109653200||iq||
1361037672||1361037675||1109653200||iq||
1361037680||1361037683||1109653200||iq||
1361037688||1361037695||1109653200||iq||
1361037704||1361037735||1109653200||iq||
1361037768||1361037771||1109653200||iq||
1364533248||1364537343||1109653200||iq||
1364856832||1364860927||1148089943||iq||
1389208848||1389208863||1109653200||iq||
1389209856||1389210111||1109653200||iq||
1403654144||1403656191||1109653200||iq||
1403664644||1403664703||1109653200||iq||
1410013728||1410013759||1109653200||iq||
1412825088||1412830463||1109653200||iq||
3252408560||3252408575||1109653200||iq||
3252409216||3252409223||1109653200||iq||
3252410880||3252411007||1109653200||iq||
3252411136||3252411263||1109653200||iq||
3252412416||3252412479||1109653200||iq||
3252414720||3252414975||1109653200||iq||
3252418048||3252418079||1109653200||iq||
3252418112||3252418143||1109653200||iq||
3252418176||3252418207||1109653200||iq||
3279951872||3279952895||1109653200||iq||
3558981632||3558984447||1109653200||iq||
3585423360||3585423871||1109653200||iq||
3585835872||3585835879||1109653200||iq||
3585841152||3585841663||1109653200||iq||
3587287416||3587287419||1109653200||iq||
3587287852||3587287879||1109653200||iq||
3590320640||3590321151||1109653200||iq||
3652007680||3652007934||1109653200||iq||
3653404688||3653404703||1109653200||iq||
3653404944||3653404959||1109653200||iq||
