--||--||--||ie||Ireland
1040777216||1040842751||1109653200||ie||
1041301536||1041301599||1109653200||ie||
1041301616||1041301887||1109653200||ie||
1041301920||1041302015||1109653200||ie||
1041302272||1041302303||1109653200||ie||
1041302320||1041305887||1109653200||ie||
1041305984||1041306031||1109653200||ie||
1041306064||1041306399||1109653200||ie||
1041306576||1041306607||1109653200||ie||
1041306672||1041306751||1109653200||ie||
1041306816||1041306863||1109653200||ie||
1041306880||1041307135||1109653200||ie||
1041307472||1041307487||1109653200||ie||
1041307520||1041307551||1109653200||ie||
1041307600||1041308031||1109653200||ie||
1041308064||1041308287||1109653200||ie||
1041308304||1041308335||1109653200||ie||
1041308344||1041308415||1109653200||ie||
1041308672||1041308927||1109653200||ie||
1041309056||1041309087||1109653200||ie||
1041309184||1041309967||1109653200||ie||
1041309984||1041310047||1109653200||ie||
1041310080||1041310511||1109653200||ie||
1041310528||1041334271||1109653200||ie||
1041334544||1041334751||1109653200||ie||
1041334768||1041334783||1109653200||ie||
1041335040||1041335295||1109653200||ie||
1041335392||1041335519||1109653200||ie||
1041335808||1041335839||1109653200||ie||
1041335872||1041335903||1109653200||ie||
1041335920||1041335935||1109653200||ie||
1041335968||1041335999||1109653200||ie||
1041336032||1041336063||1109653200||ie||
1041336128||1041336207||1109653200||ie||
1041336224||1041336287||1109653200||ie||
1041336320||1041337343||1109653200||ie||
1041337792||1041337855||1109653200||ie||
1041337888||1041337919||1109653200||ie||
1041337936||1041337999||1109653200||ie||
1041338016||1041338031||1109653200||ie||
1041338112||1041338623||1109653200||ie||
1041338640||1041338687||1109653200||ie||
1041338704||1041338751||1109653200||ie||
1041338816||1041338831||1109653200||ie||
1041338864||1041338879||1109653200||ie||
1041339008||1041339087||1109653200||ie||
1041339120||1041339135||1109653200||ie||
1041339152||1041339263||1109653200||ie||
1041339344||1041339359||1109653200||ie||
1041339392||1041339407||1109653200||ie||
1041339440||1041339455||1109653200||ie||
1041339488||1041339519||1109653200||ie||
1041339536||1041339551||1109653200||ie||
1041339568||1041339583||1109653200||ie||
1041339648||1041339679||1109653200||ie||
1041339712||1041339743||1109653200||ie||
1041339760||1041339807||1109653200||ie||
1041339824||1041339839||1109653200||ie||
1041339872||1041339903||1109653200||ie||
1041339968||1041339983||1109653200||ie||
1041340000||1041340031||1109653200||ie||
1041340128||1041340191||1109653200||ie||
1041340240||1041340255||1109653200||ie||
1041340272||1041340319||1109653200||ie||
1041340336||1041340367||1109653200||ie||
1041340384||1041340415||1109653200||ie||
1041340464||1041340543||1109653200||ie||
1041340608||1041340639||1109653200||ie||
1041340864||1041340895||1109653200||ie||
1041340960||1041340991||1109653200||ie||
1041341008||1041341087||1109653200||ie||
1041341104||1041341151||1109653200||ie||
1041341184||1041341231||1109653200||ie||
1041341248||1041341279||1109653200||ie||
1041341344||1041341391||1109653200||ie||
1041341440||1041341759||1109653200||ie||
1041341792||1041341807||1109653200||ie||
1041341824||1041341855||1109653200||ie||
1041341888||1041341919||1109653200||ie||
1041341936||1041342047||1109653200||ie||
1041342080||1041342127||1109653200||ie||
1041342144||1041342175||1109653200||ie||
1041342192||1041342207||1109653200||ie||
1041342224||1041342239||1109653200||ie||
1041342256||1041342271||1109653200||ie||
1041342336||1041342367||1109653200||ie||
1041342464||1041342479||1109653200||ie||
1041342512||1041342543||1109653200||ie||
1041342576||1041342591||1109653200||ie||
1041342608||1041342975||1109653200||ie||
1041343024||1041343039||1109653200||ie||
1041343200||1041343231||1109653200||ie||
1041343744||1041343999||1109653200||ie||
1041344032||1041344063||1109653200||ie||
1041344080||1041344111||1109653200||ie||
1041344160||1041344191||1109653200||ie||
1041344224||1041344255||1109653200||ie||
1041344512||1041344527||1109653200||ie||
1041344592||1041344607||1109653200||ie||
1041344640||1041344687||1109653200||ie||
1041344736||1041344751||1109653200||ie||
1041344784||1041344799||1109653200||ie||
1041344880||1041344895||1109653200||ie||
1041344960||1041344991||1109653200||ie||
1041345008||1041345023||1109653200||ie||
1041345280||1041345551||1109653200||ie||
1041345696||1041345727||1109653200||ie||
1041345768||1041345775||1109653200||ie||
1041346160||1041346175||1109653200||ie||
1041346216||1041346223||1109653200||ie||
1041346240||1041346255||1109653200||ie||
1041346264||1041346559||1109653200||ie||
1041347392||1041358047||1109653200||ie||
1041358080||1041362959||1109653200||ie||
1041362976||1041363007||1109653200||ie||
1041363024||1041363119||1109653200||ie||
1041363144||1041363167||1109653200||ie||
1041363456||1041363711||1109653200||ie||
1041363776||1041363839||1109653200||ie||
1041363904||1041363967||1109653200||ie||
1041364480||1041364495||1109653200||ie||
1041364576||1041364607||1109653200||ie||
1041364736||1041364991||1109653200||ie||
1041365024||1041365039||1109653200||ie||
1041365056||1041365079||1109653200||ie||
1041365184||1041365199||1109653200||ie||
1041365248||1041365503||1109653200||ie||
1041365744||1041366031||1109653200||ie||
1041366080||1041366119||1109653200||ie||
1041366128||1041366143||1109653200||ie||
1041366208||1041366271||1109653200||ie||
1041366528||1041367039||1109653200||ie||
1042817024||1042825215||1109653200||ie||
1043609464||1043609471||1109653200||ie||
1043619840||1043620095||1109653200||ie||
1045004672||1045004751||1109653200||ie||
1045274624||1045282815||1109653200||ie||
1052356800||1052356863||1109653200||ie||
1052359840||1052359871||1109653200||ie||
1052366208||1052366271||1109653200||ie||
1052368896||1052369023||1109653200||ie||
1052369152||1052369407||1109653200||ie||
1052414464||1052414975||1109653200||ie||
1052489728||1052490239||1109653200||ie||
1052502016||1052502783||1109653200||ie||
1052502816||1052502847||1109653200||ie||
1053308544||1053308671||1109653200||ie||
1053349888||1053350399||1109653200||ie||
1053352192||1053352447||1109653200||ie||
1053352960||1053353031||1109653200||ie||
1053353088||1053353119||1109653200||ie||
1053353224||1053353247||1109653200||ie||
1054671632||1054671647||1109653200||ie||
1054672128||1054672191||1109653200||ie||
1054672240||1054672255||1109653200||ie||
1054672257||1054672287||1109653200||ie||
1054672304||1054672319||1109653200||ie||
1054672336||1054672448||1109653200||ie||
1054672480||1054672543||1109653200||ie||
1054672608||1054672647||1109653200||ie||
1054672656||1054672679||1109653200||ie||
1054672696||1054672807||1109653200||ie||
1054672824||1054673024||1109653200||ie||
1054673088||1054673151||1109653200||ie||
1054673408||1054673663||1109653200||ie||
1054673728||1054674015||1109653200||ie||
1054674080||1054674111||1109653200||ie||
1054674176||1054674303||1109653200||ie||
1054674440||1054674447||1109653200||ie||
1054674456||1054674495||1109653200||ie||
1054674504||1054674511||1109653200||ie||
1054675712||1054675775||1109653200||ie||
1054678784||1054679039||1109653200||ie||
1055334400||1055342591||1109653200||ie||
1056874560||1056874567||1109653200||ie||
1056874576||1056874583||1109653200||ie||
1056874600||1056874623||1109653200||ie||
1056874640||1056874679||1109653200||ie||
1056874832||1056874839||1109653200||ie||
1056874992||1056875135||1109653200||ie||
1056875152||1056875167||1109653200||ie||
1056875264||1056875327||1109653200||ie||
1056875608||1056875623||1109653200||ie||
1056875632||1056875679||1109653200||ie||
1056876032||1056876095||1109653200||ie||
1056876192||1056876207||1109653200||ie||
1072928048||1072928063||1109653200||ie||
1342627904||1342627935||1109653200||ie||
1342628032||1342628095||1109653200||ie||
1342628160||1342628175||1109653200||ie||
1342628208||1342628223||1109653200||ie||
1342628320||1342628367||1109653200||ie||
1342628432||1342628479||1109653200||ie||
1342628608||1342628623||1109653200||ie||
1342628664||1342628687||1109653200||ie||
1347210912||1347210919||1109653200||ie||
1347210928||1347210935||1109653200||ie||
1347211112||1347211119||1109653200||ie||
1348239360||1348240383||1109653200||ie||
1348272128||1348274695||1109653200||ie||
1348274772||1348274775||1109653200||ie||
1348274792||1348274943||1109653200||ie||
1348275200||1348276223||1109653200||ie||
1353288000||1353288031||1109653200||ie||
1358405632||1358409727||1109653200||ie||
1360510976||1360511487||1109653200||ie||
1360511584||1360511615||1109653200||ie||
1360512096||1360512127||1109653200||ie||
1360512768||1360512799||1109653200||ie||
1360512808||1360512815||1109653200||ie||
1360512860||1360512863||1109653200||ie||
1360512896||1360512903||1109653200||ie||
1360512912||1360512927||1109653200||ie||
1360512936||1360512943||1109653200||ie||
1360512984||1360515071||1109653200||ie||
1361035680||1361035683||1109653200||ie||
1361035924||1361035927||1109653200||ie||
1361035936||1361035939||1109653200||ie||
1361036032||1361036039||1109653200||ie||
1361036292||1361036295||1109653200||ie||
1368432928||1368432943||1109653200||ie||
1375798336||1375798351||1109653200||ie||
1384418048||1384418303||1109653200||ie||
1384418560||1384418815||1109653200||ie||
1384419072||1384419327||1109653200||ie||
1384431616||1384447999||1109653200||ie||
1385021440||1385037823||1109653200||ie||
1385563136||1385563647||1109653200||ie||
1385567232||1385568255||1109653200||ie||
1388388600||1388388607||1109653200||ie||
1388388860||1388388867||1109653200||ie||
1388388968||1388388975||1109653200||ie||
1388389100||1388390143||1109653200||ie||
1388391040||1388396543||1109653200||ie||
1388544000||1388552191||1109653200||ie||
1388740608||1388748799||1109653200||ie||
1397096448||1397227519||1109653200||ie||
1398967872||1398967903||1109653200||ie||
1398972416||1398972671||1109653200||ie||
1398973952||1398974207||1109653200||ie||
1401432064||1401434111||1109653200||ie||
1401464832||1401466879||1109653200||ie||
1401493504||1401495551||1109653200||ie||
1401554944||1401556991||1109653200||ie||
1401765888||1401782271||1109653200||ie||
1402175488||1402191871||1109653200||ie||
1403510784||1403518975||1109653200||ie||
1406271488||1406337023||1109653200||ie||
1406976000||1406984191||1109653200||ie||
1410506752||1410514943||1109653200||ie||
1422589952||1422655487||1109653200||ie||
1422917632||1423441919||1109653200||ie||
1425455104||1425457151||1109653200||ie||
1432027136||1432035327||1109653200||ie||
1434877952||1434910719||1109653200||ie||
1436487680||1436489727||1109653200||ie||
1445462016||1445724159||1117924912||ie||
1461714944||1462763519||1158288097||ie||
1472200704||1472266239||1128213683||ie||
1472593920||1472659455||1150428579||ie||
1474822144||1474854911||1127452719||ie||
1482137600||1482145791||1145936066||ie||
1486297088||1486299135||1148707175||ie||
1486311424||1486312447||1156470946||ie||
1499725824||1499856895||1155176012||ie||
1501300224||1501300735||1153107623||ie||
1501304320||1501304831||1159490344||ie||
1505239040||1505239295||1148184739||ie||
2262106112||2262171647||1109653200||ie||
2262958080||2263023615||1109653200||ie||
2294874112||2294939647||1109653200||ie||
2295201792||2295267327||1109653200||ie||
2301296640||2301362175||1109653200||ie||
2310995968||2311061503||1109653200||ie||
2362114048||2362179583||1109653200||ie||
2402222080||2402287615||1109653200||ie||
2414804992||2414870527||1109653200||ie||
2482765824||2482831359||1109653200||ie||
2509832192||2509897727||1109653200||ie||
2510094336||2510159871||1109653200||ie||
2646474752||2646540287||1109653200||ie||
2676359168||2676424703||1109653200||ie||
2684747776||2684813311||1109653200||ie||
3223572224||3223572479||1109653200||ie||
3225617152||3225617407||1109653200||ie||
3225673472||3225673727||1109653200||ie||
3228080640||3228080895||1109653200||ie||
3228265984||3228266239||1109653200||ie||
3228509952||3228510207||1109653200||ie||
3229276160||3229281023||1109653200||ie||
3230130432||3230130687||1109653200||ie||
3231673600||3231673855||1109653200||ie||
3231675904||3231676159||1109653200||ie||
3231713792||3231714047||1109653200||ie||
3233578752||3233579007||1109653200||ie||
3234015744||3234015999||1109653200||ie||
3238068224||3238133759||1109653200||ie||
3239714304||3239714559||1109653200||ie||
3240693760||3240695807||1109653200||ie||
3240755200||3240755455||1109653200||ie||
3244261376||3244273687||1109653200||ie||
3244273696||3244274279||1109653200||ie||
3244274288||3244277359||1109653200||ie||
3244277368||3244277759||1109653200||ie||
3245298176||3245298431||1109653200||ie||
3245320960||3245321215||1109653200||ie||
3245867008||3245899343||1109653200||ie||
3245899352||3245905119||1109653200||ie||
3245905128||3245906367||1109653200||ie||
3245906432||3245910831||1109653200||ie||
3245910848||3245931263||1109653200||ie||
3245931520||3245932543||1109653200||ie||
3247072256||3247072511||1109653200||ie||
3247075072||3247075327||1109653200||ie||
3249668352||3249676799||1109653200||ie||
3249677312||3249679103||1109653200||ie||
3249679360||3249683455||1109653200||ie||
3249684480||3249698047||1109653200||ie||
3250405888||3250406399||1122091526||ie||
3250588672||3250588799||1109653200||ie||
3250589440||3250589471||1109653200||ie||
3250693376||3250694399||1109653200||ie||
3250754480||3250754495||1109653200||ie||
3251339264||3251347455||1109653200||ie||
3253890816||3253891071||1109653200||ie||
3255369728||3255386111||1109653200||ie||
3255476736||3255476991||1109653200||ie||
3256698480||3256698495||1109653200||ie||
3259345152||3259345407||1109653200||ie||
3259352576||3259353087||1109653200||ie||
3259534848||3259534863||1109653200||ie||
3259601152||3259601407||1109653200||ie||
3260548096||3260548351||1109653200||ie||
3261759488||3261767679||1109653200||ie||
3262475608||3262475611||1109653200||ie||
3262475812||3262475815||1109653200||ie||
3262478753||3262478753||1109653200||ie||
3262478946||3262478946||1109653200||ie||
3262478988||3262478988||1109653200||ie||
3262479405||3262479405||1109653200||ie||
3262479556||3262479556||1109653200||ie||
3262480227||3262480227||1109653200||ie||
3262971904||3263029247||1109653200||ie||
3263507968||3263508223||1109653200||ie||
3263509792||3263509807||1109653200||ie||
3263522048||3263522303||1109653200||ie||
3263530752||3263531007||1109653200||ie||
3264315392||3264317439||1109653200||ie||
3264564224||3264565247||1109653200||ie||
3265634304||3265642495||1109653200||ie||
3267498240||3267498495||1109653200||ie||
3267634432||3267634559||1109653200||ie||
3267641344||3267641855||1109653200||ie||
3267662848||3267662887||1109653200||ie||
3267662896||3267662951||1109653200||ie||
3267662960||3267663103||1109653200||ie||
3267666544||3267666559||1109653200||ie||
3267687936||3267688191||1109653200||ie||
3271371264||3271371519||1109653200||ie||
3271403920||3271403935||1109653200||ie||
3271424080||3271424095||1109653200||ie||
3272024064||3272032255||1109653200||ie||
3272213576||3272213583||1109653200||ie||
3272216456||3272216463||1109653200||ie||
3272227840||3272228095||1109653200||ie||
3272228384||3272228399||1109653200||ie||
3272653448||3272653455||1109653200||ie||
3272704256||3272705279||1109653200||ie||
3272705536||3272707071||1109653200||ie||
3272707328||3272707583||1109653200||ie||
3273264128||3273264639||1109653200||ie||
3273330184||3273330191||1109653200||ie||
3274958080||3274958279||1109653200||ie||
3274958288||3274958335||1109653200||ie||
3274963168||3274963183||1109653200||ie||
3276528896||3276529151||1109653200||ie||
3276533760||3276533775||1109653200||ie||
3276533824||3276533887||1109653200||ie||
3276533920||3276534015||1109653200||ie||
3276774112||3276774143||1109653200||ie||
3276785152||3276785407||1109653200||ie||
3276785464||3276785471||1109653200||ie||
3276788736||3276788863||1109653200||ie||
3276790272||3276790527||1109653200||ie||
3276793280||3276793343||1109653200||ie||
3278939008||3278939011||1109653200||ie||
3278939420||3278939423||1109653200||ie||
3278940388||3278940391||1109653200||ie||
3278942905||3278942905||1109653200||ie||
3278943799||3278943799||1109653200||ie||
3278943869||3278943869||1109653200||ie||
3278944132||3278944132||1109653200||ie||
3278944150||3278944150||1109653200||ie||
3278945864||3278945864||1109653200||ie||
3279294720||3279294975||1109653200||ie||
3280017088||3280017151||1109653200||ie||
3280020480||3280020735||1109653200||ie||
3280027136||3280027391||1109653200||ie||
3280031744||3280031999||1109653200||ie||
3281578432||3281578447||1109653200||ie||
3282805728||3282805759||1109653200||ie||
3283559040||3283559167||1109653200||ie||
3283584064||3283584127||1109653200||ie||
3283585680||3283585695||1109653200||ie||
3283585792||3283586047||1109653200||ie||
3283587904||3283587967||1109653200||ie||
3283598656||3283598687||1109653200||ie||
3283599616||3283599871||1109653200||ie||
3283601376||3283601391||1109653200||ie||
3285529632||3285529663||1109653200||ie||
3285530984||3285530991||1109653200||ie||
3285534832||3285534927||1109653200||ie||
3285538760||3285538763||1109653200||ie||
3285539584||3285539711||1109653200||ie||
3285540208||3285540215||1109653200||ie||
3285559808||3285559839||1109653200||ie||
3285868544||3285876735||1109653200||ie||
3287636480||3287636991||1109653200||ie||
3287669504||3287669759||1109653200||ie||
3437752320||3437752575||1109653200||ie||
3437756160||3437756415||1109653200||ie||
3500274176||3500274239||1109653200||ie||
3510897443||3510897443||1109653200||ie||
3556941824||3556950015||1109653200||ie||
3557892096||3557900287||1109653200||ie||
3560939768||3560939771||1109653200||ie||
3560940216||3560940219||1109653200||ie||
3560940548||3560940551||1109653200||ie||
3560940752||3560940755||1109653200||ie||
3560941348||3560941351||1109653200||ie||
3560941384||3560941387||1109653200||ie||
3560943146||3560943146||1109653200||ie||
3560943261||3560943261||1109653200||ie||
3560943759||3560943759||1109653200||ie||
3560944828||3560944831||1109653200||ie||
3561618176||3561618431||1109653200||ie||
3564666880||3564668943||1109653200||ie||
3564668992||3564669103||1109653200||ie||
3564669120||3564669183||1109653200||ie||
3564669248||3564669343||1109653200||ie||
3564669360||3564669407||1109653200||ie||
3564669440||3564670207||1109653200||ie||
3564670240||3564671615||1109653200||ie||
3564671632||3564672543||1109653200||ie||
3564672560||3564673023||1109653200||ie||
3564673056||3564673135||1109653200||ie||
3564673216||3564673407||1109653200||ie||
3564673664||3564673791||1109653200||ie||
3564673808||3564673823||1109653200||ie||
3564673840||3564673855||1109653200||ie||
3564673920||3564674047||1109653200||ie||
3564674432||3564675071||1109653200||ie||
3564726064||3564726079||1109653200||ie||
3565096760||3565096767||1109653200||ie||
3565240320||3565248511||1109653200||ie||
3565486080||3565486335||1109653200||ie||
3565491232||3565491247||1109653200||ie||
3565492296||3565492303||1109653200||ie||
3565497104||3565497119||1109653200||ie||
3565497152||3565497159||1109653200||ie||
3565497904||3565497911||1109653200||ie||
3565500568||3565500575||1109653200||ie||
3565501680||3565501695||1109653200||ie||
3566436352||3566469119||1109653200||ie||
3569732704||3569732719||1109653200||ie||
3569733008||3569733023||1109653200||ie||
3569733776||3569733791||1109653200||ie||
3573175712||3573175727||1109653200||ie||
3573208512||3573208543||1109653200||ie||
3575626600||3575626607||1109653200||ie||
3575631200||3575631207||1109653200||ie||
3575639012||3575639023||1109653200||ie||
3577668640||3577668671||1109653200||ie||
3577668736||3577668799||1109653200||ie||
3578732544||3578740735||1109653200||ie||
3579200192||3579200223||1109653200||ie||
3579241152||3579241215||1109653200||ie||
3579487872||3579487887||1109653200||ie||
3579740160||3579772927||1109653200||ie||
3580473368||3580473399||1109653200||ie||
3580473504||3580473511||1109653200||ie||
3580473520||3580473535||1109653200||ie||
3580473680||3580473727||1109653200||ie||
3580473760||3580473887||1109653200||ie||
3580473896||3580473903||1109653200||ie||
3580473952||3580473959||1109653200||ie||
3580473968||3580473983||1109653200||ie||
3580474000||3580474007||1109653200||ie||
3580474016||3580474047||1109653200||ie||
3580474096||3580474111||1109653200||ie||
3580474368||3580474431||1109653200||ie||
3580474496||3580474559||1109653200||ie||
3580474640||3580474647||1109653200||ie||
3580474656||3580474671||1109653200||ie||
3580474688||3580474703||1109653200||ie||
3580474720||3580474735||1109653200||ie||
3580474768||3580474783||1109653200||ie||
3580474808||3580474879||1109653200||ie||
3580475056||3580475071||1109653200||ie||
3580475080||3580475087||1109653200||ie||
3580475124||3580475127||1109653200||ie||
3580475344||3580475351||1109653200||ie||
3581150368||3581150463||1109653200||ie||
3581159424||3581161471||1109653200||ie||
3581197312||3581197567||1109653200||ie||
3582080144||3582080151||1109653200||ie||
3582571648||3582571671||1109653200||ie||
3582571680||3582571691||1109653200||ie||
3582571696||3582571707||1109653200||ie||
3582571712||3582571751||1109653200||ie||
3582571768||3582571839||1109653200||ie||
3582571980||3582571991||1109653200||ie||
3582572000||3582572015||1109653200||ie||
3583574016||3583582207||1109653200||ie||
3584000000||3584008191||1109653200||ie||
3584614400||3584622591||1109653200||ie||
3586031616||3586039807||1109653200||ie||
3586121728||3586129919||1109653200||ie||
3586621440||3586625535||1109653200||ie||
3586678272||3586678303||1109653200||ie||
3586818048||3586834431||1109653200||ie||
3588849664||3588857855||1109653200||ie||
3589433504||3589433535||1109653200||ie||
3589433600||3589434111||1109653200||ie||
3589747168||3589747199||1109653200||ie||
3590249472||3590249727||1109653200||ie||
3641450496||3641454591||1109653200||ie||
3645079552||3645083647||1109653200||ie||
3645517824||3645521919||1109653200||ie||
3645571072||3645575167||1109653200||ie||
3645763589||3645763589||1109653200||ie||
3645763694||3645763694||1109653200||ie||
3645763788||3645763788||1109653200||ie||
3645763912||3645763912||1109653200||ie||
3645764085||3645764085||1109653200||ie||
3645764341||3645764341||1109653200||ie||
3645764347||3645764347||1109653200||ie||
3645765560||3645765563||1109653200||ie||
3645765592||3645765595||1109653200||ie||
3645767680||3645771775||1109653200||ie||
3648033024||3648033055||1109653200||ie||
3648167936||3648172031||1109653200||ie||
3648221184||3648225279||1109653200||ie||
3651095040||3651095551||1109653200||ie||
3651096960||3651097087||1109653200||ie||
3651097600||3651097727||1109653200||ie||
3651098112||3651098239||1109653200||ie||
3651099136||3651099263||1109653200||ie||
3651099776||3651099903||1109653200||ie||
3651101056||3651101183||1109653200||ie||
3652018176||3652018687||1109653200||ie||
3652018944||3652019455||1109653200||ie||
3652019472||3652020735||1109653200||ie||
3652020768||3652020991||1109653200||ie||
3652021024||3652022271||1109653200||ie||
3652046848||3652050943||1109653200||ie||
