--||--||--||il||Israel
332132120||332132127||1109653200||il||
544301568||544302079||1109653200||il||
1040187392||1040252927||1109653200||il||
1043894016||1043896319||1109653200||il||
1043909120||1043909631||1109653200||il||
1043910144||1043910399||1109653200||il||
1043921152||1043921407||1109653200||il||
1043921920||1043922943||1109653200||il||
1044692992||1044693503||1109653200||il||
1044694784||1044695039||1109653200||il||
1044695808||1044698111||1109653200||il||
1044698880||1044699135||1109653200||il||
1044699904||1044700159||1109653200||il||
1044700928||1044701183||1109653200||il||
1046085632||1046151167||1109653200||il||
1046318592||1046319103||1109653200||il||
1048584192||1048592383||1109653200||il||
1052250688||1052250719||1109653200||il||
1052288288||1052288295||1109653200||il||
1053353984||1053355007||1109653200||il||
1053894784||1053894815||1109653200||il||
1054539776||1054605311||1109653200||il||
1075515904||1075516159||1109653200||il||
1346797568||1346801663||1109653200||il||
1347051520||1347059711||1109653200||il||
1353842688||1353933823||1109653200||il||
1353934072||1353934079||1109653200||il||
1353934136||1353934143||1109653200||il||
1353934584||1353934591||1109653200||il||
1353934848||1353934855||1109653200||il||
1353935104||1353935615||1109653200||il||
1353935864||1353956607||1109653200||il||
1353957290||1353957345||1109653200||il||
1353957376||1353968639||1109653200||il||
1353969344||1353969919||1109653200||il||
1353970624||1353970655||1109653200||il||
1353970704||1353970943||1109653200||il||
1353971200||1353971967||1109653200||il||
1353972608||1353972735||1109653200||il||
1353972992||1353973247||1109653200||il||
1353973256||1353973263||1109653200||il||
1353973280||1353973287||1109653200||il||
1357250560||1357316095||1109653200||il||
1358209024||1358209303||1109653200||il||
1358209312||1358209327||1109653200||il||
1358209336||1358209415||1109653200||il||
1358209424||1358213119||1109653200||il||
1358331904||1358335999||1109653200||il||
1358904552||1358904559||1109653200||il||
1359282176||1359298559||1109653200||il||
1361036472||1361036475||1109653200||il||
1371996160||1371997183||1109653200||il||
1372004352||1372012543||1109653200||il||
1372024832||1372026367||1109653200||il||
1372026880||1372027903||1109653200||il||
1372032512||1372035071||1109653200||il||
1372037120||1372059647||1109653200||il||
1372060160||1372061695||1109653200||il||
1373241344||1373306879||1109653200||il||
1380974592||1381105663||1109653200||il||
1382449152||1382465535||1109653200||il||
1386610688||1386676223||1109653200||il||
1401028608||1401094143||1109653200||il||
1415446528||1415577599||1109653200||il||
1416364032||1416626175||1109653200||il||
1424228352||1424359423||1109653200||il||
1430257664||1430388735||1109653200||il||
1434615808||1434648575||1109653200||il||
1442447360||1442512895||1109653200||il||
1464074240||1464336383||1134106609||il||
1486356480||1486422015||1139372357||il||
1486422016||1486487551||1140753793||il||
1486487552||1486553087||1139983585||il||
1486553088||1486574847||1141188978||il||
1486574848||1486596607||1142058068||il||
1486596608||1486618623||1141276036||il||
1493172224||1493303295||1148008391||il||
1502216192||1502347263||1148184704||il||
2156593152||2156658687||1109653200||il||
2218786816||2219769855||1109653200||il||
2324037632||2324103167||1109653200||il||
2338084864||2338085375||1109653200||il||
2338085632||2338086143||1109653200||il||
2338087424||2338087679||1109653200||il||
2338108928||2338109951||1109653200||il||
2338115072||2338115839||1109653200||il||
2338126592||2338127359||1109653200||il||
2380398592||2380464127||1109653200||il||
2476802048||2476867583||1109653200||il||
2481520640||2481848319||1109653200||il||
2503016448||2503081983||1109653200||il||
2816009216||2816010239||1109653200||il||
3226867968||3226868223||1109653200||il||
3226884352||3226884607||1109653200||il||
3228696576||3228830207||1109653200||il||
3228831744||3228844287||1109653200||il||
3228845568||3228845823||1109653200||il||
3228846080||3228846335||1109653200||il||
3228846592||3228847359||1109653200||il||
3228847616||3228847871||1109653200||il||
3228848896||3228849407||1109653200||il||
3228849664||3228849919||1109653200||il||
3228850688||3228850943||1109653200||il||
3228851200||3228851711||1109653200||il||
3228851968||3228852735||1109653200||il||
3228853248||3228853567||1109653200||il||
3228853600||3228853759||1109653200||il||
3228854016||3228854271||1109653200||il||
3228855296||3228855807||1109653200||il||
3228856064||3228856319||1109653200||il||
3228857856||3228858111||1109653200||il||
3228858368||3228858623||1109653200||il||
3228859648||3228859903||1109653200||il||
3228860928||3228861695||1109653200||il||
3228862976||3228863231||1109653200||il||
3228863488||3228863743||1109653200||il||
3228864000||3228864255||1109653200||il||
3228864512||3228866815||1109653200||il||
3228868096||3229024255||1109653200||il||
3229938688||3229938943||1109653200||il||
3229950976||3229951231||1109653200||il||
3231775744||3231775999||1109653200||il||
3233629696||3233629951||1109653200||il||
3234747904||3234748159||1109653200||il||
3234782720||3234783999||1109653200||il||
3239088896||3239089151||1109653200||il||
3239127552||3239127807||1109653200||il||
3239134208||3239134463||1109653200||il||
3239135744||3239135999||1109653200||il||
3239464960||3239465215||1109653200||il||
3239795712||3239796223||1109653200||il||
3239877376||3239877631||1109653200||il||
3240009984||3240010239||1109653200||il||
3240741376||3240741631||1109653200||il||
3240742912||3240743423||1109653200||il||
3240883200||3240884223||1109653200||il||
3245130496||3245130751||1109653200||il||
3245134592||3245134847||1109653200||il||
3245167104||3245167359||1109653200||il||
3247070208||3247070463||1109653200||il||
3249724416||3249724671||1109653200||il||
3251215232||3251215359||1109653200||il||
3254701568||3254702079||1109653200||il||
3256688640||3256692735||1109653200||il||
3260678144||3260743679||1109653200||il||
3262439936||3262440447||1109653200||il||
3262440960||3262441471||1109653200||il||
3262476048||3262476055||1109653200||il||
3262476532||3262476535||1109653200||il||
3262478159||3262478159||1109653200||il||
3262478452||3262478452||1109653200||il||
3262479125||3262479125||1109653200||il||
3262479553||3262479553||1109653200||il||
3263543296||3263545343||1109653200||il||
3264666112||3264666623||1109653200||il||
3264832768||3264833023||1109653200||il||
3265369344||3265369599||1109653200||il||
3267508736||3267508991||1109653200||il||
3267556864||3267557375||1109653200||il||
3267557888||3267558399||1109653200||il||
3271382528||3271383039||1109653200||il||
3271786496||3271819263||1109653200||il||
3272130560||3272138751||1109653200||il||
3272426656||3272426671||1109653200||il||
3273036800||3273037311||1109653200||il||
3273434624||3273435135||1109653200||il||
3273438208||3273438719||1109653200||il||
3275624960||3275625471||1109653200||il||
3276305408||3276308479||1109653200||il||
3276751232||3276751295||1109653200||il||
3276785664||3276785791||1109653200||il||
3277464832||3277465087||1109653200||il||
3277472608||3277472623||1109653200||il||
3277841920||3277842431||1109653200||il||
3278943549||3278943549||1109653200||il||
3278943742||3278943742||1109653200||il||
3278943875||3278943875||1109653200||il||
3279295744||3279295999||1109653200||il||
3279990784||3279991295||1109653200||il||
3280583680||3280583935||1159162081||il||
3282104320||3282105343||1109653200||il||
3283184640||3283185663||1109653200||il||
3283651520||3283651583||1109653200||il||
3285516720||3285516735||1109653200||il||
3285526016||3285526023||1109653200||il||
3285527456||3285527487||1109653200||il||
3285527552||3285527615||1109653200||il||
3285529200||3285529215||1109653200||il||
3285531552||3285531567||1109653200||il||
3285533952||3285534079||1109653200||il||
3285536576||3285536607||1109653200||il||
3285536756||3285536759||1109653200||il||
3285537024||3285537087||1109653200||il||
3285540112||3285540127||1109653200||il||
3285544192||3285544255||1109653200||il||
3285548840||3285548847||1109653200||il||
3285555328||3285555455||1109653200||il||
3285573888||3285573951||1109653200||il||
3285574400||3285574655||1109653200||il||
3285574912||3285575167||1109653200||il||
3285575424||3285575679||1109653200||il||
3286932992||3286933503||1109653200||il||
3287447040||3287447551||1109653200||il||
3287641088||3287641599||1109653200||il||
3351971840||3351972095||1109653200||il||
3351972864||3351973119||1109653200||il||
3351975936||3351976447||1109653200||il||
3351976704||3351976959||1109653200||il||
3351979520||3351979583||1109653200||il||
3351986944||3351987199||1109653200||il||
3351995648||3351995903||1109653200||il||
3351996928||3351997439||1109653200||il||
3352004352||3352004607||1109653200||il||
3352005888||3352006143||1109653200||il||
3352006400||3352006527||1109653200||il||
3352006592||3352006655||1109653200||il||
3352007360||3352007367||1109653200||il||
3352007392||3352007423||1109653200||il||
3352007584||3352007679||1109653200||il||
3352007968||3352008063||1109653200||il||
3352009312||3352009343||1109653200||il||
3352010816||3352010879||1109653200||il||
3352011200||3352011263||1109653200||il||
3352014720||3352014847||1109653200||il||
3352014928||3352014943||1109653200||il||
3352014976||3352015103||1109653200||il||
3352015840||3352015871||1109653200||il||
3352016000||3352016127||1109653200||il||
3352020672||3352020703||1109653200||il||
3352020736||3352020863||1109653200||il||
3352023040||3352023167||1109653200||il||
3352023344||3352023359||1109653200||il||
3352023680||3352023807||1109653200||il||
3352024320||3352024447||1109653200||il||
3352025088||3352025215||1109653200||il||
3352026624||3352026751||1109653200||il||
3352027296||3352027327||1109653200||il||
3352028800||3352028927||1109653200||il||
3352030048||3352030079||1109653200||il||
3352030144||3352030175||1109653200||il||
3352030384||3352030399||1109653200||il||
3352032720||3352032735||1109653200||il||
3352034304||3352034815||1109653200||il||
3426013184||3426013439||1109653200||il||
3459341824||3459342079||1109653200||il||
3488089120||3488089343||1109653200||il||
3488089888||3488089983||1109653200||il||
3488090528||3488090559||1109653200||il||
3488090624||3488090687||1109653200||il||
3488090720||3488090879||1109653200||il||
3488090944||3488090975||1109653200||il||
3488091648||3488091775||1109653200||il||
3488092944||3488092959||1109653200||il||
3488092992||3488093055||1109653200||il||
3488093376||3488093407||1109653200||il||
3488093952||3488094015||1109653200||il||
3488094720||3488094735||1109653200||il||
3488094752||3488094783||1109653200||il||
3488094832||3488094847||1109653200||il||
3488095040||3488095119||1109653200||il||
3507685168||3507685183||1109653200||il||
3512244992||3512246015||1109653200||il||
3512249344||3512256511||1109653200||il||
3557015552||3557023743||1109653200||il||
3558417280||3558417407||1109653200||il||
3558424576||3558440959||1109653200||il||
3558719488||3558735871||1109653200||il||
3560940396||3560940399||1109653200||il||
3560943117||3560943117||1109653200||il||
3560943202||3560943202||1109653200||il||
3560944712||3560944715||1109653200||il||
3561259008||3561267199||1109653200||il||
3561848832||3561857023||1109653200||il||
3564412928||3564421119||1109653200||il||
3564470272||3564478463||1109653200||il||
3566141440||3566206975||1109653200||il||
3566600192||3566665727||1109653200||il||
3567716608||3567716639||1109653200||il||
3568500736||3568566271||1109653200||il||
3569811456||3569830463||1109653200||il||
3569830528||3569839231||1109653200||il||
3569839360||3569839487||1109653200||il||
3569839616||3569858559||1109653200||il||
3569858816||3569873279||1109653200||il||
3569873408||3569875711||1109653200||il||
3569875752||3569875775||1109653200||il||
3569875968||3569876479||1109653200||il||
3569876736||3569876991||1109653200||il||
3572170752||3572203519||1109653200||il||
3574071296||3574136831||1109653200||il||
3575630592||3575630847||1109653200||il||
3575631872||3575632639||1109653200||il||
3577282560||3577329407||1109653200||il||
3577329472||3577348095||1109653200||il||
3582542080||3582543615||1109653200||il||
3582543872||3582544639||1109653200||il||
3582544896||3582546431||1109653200||il||
3582546688||3582550015||1109653200||il||
3583442944||3583451135||1109653200||il||
3583533056||3583533823||1109653200||il||
3583534802||3583537663||1109653200||il||
3583537920||3583538687||1109653200||il||
3583539520||3583539967||1109653200||il||
3583540097||3583540223||1109653200||il||
3584892928||3584901119||1109653200||il||
3585548288||3585556479||1109653200||il||
3585941504||3585949695||1109653200||il||
3587096576||3587112959||1109653200||il||
3589750784||3589761535||1109653200||il||
3628605440||3628608511||1109653200||il||
3628627200||3628627455||1109653200||il||
3639258678||3639258678||1109653200||il||
3642048512||3642049535||1109653200||il||
3642053120||3642053439||1109653200||il||
3642053632||3642055935||1109653200||il||
3642126336||3642130431||1109653200||il||
3645763649||3645763649||1109653200||il||
3645763766||3645763766||1109653200||il||
3645763915||3645763915||1109653200||il||
3645765540||3645765543||1109653200||il||
3649306624||3649372159||1109653200||il||
3653419008||3653423103||1109653200||il||
