--||--||--||it||Italy
289011536||289011543||1109653200||it||
355993888||355993895||1109653200||it||
1040457728||1040465919||1109653200||it||
1040843008||1040973823||1109653200||it||
1041080320||1041088511||1109653200||it||
1042300288||1042300351||1109653200||it||
1043341312||1043349503||1109653200||it||
1045241856||1045250047||1109653200||it||
1045798912||1045807103||1109653200||it||
1045823488||1045889023||1109653200||it||
1046315520||1046316031||1109653200||it||
1046347776||1046349839||1109653200||it||
1046349848||1046352831||1109653200||it||
1046352848||1046413311||1109653200||it||
1046544384||1046560767||1109653200||it||
1046609920||1046675455||1109653200||it||
1046757376||1046765567||1109653200||it||
1046806528||1046814719||1109653200||it||
1046822912||1046847487||1109653200||it||
1047322624||1047330815||1109653200||it||
1047396352||1047461887||1109653200||it||
1047806032||1047806047||1109653200||it||
1048182784||1048313855||1109653200||it||
1048592384||1048600575||1109653200||it||
1048641536||1048649727||1109653200||it||
1048911872||1048920063||1109653200||it||
1049777952||1049777959||1109653200||it||
1049778496||1049778523||1109653200||it||
1049778960||1049778967||1109653200||it||
1049985024||1050017791||1109653200||it||
1050157056||1050165247||1109653200||it||
1050173440||1050189823||1109653200||it||
1050664912||1050664919||1109653200||it||
1051271168||1051279359||1109653200||it||
1051566080||1051574271||1109653200||it||
1051576000||1051576015||1109653200||it||
1051787264||1051795455||1109653200||it||
1052249376||1052249407||1109653200||it||
1052250720||1052250735||1109653200||it||
1052252896||1052252927||1109653200||it||
1052264640||1052264703||1109653200||it||
1052265472||1052265519||1109653200||it||
1052265600||1052265983||1109653200||it||
1052268672||1052268703||1109653200||it||
1052274944||1052275199||1109653200||it||
1052276736||1052278207||1109653200||it||
1052278272||1052278783||1109653200||it||
1052311904||1052311935||1109653200||it||
1052314832||1052314847||1109653200||it||
1052315072||1052315103||1109653200||it||
1052316768||1052316799||1109653200||it||
1052317632||1052317663||1109653200||it||
1052328224||1052328255||1109653200||it||
1052332032||1052333103||1109653200||it||
1052333312||1052334751||1109653200||it||
1052334848||1052335423||1109653200||it||
1052340544||1052340575||1109653200||it||
1052344896||1052344959||1109653200||it||
1052345248||1052345279||1109653200||it||
1052345632||1052345663||1109653200||it||
1052352928||1052352959||1109653200||it||
1052353024||1052353279||1109653200||it||
1052359872||1052359935||1109653200||it||
1052360784||1052360831||1109653200||it||
1052361728||1052361919||1109653200||it||
1052361952||1052361967||1109653200||it||
1052361984||1052362239||1109653200||it||
1052369024||1052369039||1109653200||it||
1052369088||1052369151||1109653200||it||
1052370624||1052370687||1109653200||it||
1052390456||1052390463||1109653200||it||
1052397568||1052399039||1109653200||it||
1052399104||1052399903||1109653200||it||
1052399936||1052399999||1109653200||it||
1052400128||1052401151||1109653200||it||
1052401280||1052401311||1109653200||it||
1052402272||1052402303||1109653200||it||
1052403392||1052403407||1109653200||it||
1052416704||1052416735||1109653200||it||
1052417120||1052417151||1109653200||it||
1052419584||1052420031||1109653200||it||
1052420064||1052420095||1109653200||it||
1052427856||1052427871||1109653200||it||
1052483584||1052483999||1109653200||it||
1052484032||1052485279||1109653200||it||
1052485312||1052485631||1109653200||it||
1052684576||1052684607||1109653200||it||
1053032448||1053097983||1109653200||it||
1053296640||1053297055||1109653200||it||
1053297072||1053297151||1109653200||it||
1053655040||1053663231||1109653200||it||
1053753344||1053818879||1109653200||it||
1054015488||1054089215||1109653200||it||
1054613504||1054629887||1109653200||it||
1054703616||1054719999||1109653200||it||
1055469064||1055469067||1109653200||it||
1055981568||1055989759||1109653200||it||
1056514048||1056522239||1109653200||it||
1123816192||1123816319||1109653200||it||
1123816448||1123816575||1109653200||it||
1160973376||1160973391||1109653200||it||
1343225856||1343750143||1147923273||it||
1346400256||1346404351||1109653200||it||
1346473984||1346478079||1109653200||it||
1346555904||1346559999||1109653200||it||
1346596864||1346600959||1109653200||it||
1346650112||1346654207||1109653200||it||
1346670592||1346674687||1109653200||it||
1346678784||1346686975||1109653200||it||
1346793472||1346797567||1109653200||it||
1346887680||1346891775||1109653200||it||
1346920448||1346924543||1109653200||it||
1346936832||1346940927||1109653200||it||
1347003520||1347003527||1109653200||it||
1347018752||1347022847||1109653200||it||
1347072000||1347076095||1109653200||it||
1347162112||1347166207||1109653200||it||
1347174400||1347186687||1109653200||it||
1347428352||1347432447||1109653200||it||
1347551232||1347555327||1109653200||it||
1347600384||1347604479||1109653200||it||
1347657728||1347661823||1109653200||it||
1347665920||1347670015||1109653200||it||
1347706880||1347710975||1109653200||it||
1347825664||1347829759||1119505772||it||
1347985408||1347989503||1109653200||it||
1348288512||1348292607||1109653200||it||
1348304896||1348308991||1109653200||it||
1348366336||1348370431||1157513970||it||
1348993024||1349124095||1109653200||it||
1349779456||1349910527||1109653200||it||
1351879632||1351879639||1109653200||it||
1351880000||1351880031||1109653200||it||
1352011448||1352011455||1109653200||it||
1352144520||1352144527||1109653200||it||
1352144536||1352144543||1109653200||it||
1352277536||1352277567||1109653200||it||
1353973760||1354235903||1109653200||it||
1354687400||1354687407||1109653200||it||
1354687456||1354687487||1109653200||it||
1355546624||1355808767||1109653200||it||
1357321216||1357321471||1109653200||it||
1357512704||1357545471||1109653200||it||
1358012416||1358016511||1109653200||it||
1358028800||1358032895||1109653200||it||
1358116896||1358116911||1109653200||it||
1358381056||1358384127||1109653200||it||
1358384144||1358385151||1109653200||it||
1358741504||1358745599||1109653200||it||
1358749696||1358753791||1109653200||it||
1358766080||1358770175||1109653200||it||
1358872576||1358876671||1109653200||it||
1360363520||1360367615||1109653200||it||
1360584704||1360588799||1109653200||it||
1360617472||1360621567||1109653200||it||
1360707584||1360711679||1109653200||it||
1360756736||1360760831||1109653200||it||
1360904192||1360908287||1109653200||it||
1360912384||1360916479||1109653200||it||
1360920576||1360924671||1109653200||it||
1360928768||1360932863||1109653200||it||
1360936960||1360941055||1109653200||it||
1361002496||1361006591||1109653200||it||
1361035528||1361035535||1109653200||it||
1361035736||1361035743||1109653200||it||
1361035784||1361035787||1109653200||it||
1361035816||1361035823||1109653200||it||
1361036088||1361036095||1109653200||it||
1361036244||1361036247||1109653200||it||
1361036288||1361036291||1109653200||it||
1361036300||1361036303||1109653200||it||
1361036372||1361036375||1109653200||it||
1361036480||1361036487||1109653200||it||
1361036516||1361036523||1109653200||it||
1361036528||1361036531||1109653200||it||
1363673088||1363935231||1109653200||it||
1364053512||1364053519||1109653200||it||
1364262912||1364328447||1109653200||it||
1364779008||1364783103||1109653200||it||
1364783104||1364785151||1126817659||it||
1364785152||1364786175||1162442900||it||
1364992000||1364996095||1109653200||it||
1366294528||1367343103||1109653200||it||
1370357760||1370390527||1109653200||it||
1372094464||1372098559||1109653200||it||
1372119040||1372123135||1109653200||it||
1372127232||1372131327||1109653200||it||
1372585984||1372610047||1109653200||it||
1372610304||1372618751||1109653200||it||
1378877440||1379926015||1109653200||it||
1381236736||1381367807||1109653200||it||
1381498880||1381761023||1109653200||it||
1382212128||1382212143||1109653200||it||
1382547456||1382809599||1109653200||it||
1383120896||1383129087||1109653200||it||
1383186432||1383194623||1109653200||it||
1383309312||1383317503||1109653200||it||
1383538688||1383546879||1109653200||it||
1383579648||1383587839||1109653200||it||
1385103360||1385119743||1109653200||it||
1385259008||1385267199||1109653200||it||
1385275392||1385283583||1109653200||it||
1387790336||1388314623||1109653200||it||
1388380160||1388388351||1109653200||it||
1389707264||1389723647||1109653200||it||
1389854720||1389871103||1109653200||it||
1399259136||1399291903||1109653200||it||
1401448448||1401450495||1109653200||it||
1401458688||1401460735||1109653200||it||
1401485312||1401487359||1109653200||it||
1401501696||1401503743||1109653200||it||
1401513984||1401516031||1109653200||it||
1401518080||1401520127||1109653200||it||
1401528320||1401530367||1109653200||it||
1401546752||1401548799||1109653200||it||
1401667584||1401683967||1109653200||it||
1402159104||1402175487||1109653200||it||
1402306560||1402322943||1109653200||it||
1403977728||1403994111||1109653200||it||
1404043264||1404051455||1109653200||it||
1404059648||1404076031||1109653200||it||
1406337024||1406402559||1109653200||it||
1406705664||1406713855||1109653200||it||
1406926848||1406935039||1109653200||it||
1407016960||1407025151||1109653200||it||
1407188992||1407320063||1109653200||it||
1407614944||1407614951||1109653200||it||
1410408448||1410416639||1109653200||it||
1410498560||1410506751||1109653200||it||
1411448832||1411450367||1109653200||it||
1411450624||1411451391||1109653200||it||
1411451648||1411465215||1109653200||it||
1411465472||1411514367||1109653200||it||
1422393344||1422393599||1109653200||it||
1423704064||1423966207||1109653200||it||
1424594056||1424594063||1109653200||it||
1424595456||1424595583||1109653200||it||
1424595680||1424595711||1109653200||it||
1424597760||1424598015||1109653200||it||
1425047552||1425063935||1109653200||it||
1425444864||1425446911||1109653200||it||
1425522688||1425539071||1109653200||it||
1425899520||1425915903||1109653200||it||
1425965056||1425981439||1109653200||it||
1427243008||1427308543||1121831648||it||
1427374080||1427439615||1120887200||it||
1428135936||1428136447||1139319440||it||
1428160512||1429209087||1109653200||it||
1431879680||1431887871||1109653200||it||
1431928832||1431937023||1109653200||it||
1432272896||1432281087||1109653200||it||
1433698304||1433698559||1135315826||it||
1433698560||1433706495||1143262301||it||
1433722880||1433726975||1140839529||it||
1433907200||1433909247||1151034441||it||
1436438528||1436440575||1109653200||it||
1436530176||1436530431||1155175767||it||
1436534784||1436536831||1148707104||it||
1439535104||1439536127||1109653200||it||
1439549440||1439550463||1109653200||it||
1439558656||1439558911||1109653200||it||
1439560192||1439560447||1109653200||it||
1450082304||1450090495||1151635099||it||
1459617792||1461714943||1126072364||it||
1475215360||1475223551||1160452696||it||
1475411968||1475428351||1144982283||it||
1476222976||1476231167||1145936008||it||
1478492160||1480589311||1133237422||it||
1486195200||1486196735||1145418688||it||
1486197760||1486198527||1139771260||it||
1486198784||1486199807||1147402306||it||
1486200832||1486204159||1141276012||it||
1490386944||1490403327||1149906636||it||
1499463680||1499594751||1147147104||it||
1500905472||1501036543||1152325375||it||
1502904320||1502920703||1152412595||it||
2189950976||2190016511||1109653200||it||
2193227776||2193293311||1109653200||it||
2193620992||2193686527||1109653200||it||
2197487616||2197553151||1109653200||it||
2197880832||2197946367||1109653200||it||
2205286400||2205351935||1109653200||it||
2207907840||2207973375||1109653200||it||
2209284096||2209349631||1109653200||it||
2209349632||2209415167||1111112700||it||
2311847936||2311913471||1109653200||it||
2317942784||2318008319||1109653200||it||
2319581184||2319646719||1109653200||it||
2319843328||2319908863||1109653200||it||
2323906560||2323972095||1109653200||it||
2340421632||2340487167||1109653200||it||
2344550400||2344615935||1138773490||it||
2355691520||2355757055||1109653200||it||
2359558144||2359623679||1109653200||it||
2372665344||2372730879||1109653200||it||
2381971456||2382036991||1109653200||it||
2413887488||2413953023||1109653200||it||
2447679820||2447679839||1109653200||it||
2452619264||2452684799||1109653200||it||
2456027136||2456092671||1109653200||it||
2458189824||2458255359||1109653200||it||
2474246144||2474377215||1109653200||it||
2476867584||2476998655||1109653200||it||
2508455936||2508521471||1109653200||it||
2508914688||2508980223||1109653200||it||
2526085120||2526216191||1109653200||it||
2528247808||2528313343||1109653200||it||
2530803712||2530869247||1109653200||it||
2533425152||2539978751||1109653200||it||
2612592640||2612658175||1109653200||it||
2617049088||2617114623||1109653200||it||
2618163200||2618228735||1109653200||it||
2620784640||2620850175||1109653200||it||
2626945024||2627010559||1109653200||it||
2635792384||2635988991||1109653200||it||
2643066880||2643132415||1109653200||it||
2653880320||2653945855||1109653200||it||
2657484800||2657550335||1109653200||it||
2658009088||2658074623||1109653200||it||
2677342208||2677407743||1109653200||it||
2681339904||2681405439||1109653200||it||
2681536512||2681602047||1109653200||it||
2688679936||2688745471||1109653200||it||
2689466368||2689531903||1109653200||it||
2689597440||2689662975||1109653200||it||
2690711552||2690777087||1109653200||it||
2696151040||2696216575||1109653200||it||
2698772480||2698838015||1109653200||it||
2702901248||2702966783||1109653200||it||
2710765568||2710831103||1109653200||it||
2745303040||2745368575||1109653200||it||
2759983104||2760048639||1109653200||it||
2760114176||2760179711||1109653200||it||
2760769536||2760835071||1109653200||it||
2831810560||2831876095||1109653200||it||
3221577984||3221578239||1109653200||it||
3222023936||3222024191||1109653200||it||
3222031616||3222031871||1109653200||it||
3222061056||3222061823||1109653200||it||
3223556608||3223556863||1109653200||it||
3223968256||3223968511||1109653200||it||
3224855808||3224856063||1109653200||it||
3225082368||3225082623||1109653200||it||
3225518848||3225519103||1109653200||it||
3225726976||3225727231||1109653200||it||
3225847808||3225848063||1109653200||it||
3226655744||3226656255||1109653200||it||
3226752768||3226753023||1109653200||it||
3226763008||3226770687||1109653200||it||
3227042816||3227043071||1109653200||it||
3227281408||3227282175||1109653200||it||
3227287040||3227287295||1109653200||it||
3227440128||3227440383||1109653200||it||
3228047104||3228047359||1109653200||it||
3228172288||3228222463||1109653200||it||
3228222976||3228237823||1109653200||it||
3228250880||3228263679||1109653200||it||
3229878784||3229879039||1109653200||it||
3229884928||3229885183||1109653200||it||
3229948928||3229949183||1109653200||it||
3230074880||3230082559||1109653200||it||
3230115072||3230115327||1109653200||it||
3230316288||3230316543||1109653200||it||
3230838016||3230840319||1109653200||it||
3230855680||3230855935||1109653200||it||
3230922496||3230922751||1109653200||it||
3230974208||3230974463||1109653200||it||
3230981120||3230981375||1109653200||it||
3231018496||3231018751||1109653200||it||
3231093248||3231093503||1109653200||it||
3231105536||3231106303||1109653200||it||
3231223040||3231223295||1109653200||it||
3231229440||3231229695||1109653200||it||
3231503616||3231503871||1109653200||it||
3231561984||3231562239||1109653200||it||
3231665408||3231665663||1109653200||it||
3231718144||3231718399||1109653200||it||
3231720704||3231720959||1109653200||it||
3231751168||3231751423||1109653200||it||
3231752192||3231752447||1109653200||it||
3232169984||3232235519||1109653200||it||
3233651200||3233651455||1109653200||it||
3234033152||3234033407||1109653200||it||
3238063616||3238063871||1109653200||it||
3238621696||3238621951||1109653200||it||
3239128320||3239128575||1109653200||it||
3239467520||3239467775||1109653200||it||
3239539200||3239539455||1109653200||it||
3239582976||3239583231||1109653200||it||
3239686656||3239687167||1109653200||it||
3239691264||3239691519||1109653200||it||
3239739392||3239739647||1109653200||it||
3239823872||3239824383||1109653200||it||
3239862016||3239862271||1109653200||it||
3239877888||3239878143||1109653200||it||
3240691200||3240691711||1109653200||it||
3240709120||3240710143||1109653200||it||
3240711168||3240711679||1109653200||it||
3240712960||3240713215||1109653200||it||
3240734720||3240735743||1109653200||it||
3240740352||3240740607||1109653200||it||
3240742144||3240742399||1109653200||it||
3240749824||3240750335||1109653200||it||
3240755456||3240808959||1109653200||it||
3240814592||3240818687||1109653200||it||
3240820832||3240822783||1109653200||it||
3240824320||3240827135||1109653200||it||
3240827904||3240828159||1109653200||it||
3240828416||3240837119||1109653200||it||
3240837376||3240840447||1109653200||it||
3240841216||3240843263||1109653200||it||
3240845312||3240846847||1109653200||it||
3240847360||3240852735||1109653200||it||
3240852992||3240853247||1109653200||it||
3240855040||3240858623||1109653200||it||
3240858880||3240859135||1109653200||it||
3240859648||3240861183||1109653200||it||
3240861696||3240866815||1109653200||it||
3240867840||3240873983||1109653200||it||
3242590208||3242655743||1109653200||it||
3242983424||3243048959||1109653200||it||
3243150848||3243151103||1109653200||it||
3243166128||3243166143||1109653200||it||
3245086976||3245087231||1109653200||it||
3245095936||3245096959||1109653200||it||
3245128192||3245128447||1109653200||it||
3245132800||3245133311||1109653200||it||
3245137152||3245137407||1109653200||it||
3245154304||3245158399||1109653200||it||
3245169152||3245169407||1109653200||it||
3245172736||3245173759||1109653200||it||
3245174784||3245175039||1109653200||it||
3245176064||3245176319||1109653200||it||
3245197312||3245199359||1109653200||it||
3245205760||3245206015||1109653200||it||
3245232896||3245233151||1109653200||it||
3245250304||3245250559||1109653200||it||
3245262848||3245263871||1109653200||it||
3245282304||3245282815||1109653200||it||
3245288960||3245289215||1109653200||it||
3245295104||3245296127||1109653200||it||
3245297152||3245297663||1109653200||it||
3245315072||3245316095||1109653200||it||
3247087616||3247088639||1109653200||it||
3247711744||3247712255||1109653200||it||
3249406976||3249407231||1109653200||it||
3249720320||3249721343||1109653200||it||
3249723392||3249723647||1109653200||it||
3249726976||3249727487||1109653200||it||
3249728000||3249728511||1109653200||it||
3249730560||3249731583||1109653200||it||
3249732608||3249733631||1109653200||it||
3250651136||3250659327||1109653200||it||
3250695168||3250695679||1109653200||it||
3250697984||3250698239||1109653200||it||
3250720768||3250722047||1109653200||it||
3250749696||3250749951||1109653200||it||
3251176704||3251176959||1109653200||it||
3251182592||3251183103||1109653200||it||
3251185664||3251185919||1109653200||it||
3251189760||3251190783||1109653200||it||
3251219200||3251219455||1109653200||it||
3251264512||3251264767||1109653200||it||
3251364864||3251366911||1109653200||it||
3251372032||3251604447||1109653200||it||
3251604456||3251634175||1109653200||it||
3252322304||3252330495||1109653200||it||
3252895744||3252903935||1109653200||it||
3252933632||3252934655||1109653200||it||
3253619712||3253620735||1109653200||it||
3253635072||3253636095||1126072338||it||
3254654976||3254655743||1109653200||it||
3254710272||3254710783||1109653200||it||
3255236352||3255236607||1109653200||it||
3255426048||3255426559||1109653200||it||
3255474176||3255476223||1109653200||it||
3256090624||3256164863||1109653200||it||
3256165376||3256187391||1109653200||it||
3256187648||3256221695||1109653200||it||
3256614912||3256680447||1109653200||it||
3256682416||3256682431||1109653200||it||
3256693760||3256694783||1109653200||it||
3256697856||3256698367||1109653200||it||
3256698432||3256698463||1109653200||it||
3256732672||3256732927||1109653200||it||
3257467904||3257468927||1109653200||it||
3257469184||3257469439||1109653200||it||
3257542912||3257543423||1109653200||it||
3257574400||3257574655||1109653200||it||
3259023104||3259023119||1109653200||it||
3259032552||3259032559||1109653200||it||
3259318680||3259318687||1109653200||it||
3259319056||3259319071||1109653200||it||
3259351040||3259351551||1109653200||it||
3259588096||3259588607||1109653200||it||
3260006400||3260014591||1109653200||it||
3260604416||3260612607||1109653200||it||
3260669696||3260669951||1109653200||it||
3260743680||3260800255||1109653200||it||
3260800272||3260809215||1109653200||it||
3260891392||3260891647||1109653200||it||
3261673472||3261675519||1109653200||it||
3261675824||3261675951||1109653200||it||
3261676288||3261676543||1109653200||it||
3261676800||3261677055||1109653200||it||
3262382080||3262414847||1109653200||it||
3262424064||3262424575||1109653200||it||
3262472248||3262472251||1109653200||it||
3262472272||3262472275||1109653200||it||
3262472480||3262472483||1109653200||it||
3262472660||3262472663||1109653200||it||
3262472696||3262472699||1109653200||it||
3262472736||3262472739||1109653200||it||
3262472852||3262472855||1109653200||it||
3262472912||3262472915||1109653200||it||
3262472924||3262472927||1109653200||it||
3262473036||3262473039||1109653200||it||
3262473156||3262473159||1109653200||it||
3262475272||3262475275||1109653200||it||
3262475360||3262475363||1109653200||it||
3262475432||3262475435||1109653200||it||
3262475484||3262475487||1109653200||it||
3262476240||3262476243||1109653200||it||
3262476324||3262476327||1109653200||it||
3262476432||3262476435||1109653200||it||
3262476468||3262476471||1109653200||it||
3262476552||3262476555||1109653200||it||
3262476684||3262476687||1109653200||it||
3262476720||3262476723||1109653200||it||
3262476784||3262476787||1109653200||it||
3262476840||3262476843||1109653200||it||
3262476996||3262476999||1109653200||it||
3262477188||3262477191||1109653200||it||
3262477300||3262477303||1109653200||it||
3262477524||3262477527||1109653200||it||
3262477604||3262477607||1109653200||it||
3262477616||3262477619||1109653200||it||
3262477704||3262477707||1109653200||it||
3262477892||3262477895||1109653200||it||
3262477968||3262477971||1109653200||it||
3262478008||3262478011||1109653200||it||
3262478106||3262478106||1109653200||it||
3262478158||3262478158||1109653200||it||
3262478236||3262478239||1109653200||it||
3262478248||3262478251||1109653200||it||
3262478264||3262478267||1109653200||it||
3262478344||3262478344||1109653200||it||
3262478387||3262478387||1109653200||it||
3262478394||3262478394||1109653200||it||
3262478402||3262478402||1109653200||it||
3262478425||3262478425||1109653200||it||
3262478435||3262478435||1109653200||it||
3262478442||3262478442||1109653200||it||
3262478455||3262478455||1109653200||it||
3262478482||3262478482||1109653200||it||
3262478505||3262478505||1109653200||it||
3262478507||3262478507||1109653200||it||
3262478558||3262478558||1109653200||it||
3262478600||3262478600||1109653200||it||
3262478609||3262478609||1109653200||it||
3262478668||3262478668||1109653200||it||
3262478678||3262478678||1109653200||it||
3262478683||3262478683||1109653200||it||
3262478698||3262478698||1109653200||it||
3262478700||3262478700||1109653200||it||
3262478704||3262478704||1109653200||it||
3262478725||3262478725||1109653200||it||
3262478730||3262478730||1109653200||it||
3262478745||3262478745||1109653200||it||
3262478770||3262478770||1109653200||it||
3262478774||3262478774||1109653200||it||
3262478777||3262478778||1109653200||it||
3262478798||3262478798||1109653200||it||
3262478802||3262478802||1109653200||it||
3262478868||3262478868||1109653200||it||
3262478902||3262478902||1109653200||it||
3262478948||3262478948||1109653200||it||
3262478981||3262478981||1109653200||it||
3262479018||3262479018||1109653200||it||
3262479045||3262479045||1109653200||it||
3262479059||3262479059||1109653200||it||
3262479066||3262479066||1109653200||it||
3262479078||3262479078||1109653200||it||
3262479082||3262479082||1109653200||it||
3262479085||3262479085||1109653200||it||
3262479092||3262479092||1109653200||it||
3262479098||3262479098||1109653200||it||
3262479102||3262479102||1109653200||it||
3262479107||3262479107||1109653200||it||
3262479116||3262479116||1109653200||it||
3262479140||3262479140||1109653200||it||
3262479147||3262479147||1109653200||it||
3262479169||3262479169||1109653200||it||
3262479185||3262479185||1109653200||it||
3262479190||3262479191||1109653200||it||
3262479215||3262479215||1109653200||it||
3262479244||3262479244||1109653200||it||
3262479256||3262479256||1109653200||it||
3262479272||3262479272||1109653200||it||
3262479275||3262479275||1109653200||it||
3262479283||3262479283||1109653200||it||
3262479296||3262479296||1109653200||it||
3262479312||3262479312||1109653200||it||
3262479348||3262479350||1109653200||it||
3262479352||3262479352||1109653200||it||
3262479373||3262479373||1109653200||it||
3262479397||3262479397||1109653200||it||
3262479427||3262479427||1109653200||it||
3262479434||3262479434||1109653200||it||
3262479438||3262479438||1109653200||it||
3262479442||3262479442||1109653200||it||
3262479446||3262479446||1109653200||it||
3262479456||3262479456||1109653200||it||
3262479463||3262479463||1109653200||it||
3262479478||3262479478||1109653200||it||
3262479482||3262479482||1109653200||it||
3262479490||3262479490||1109653200||it||
3262479500||3262479502||1109653200||it||
3262479539||3262479539||1109653200||it||
3262479544||3262479544||1109653200||it||
3262479549||3262479549||1109653200||it||
3262479573||3262479573||1109653200||it||
3262479581||3262479581||1109653200||it||
3262479589||3262479589||1109653200||it||
3262479599||3262479600||1109653200||it||
3262479641||3262479641||1109653200||it||
3262479669||3262479669||1109653200||it||
3262479671||3262479671||1109653200||it||
3262479678||3262479678||1109653200||it||
3262479680||3262479680||1109653200||it||
3262479682||3262479682||1109653200||it||
3262479732||3262479732||1109653200||it||
3262479771||3262479771||1109653200||it||
3262479789||3262479789||1109653200||it||
3262479791||3262479792||1109653200||it||
3262479887||3262479887||1109653200||it||
3262479941||3262479941||1109653200||it||
3262480072||3262480072||1109653200||it||
3262480084||3262480084||1109653200||it||
3262480105||3262480105||1109653200||it||
3262480114||3262480114||1109653200||it||
3262480178||3262480178||1109653200||it||
3262480274||3262480274||1109653200||it||
3262480304||3262480304||1109653200||it||
3262480318||3262480318||1109653200||it||
3262480331||3262480331||1109653200||it||
3262480377||3262480377||1109653200||it||
3262480381||3262480381||1109653200||it||
3262627840||3262636031||1109653200||it||
3263033856||3263034367||1109653200||it||
3263496192||3263497215||1109653200||it||
3263526400||3263526655||1109653200||it||
3264012288||3264020479||1109653200||it||
3264311552||3264311807||1109653200||it||
3264341760||3264342015||1109653200||it||
3264377344||3264377599||1109653200||it||
3264604160||3264604671||1109653200||it||
3264607232||3264607487||1109653200||it||
3264651776||3264652287||1109653200||it||
3264825600||3264825855||1109653200||it||
3264832256||3264832511||1109653200||it||
3264833024||3264833535||1109653200||it||
3264840448||3264840703||1109653200||it||
3264850944||3264851967||1109653200||it||
3264854784||3264855039||1109653200||it||
3264856064||3264861695||1109653200||it||
3265361920||3265363967||1109653200||it||
3265376256||3265376511||1109653200||it||
3266396160||3266412543||1109653200||it||
3266543616||3266576383||1109653200||it||
3266772992||3266781183||1109653200||it||
3266838528||3266969599||1109653200||it||
3267543040||3267543295||1109653200||it||
3267544576||3267544703||1109653200||it||
3267628032||3267628287||1109653200||it||
3267628544||3267628799||1109653200||it||
3267630848||3267630863||1109653200||it||
3267630944||3267631055||1109653200||it||
3267631088||3267631103||1109653200||it||
3267632640||3267632895||1109653200||it||
3267637504||3267637583||1109653200||it||
3267640576||3267640831||1109653200||it||
3267655680||3267656191||1109653200||it||
3267658240||3267658495||1109653200||it||
3267659520||3267659775||1109653200||it||
3267663104||3267663359||1109653200||it||
3268257432||3268257439||1109653200||it||
3268763648||3268771839||1109653200||it||
3270190080||3270190591||1109653200||it||
3270207744||3270207903||1109653200||it||
3270216736||3270216751||1109653200||it||
3270216800||3270216815||1109653200||it||
3270216832||3270216879||1109653200||it||
3270222336||3270223871||1109653200||it||
3270639616||3270647807||1109653200||it||
3270651904||3270652415||1109653200||it||
3270655232||3270655487||1109653200||it||
3270688768||3270772079||1109653200||it||
3270772088||3270836223||1109653200||it||
3270934016||3270934527||1109653200||it||
3270967296||3270975487||1109653200||it||
3271008256||3271016447||1109653200||it||
3271363424||3271363455||1109653200||it||
3271363488||3271363519||1109653200||it||
3271376464||3271376479||1109653200||it||
3271381760||3271382527||1109653200||it||
3271395328||3271396863||1109653200||it||
3271397952||3271397983||1109653200||it||
3271398336||3271398399||1109653200||it||
3271409152||3271409407||1109653200||it||
3271424072||3271424079||1109653200||it||
3272019968||3272020991||1109653200||it||
3272069344||3272069375||1109653200||it||
3272113152||3272113407||1109653200||it||
3272213376||3272213391||1109653200||it||
3272213504||3272213567||1109653200||it||
3272213656||3272213663||1109653200||it||
3272213672||3272213679||1109653200||it||
3272213688||3272213759||1109653200||it||
3272215016||3272215023||1109653200||it||
3272216208||3272216215||1109653200||it||
3272216312||3272216319||1109653200||it||
3272216496||3272216511||1109653200||it||
3272216544||3272216575||1109653200||it||
3272228400||3272228415||1109653200||it||
3272228640||3272228671||1109653200||it||
3272499200||3272507391||1109653200||it||
3272653696||3272653727||1109653200||it||
3272654720||3272654783||1109653200||it||
3272736768||3272744959||1109653200||it||
3273023488||3273031679||1109653200||it||
3273048064||3273052095||1109653200||it||
3273052128||3273056255||1109653200||it||
3273588736||3273687039||1109653200||it||
3273876224||3273876479||1109653200||it||
3273877568||3273877759||1109653200||it||
3273916416||3273932799||1109653200||it||
3274416128||3274424319||1109653200||it||
3274506240||3274571775||1109653200||it||
3274688256||3274688511||1109653200||it||
3274693888||3274694143||1109653200||it||
3274696704||3274696959||1109653200||it||
3274701568||3274702079||1109653200||it||
3274912800||3274912831||1109653200||it||
3274922872||3274922879||1109653200||it||
3274930176||3274932223||1109653200||it||
3274939136||3274939391||1109653200||it||
3274941096||3274941103||1109653200||it||
3274952576||3274952703||1109653200||it||
3274959232||3274959247||1109653200||it||
3274960576||3274960639||1109653200||it||
3274963808||3274963839||1109653200||it||
3275104256||3275112447||1109653200||it||
3275522048||3275530239||1109653200||it||
3275538432||3275554815||1109653200||it||
3275588864||3275589119||1109653200||it||
3275603968||3275604735||1109653200||it||
3275604992||3275606271||1109653200||it||
3275606528||3275606783||1109653200||it||
3275607296||3275608319||1109653200||it||
3275608832||3275610063||1109653200||it||
3275610112||3275610623||1109653200||it||
3275628544||3275636735||1109653200||it||
3275661312||3275669503||1109653200||it||
3275677696||3275685887||1109653200||it||
3275884544||3275886591||1109653200||it||
3276096512||3276097535||1109653200||it||
3276324864||3276333055||1109653200||it||
3276475008||3276475391||1109653200||it||
3276475904||3276476111||1109653200||it||
3276476120||3276476159||1109653200||it||
3276476288||3276476415||1109653200||it||
3276509184||3276510207||1109653200||it||
3276510720||3276510847||1109653200||it||
3276510912||3276510975||1109653200||it||
3276718080||3276726271||1109653200||it||
3276736512||3276736527||1109653200||it||
3276736544||3276736575||1109653200||it||
3276736736||3276736799||1109653200||it||
3276737024||3276737343||1109653200||it||
3276737536||3276737615||1109653200||it||
3276737992||3276737999||1109653200||it||
3276738144||3276738175||1109653200||it||
3276740704||3276740719||1109653200||it||
3276744704||3276744959||1109653200||it||
3276746112||3276746239||1109653200||it||
3276749024||3276749055||1109653200||it||
3276753120||3276753151||1109653200||it||
3276762960||3276762975||1109653200||it||
3276763520||3276763551||1109653200||it||
3276764000||3276764159||1109653200||it||
3276770016||3276770031||1109653200||it||
3276783104||3276783615||1109653200||it||
3276785632||3276785663||1109653200||it||
3276789760||3276790015||1109653200||it||
3276790144||3276790175||1109653200||it||
3276790944||3276791007||1109653200||it||
3277181952||3277182207||1109653200||it||
3277186048||3277186303||1109653200||it||
3277398784||3277398847||1109653200||it||
3277750272||3277766655||1109653200||it||
3277881344||3277884159||1109653200||it||
3277885569||3277885695||1109653200||it||
3277887105||3277887231||1109653200||it||
3277897728||3277905919||1109653200||it||
3278307328||3278372863||1109653200||it||
3278790656||3278807039||1109653200||it||
3278938208||3278938219||1109653200||it||
3278938244||3278938247||1109653200||it||
3278938440||3278938443||1109653200||it||
3278938448||3278938451||1109653200||it||
3278938508||3278938511||1109653200||it||
3278938604||3278938607||1109653200||it||
3278938672||3278938675||1109653200||it||
3278938696||3278938699||1109653200||it||
3278938736||3278938739||1109653200||it||
3278938780||3278938783||1109653200||it||
3278938804||3278938807||1109653200||it||
3278938832||3278938835||1109653200||it||
3278938864||3278938871||1109653200||it||
3278938944||3278938947||1109653200||it||
3278939024||3278939027||1109653200||it||
3278939068||3278939071||1109653200||it||
3278939084||3278939087||1109653200||it||
3278939096||3278939099||1109653200||it||
3278939440||3278939443||1109653200||it||
3278939480||3278939483||1109653200||it||
3278939556||3278939559||1109653200||it||
3278939584||3278939587||1109653200||it||
3278939664||3278939667||1109653200||it||
3278939772||3278939775||1109653200||it||
3278939840||3278939843||1109653200||it||
3278939864||3278939867||1109653200||it||
3278939876||3278939879||1109653200||it||
3278939900||3278939903||1109653200||it||
3278940252||3278940255||1109653200||it||
3278940296||3278940299||1109653200||it||
3278940312||3278940315||1109653200||it||
3278940364||3278940367||1109653200||it||
3278940408||3278940411||1109653200||it||
3278940492||3278940495||1109653200||it||
3278940588||3278940591||1109653200||it||
3278940616||3278940619||1109653200||it||
3278940624||3278940631||1109653200||it||
3278940644||3278940647||1109653200||it||
3278940656||3278940663||1109653200||it||
3278940816||3278940819||1109653200||it||
3278940824||3278940827||1109653200||it||
3278940836||3278940839||1109653200||it||
3278940876||3278940879||1109653200||it||
3278940896||3278940899||1109653200||it||
3278940912||3278940915||1109653200||it||
3278940952||3278940955||1109653200||it||
3278940964||3278940967||1109653200||it||
3278940984||3278940987||1109653200||it||
3278941024||3278941027||1109653200||it||
3278941036||3278941039||1109653200||it||
3278941064||3278941067||1109653200||it||
3278941072||3278941075||1109653200||it||
3278941144||3278941151||1109653200||it||
3278941176||3278941179||1109653200||it||
3278942004||3278942011||1109653200||it||
3278942164||3278942167||1109653200||it||
3278942188||3278942191||1109653200||it||
3278942726||3278942726||1109653200||it||
3278942736||3278942736||1109653200||it||
3278942750||3278942750||1109653200||it||
3278942758||3278942759||1109653200||it||
3278942787||3278942787||1109653200||it||
3278942791||3278942791||1109653200||it||
3278942796||3278942796||1109653200||it||
3278942799||3278942799||1109653200||it||
3278942804||3278942804||1109653200||it||
3278942820||3278942820||1109653200||it||
3278942830||3278942830||1109653200||it||
3278942832||3278942832||1109653200||it||
3278942837||3278942837||1109653200||it||
3278942842||3278942843||1109653200||it||
3278942858||3278942858||1109653200||it||
3278942860||3278942860||1109653200||it||
3278942869||3278942869||1109653200||it||
3278942873||3278942873||1109653200||it||
3278942887||3278942887||1109653200||it||
3278942911||3278942911||1109653200||it||
3278942934||3278942934||1109653200||it||
3278942941||3278942941||1109653200||it||
3278942951||3278942951||1109653200||it||
3278942956||3278942956||1109653200||it||
3278942971||3278942972||1109653200||it||
3278942980||3278942980||1109653200||it||
3278942984||3278942984||1109653200||it||
3278943008||3278943008||1109653200||it||
3278943013||3278943013||1109653200||it||
3278943033||3278943033||1109653200||it||
3278943040||3278943040||1109653200||it||
3278943050||3278943050||1109653200||it||
3278943052||3278943053||1109653200||it||
3278943091||3278943091||1109653200||it||
3278943109||3278943109||1109653200||it||
3278943118||3278943119||1109653200||it||
3278943126||3278943126||1109653200||it||
3278943133||3278943133||1109653200||it||
3278943139||3278943139||1109653200||it||
3278943194||3278943194||1109653200||it||
3278943207||3278943207||1109653200||it||
3278943210||3278943212||1109653200||it||
3278943214||3278943214||1109653200||it||
3278943218||3278943218||1109653200||it||
3278943252||3278943252||1109653200||it||
3278943257||3278943257||1109653200||it||
3278943275||3278943275||1109653200||it||
3278943281||3278943281||1109653200||it||
3278943284||3278943284||1109653200||it||
3278943290||3278943290||1109653200||it||
3278943294||3278943294||1109653200||it||
3278943297||3278943297||1109653200||it||
3278943327||3278943328||1109653200||it||
3278943336||3278943337||1109653200||it||
3278943362||3278943362||1109653200||it||
3278943364||3278943364||1109653200||it||
3278943377||3278943377||1109653200||it||
3278943384||3278943384||1109653200||it||
3278943395||3278943395||1109653200||it||
3278943409||3278943409||1109653200||it||
3278943423||3278943423||1109653200||it||
3278943429||3278943430||1109653200||it||
3278943441||3278943441||1109653200||it||
3278943456||3278943456||1109653200||it||
3278943463||3278943463||1109653200||it||
3278943482||3278943482||1109653200||it||
3278943500||3278943500||1109653200||it||
3278943508||3278943509||1109653200||it||
3278943511||3278943512||1109653200||it||
3278943539||3278943539||1109653200||it||
3278943543||3278943543||1109653200||it||
3278943550||3278943550||1109653200||it||
3278943552||3278943552||1109653200||it||
3278943580||3278943580||1109653200||it||
3278943589||3278943589||1109653200||it||
3278943614||3278943614||1109653200||it||
3278943616||3278943616||1109653200||it||
3278943620||3278943620||1109653200||it||
3278943622||3278943622||1109653200||it||
3278943635||3278943635||1109653200||it||
3278943637||3278943638||1109653200||it||
3278943646||3278943646||1109653200||it||
3278943652||3278943653||1109653200||it||
3278943667||3278943667||1109653200||it||
3278943670||3278943670||1109653200||it||
3278943677||3278943677||1109653200||it||
3278943688||3278943689||1109653200||it||
3278943698||3278943698||1109653200||it||
3278943711||3278943711||1109653200||it||
3278943773||3278943773||1109653200||it||
3278943782||3278943782||1109653200||it||
3278943787||3278943787||1109653200||it||
3278943791||3278943791||1109653200||it||
3278943793||3278943793||1109653200||it||
3278943808||3278943808||1109653200||it||
3278943812||3278943812||1109653200||it||
3278943833||3278943833||1109653200||it||
3278943839||3278943839||1109653200||it||
3278943848||3278943848||1109653200||it||
3278943863||3278943863||1109653200||it||
3278943866||3278943866||1109653200||it||
3278943868||3278943868||1109653200||it||
3278943873||3278943873||1109653200||it||
3278943885||3278943885||1109653200||it||
3278943894||3278943894||1109653200||it||
3278943898||3278943898||1109653200||it||
3278943903||3278943903||1109653200||it||
3278943906||3278943907||1109653200||it||
3278943912||3278943913||1109653200||it||
3278943916||3278943916||1109653200||it||
3278943924||3278943924||1109653200||it||
3278943930||3278943930||1109653200||it||
3278943944||3278943944||1109653200||it||
3278943972||3278943972||1109653200||it||
3278943986||3278943987||1109653200||it||
3278943992||3278943992||1109653200||it||
3278944008||3278944008||1109653200||it||
3278944014||3278944014||1109653200||it||
3278944021||3278944021||1109653200||it||
3278944029||3278944029||1109653200||it||
3278944049||3278944049||1109653200||it||
3278944053||3278944053||1109653200||it||
3278944055||3278944055||1109653200||it||
3278944065||3278944065||1109653200||it||
3278944082||3278944082||1109653200||it||
3278944088||3278944088||1109653200||it||
3278944090||3278944090||1109653200||it||
3278944103||3278944104||1109653200||it||
3278944114||3278944114||1109653200||it||
3278944117||3278944118||1109653200||it||
3278944123||3278944123||1109653200||it||
3278944127||3278944127||1109653200||it||
3278944133||3278944133||1109653200||it||
3278944151||3278944151||1109653200||it||
3278944164||3278944164||1109653200||it||
3278944167||3278944167||1109653200||it||
3278944181||3278944181||1109653200||it||
3278944195||3278944195||1109653200||it||
3278944198||3278944198||1109653200||it||
3278944215||3278944215||1109653200||it||
3278944217||3278944217||1109653200||it||
3278944222||3278944222||1109653200||it||
3278944227||3278944227||1109653200||it||
3278944236||3278944236||1109653200||it||
3278944241||3278944241||1109653200||it||
3278944250||3278944250||1109653200||it||
3278944252||3278944252||1109653200||it||
3278945861||3278945861||1109653200||it||
3278945871||3278945871||1109653200||it||
3278945874||3278945874||1109653200||it||
3278945887||3278945888||1109653200||it||
3278945897||3278945897||1109653200||it||
3278945918||3278945918||1109653200||it||
3279316480||3279317759||1109653200||it||
3279317888||3279317951||1109653200||it||
3279317968||3279317983||1109653200||it||
3279340032||3279340543||1109653200||it||
3279341056||3279341567||1109653200||it||
3279342080||3279342335||1109653200||it||
3279348224||3279348735||1109653200||it||
3279349248||3279349503||1109653200||it||
3279421440||3279486975||1109653200||it||
3279568896||3279577087||1109653200||it||
3280005632||3280006143||1109653200||it||
3280011648||3280011775||1109653200||it||
3280017024||3280017055||1109653200||it||
3280017920||3280018431||1109653200||it||
3280022784||3280023039||1109653200||it||
3280023552||3280024575||1109653200||it||
3280028160||3280028415||1109653200||it||
3280125952||3280142335||1109653200||it||
3280404480||3280437247||1109653200||it||
3280568320||3280576511||1109653200||it||
3281973504||3281973759||1109653200||it||
3282096128||3282097151||1109653200||it||
3282456024||3282456031||1109653200||it||
3282465280||3282465535||1109653200||it||
3282466644||3282466655||1109653200||it||
3282466688||3282466727||1109653200||it||
3282775552||3282775807||1109653200||it||
3283542016||3283550207||1109653200||it||
3283552256||3283552319||1109653200||it||
3283552352||3283552575||1109653200||it||
3283552640||3283552671||1109653200||it||
3283552752||3283553047||1109653200||it||
3283553280||3283553535||1109653200||it||
3283554048||3283554079||1109653200||it||
3283554112||3283554175||1109653200||it||
3283558336||3283558367||1109653200||it||
3283559680||3283559935||1109653200||it||
3283562944||3283563007||1109653200||it||
3283567968||3283567999||1109653200||it||
3283570448||3283570463||1109653200||it||
3283583840||3283583847||1109653200||it||
3283593056||3283593087||1109653200||it||
3283593216||3283595263||1109653200||it||
3283600576||3283600639||1109653200||it||
3283600704||3283600767||1109653200||it||
3283601344||3283601375||1109653200||it||
3283602272||3283602287||1109653200||it||
3283603008||3283603071||1109653200||it||
3283608960||3283609087||1109653200||it||
3283611904||3283613247||1109653200||it||
3283613312||3283613695||1109653200||it||
3283651072||3283651135||1109653200||it||
3283651688||3283651695||1109653200||it||
3283652352||3283652479||1109653200||it||
3284025568||3284025599||1109653200||it||
3284074496||3284140031||1109653200||it||
3284869632||3284869887||1109653200||it||
3284872960||3284873471||1109653200||it||
3285057536||3285065727||1109653200||it||
3285336064||3285352447||1109653200||it||
3285457664||3285457743||1109653200||it||
3285457792||3285457919||1109653200||it||
3285477120||3285477263||1109653200||it||
3285477280||3285477343||1109653200||it||
3285477360||3285477375||1109653200||it||
3285481472||3285481727||1109653200||it||
3285486592||3285487103||1109653200||it||
3285494016||3285494783||1109653200||it||
3285498112||3285498367||1109653200||it||
3285516692||3285516695||1109653200||it||
3285529688||3285529695||1109653200||it||
3285530432||3285530463||1109653200||it||
3285530688||3285530719||1109653200||it||
3285530752||3285530767||1109653200||it||
3285532416||3285532687||1109653200||it||
3285532720||3285532735||1109653200||it||
3285532848||3285532863||1109653200||it||
3285532896||3285532959||1109653200||it||
3285532992||3285533055||1109653200||it||
3285533184||3285533311||1109653200||it||
3285533456||3285533503||1109653200||it||
3285533568||3285533951||1109653200||it||
3285534080||3285534095||1109653200||it||
3285534144||3285534207||1109653200||it||
3285534560||3285534591||1109653200||it||
3285534656||3285534719||1109653200||it||
3285534976||3285535103||1109653200||it||
3285536080||3285536095||1109653200||it||
3285536736||3285536739||1109653200||it||
3285537728||3285537759||1109653200||it||
3285538752||3285538755||1109653200||it||
3285539840||3285539967||1109653200||it||
3285540104||3285540107||1109653200||it||
3285542912||3285543167||1109653200||it||
3285543776||3285543791||1109653200||it||
3285545984||3285545999||1109653200||it||
3285546064||3285546071||1109653200||it||
3285548800||3285548831||1109653200||it||
3285548848||3285548959||1109653200||it||
3285550528||3285550591||1109653200||it||
3285550848||3285550943||1109653200||it||
3285553088||3285553151||1109653200||it||
3285555968||3285556223||1109653200||it||
3285558656||3285558783||1109653200||it||
3285562816||3285562879||1109653200||it||
3285570816||3285571071||1109653200||it||
3285572864||3285573119||1109653200||it||
3285577472||3285577599||1109653200||it||
3285577984||3285578111||1109653200||it||
3285745664||3285753855||1109653200||it||
3285770240||3285778431||1109653200||it||
3285929424||3285929439||1109653200||it||
3285932288||3285932543||1109653200||it||
3285936128||3285936639||1109653200||it||
3286171648||3286237183||1109653200||it||
3286345728||3286346751||1109653200||it||
3286417408||3286425599||1109653200||it||
3286679552||3286695935||1109653200||it||
3286936320||3286936575||1109653200||it||
3286951936||3286952959||1109653200||it||
3287643136||3287643647||1109653200||it||
3287728128||3287729407||1109653200||it||
3287732224||3287734271||1109653200||it||
3287735296||3287736319||1109653200||it||
3287941120||3287949311||1109653200||it||
3287998464||3288006655||1109653200||it||
3288260608||3288268799||1109653200||it||
3323032832||3323033087||1109653200||it||
3345446656||3345446911||1109653200||it||
3345568768||3345569279||1109653200||it||
3345569536||3345569791||1109653200||it||
3427762688||3427763455||1109653200||it||
3427790848||3427791103||1109653200||it||
3428434944||3428435199||1109653200||it||
3437715712||3437715967||1109653200||it||
3437751552||3437751807||1109653200||it||
3459348992||3459349503||1109653200||it||
3489398784||3489399039||1109653200||it||
3491971608||3491971615||1109653200||it||
3500144640||3500144895||1109653200||it||
3556795648||3556795679||1109653200||it||
3556933632||3556941823||1109653200||it||
3557031936||3557040127||1109653200||it||
3557086784||3557086847||1109653200||it||
3557244928||3557253119||1109653200||it||
3557507072||3557515263||1109653200||it||
3557605376||3557613567||1109653200||it||
3557621760||3557629951||1109653200||it||
3557720064||3557728255||1109653200||it||
3557933056||3557941247||1109653200||it||
3558039552||3558047743||1109653200||it||
3558196032||3558196127||1109653200||it||
3558196160||3558196191||1109653200||it||
3558196200||3558196227||1109653200||it||
3558196232||3558196280||1109653200||it||
3558196288||3558196355||1109653200||it||
3558196360||3558196495||1109653200||it||
3558196528||3558196559||1109653200||it||
3558196728||3558196735||1109653200||it||
3558244352||3558252543||1109653200||it||
3558287936||3558287999||1109653200||it||
3558289664||3558289919||1109653200||it||
3558342656||3558350847||1109653200||it||
3558449152||3558457343||1109653200||it||
3558645760||3558653951||1109653200||it||
3558703104||3558711295||1109653200||it||
3558858752||3558865727||1109653200||it||
3558865792||3558865919||1109653200||it||
3558865928||3558866943||1109653200||it||
3559047168||3559063551||1109653200||it||
3559112704||3559120895||1109653200||it||
3559268352||3559276543||1109653200||it||
3559325696||3559333887||1109653200||it||
3559505920||3559514111||1109653200||it||
3559612416||3559620607||1109653200||it||
3559743488||3559759871||1109653200||it||
3559858176||3559866367||1109653200||it||
3559915520||3559923711||1109653200||it||
3559956480||3559964671||1109653200||it||
3559989248||3559997439||1109653200||it||
3560062976||3560071167||1109653200||it||
3560144896||3560153087||1109653200||it||
3560194048||3560210431||1109653200||it||
3560366080||3560366655||1109653200||it||
3560367104||3560367167||1109653200||it||
3560480768||3560488959||1109653200||it||
3560693760||3560701951||1109653200||it||
3560923136||3560931327||1109653200||it||
3560939540||3560939543||1109653200||it||
3560939564||3560939567||1109653200||it||
3560939608||3560939611||1109653200||it||
3560939680||3560939683||1109653200||it||
3560939752||3560939755||1109653200||it||
3560939760||3560939763||1109653200||it||
3560939804||3560939807||1109653200||it||
3560939932||3560939935||1109653200||it||
3560939992||3560939995||1109653200||it||
3560940088||3560940091||1109653200||it||
3560940096||3560940099||1109653200||it||
3560940128||3560940135||1109653200||it||
3560940148||3560940151||1109653200||it||
3560940160||3560940163||1109653200||it||
3560940188||3560940191||1109653200||it||
3560940232||3560940235||1109653200||it||
3560940408||3560940411||1109653200||it||
3560940496||3560940499||1109653200||it||
3560940508||3560940511||1109653200||it||
3560940540||3560940543||1109653200||it||
3560940580||3560940583||1109653200||it||
3560940588||3560940591||1109653200||it||
3560940656||3560940663||1109653200||it||
3560940688||3560940691||1109653200||it||
3560940740||3560940743||1109653200||it||
3560940780||3560940783||1109653200||it||
3560940808||3560940811||1109653200||it||
3560940824||3560940827||1109653200||it||
3560940840||3560940843||1109653200||it||
3560940864||3560940867||1109653200||it||
3560940880||3560940883||1109653200||it||
3560940936||3560940939||1109653200||it||
3560940984||3560940987||1109653200||it||
3560941020||3560941023||1109653200||it||
3560941084||3560941087||1109653200||it||
3560941100||3560941103||1109653200||it||
3560941148||3560941151||1109653200||it||
3560941160||3560941163||1109653200||it||
3560941184||3560941187||1109653200||it||
3560941204||3560941207||1109653200||it||
3560941244||3560941251||1109653200||it||
3560941296||3560941303||1109653200||it||
3560941324||3560941331||1109653200||it||
3560941412||3560941415||1109653200||it||
3560941508||3560941511||1109653200||it||
3560941552||3560941555||1109653200||it||
3560941684||3560941687||1109653200||it||
3560941692||3560941695||1109653200||it||
3560941844||3560941847||1109653200||it||
3560941892||3560941895||1109653200||it||
3560941952||3560941955||1109653200||it||
3560941976||3560941979||1109653200||it||
3560942008||3560942011||1109653200||it||
3560942048||3560942051||1109653200||it||
3560942152||3560942155||1109653200||it||
3560942212||3560942219||1109653200||it||
3560942228||3560942231||1109653200||it||
3560942244||3560942247||1109653200||it||
3560942276||3560942279||1109653200||it||
3560942324||3560942327||1109653200||it||
3560942356||3560942359||1109653200||it||
3560942388||3560942391||1109653200||it||
3560942416||3560942419||1109653200||it||
3560942512||3560942515||1109653200||it||
3560942560||3560942563||1109653200||it||
3560942624||3560942627||1109653200||it||
3560942668||3560942675||1109653200||it||
3560942708||3560942711||1109653200||it||
3560942720||3560942727||1109653200||it||
3560942832||3560942835||1109653200||it||
3560942848||3560942851||1109653200||it||
3560942860||3560942863||1109653200||it||
3560942872||3560942875||1109653200||it||
3560942924||3560942927||1109653200||it||
3560942976||3560942979||1109653200||it||
3560942988||3560942999||1109653200||it||
3560943012||3560943015||1109653200||it||
3560943119||3560943119||1109653200||it||
3560943151||3560943151||1109653200||it||
3560943159||3560943159||1109653200||it||
3560943171||3560943171||1109653200||it||
3560943178||3560943178||1109653200||it||
3560943184||3560943184||1109653200||it||
3560943188||3560943188||1109653200||it||
3560943196||3560943197||1109653200||it||
3560943201||3560943201||1109653200||it||
3560943205||3560943205||1109653200||it||
3560943263||3560943263||1109653200||it||
3560943268||3560943269||1109653200||it||
3560943271||3560943271||1109653200||it||
3560943277||3560943277||1109653200||it||
3560943291||3560943292||1109653200||it||
3560943294||3560943294||1109653200||it||
3560943303||3560943303||1109653200||it||
3560943310||3560943311||1109653200||it||
3560943315||3560943315||1109653200||it||
3560943317||3560943317||1109653200||it||
3560943320||3560943320||1109653200||it||
3560943330||3560943331||1109653200||it||
3560943337||3560943337||1109653200||it||
3560943346||3560943346||1109653200||it||
3560943352||3560943352||1109653200||it||
3560943355||3560943355||1109653200||it||
3560943366||3560943367||1109653200||it||
3560943400||3560943400||1109653200||it||
3560943408||3560943408||1109653200||it||
3560943412||3560943412||1109653200||it||
3560943426||3560943426||1109653200||it||
3560943458||3560943459||1109653200||it||
3560943467||3560943467||1109653200||it||
3560943469||3560943469||1109653200||it||
3560943478||3560943478||1109653200||it||
3560943495||3560943495||1109653200||it||
3560943511||3560943511||1109653200||it||
3560943523||3560943523||1109653200||it||
3560943526||3560943526||1109653200||it||
3560943552||3560943552||1109653200||it||
3560943560||3560943562||1109653200||it||
3560943576||3560943576||1109653200||it||
3560943584||3560943584||1109653200||it||
3560943588||3560943588||1109653200||it||
3560943601||3560943602||1109653200||it||
3560943608||3560943608||1109653200||it||
3560943629||3560943629||1109653200||it||
3560943638||3560943638||1109653200||it||
3560943641||3560943643||1109653200||it||
3560943654||3560943654||1109653200||it||
3560943656||3560943656||1109653200||it||
3560943685||3560943685||1109653200||it||
3560943690||3560943690||1109653200||it||
3560943699||3560943699||1109653200||it||
3560943712||3560943712||1109653200||it||
3560943720||3560943721||1109653200||it||
3560943731||3560943731||1109653200||it||
3560943751||3560943751||1109653200||it||
3560943756||3560943756||1109653200||it||
3560943762||3560943762||1109653200||it||
3560943771||3560943771||1109653200||it||
3560943789||3560943789||1109653200||it||
3560943791||3560943791||1109653200||it||
3560943796||3560943796||1109653200||it||
3560943802||3560943802||1109653200||it||
3560943812||3560943812||1109653200||it||
3560943815||3560943815||1109653200||it||
3560943821||3560943821||1109653200||it||
3560944228||3560944231||1109653200||it||
3560944816||3560944823||1109653200||it||
3560944836||3560944839||1109653200||it||
3561119744||3561127935||1109653200||it||
3561152512||3561160703||1109653200||it||
3561324544||3561332735||1109653200||it||
3561414656||3561422847||1109653200||it||
3561480192||3561487359||1109653200||it||
3561487376||3561488383||1109653200||it||
3561615616||3561615871||1109653200||it||
3561637632||3561637887||1109653200||it||
3561684992||3561693183||1109653200||it||
3561734144||3561742335||1109653200||it||
3561832448||3561840639||1109653200||it||
3561881600||3561889791||1109653200||it||
3562058304||3562058367||1109653200||it||
3562058384||3562058399||1109653200||it||
3562058416||3562058431||1109653200||it||
3562061824||3562070015||1109653200||it||
3562283008||3562291199||1109653200||it||
3562381312||3562389503||1109653200||it||
3562668032||3562676223||1109653200||it||
3562741760||3562758143||1109653200||it||
3562856448||3562864639||1109653200||it||
3562962944||3562971135||1109653200||it||
3563134976||3563143167||1109653200||it||
3563211408||3563211415||1109653200||it||
3563381952||3563381959||1109653200||it||
3563462656||3563479039||1109653200||it||
3563569152||3563577343||1109653200||it||
3563585536||3563601919||1109653200||it||
3563626496||3563634687||1109653200||it||
3563800752||3563800767||1109653200||it||
3563801792||3563801807||1109653200||it||
3563802128||3563802143||1109653200||it||
3563802160||3563802175||1109653200||it||
3563954176||3563962367||1109653200||it||
3563978752||3563995135||1109653200||it||
3564019712||3564027903||1109653200||it||
3564126208||3564134399||1109653200||it||
3564322816||3564331007||1109653200||it||
3564716032||3564724223||1109653200||it||
3564847104||3564855295||1109653200||it||
3564956904||3564956911||1109653200||it||
3564957864||3564957867||1109653200||it||
3564960608||3564960615||1109653200||it||
3564960872||3564960879||1109653200||it||
3565355008||3565420543||1109653200||it||
3565491456||3565491711||1109653200||it||
3565491840||3565491903||1109653200||it||
3565492672||3565492735||1109653200||it||
3565494544||3565494551||1109653200||it||
3565496832||3565497087||1109653200||it||
3565497200||3565497207||1109653200||it||
3565502208||3565502239||1109653200||it||
3566010368||3566075903||1109653200||it||
3567403008||3567419391||1109653200||it||
3567446608||3567446623||1109653200||it||
3567591424||3567599615||1109653200||it||
3567976448||3568041983||1109653200||it||
3568369664||3568435199||1109653200||it||
3568798096||3568798111||1109653200||it||
3568800992||3568801007||1109653200||it||
3568803840||3568812031||1109653200||it||
3568916400||3568916407||1109653200||it||
3568939520||3568939527||1109653200||it||
3568946664||3568946679||1109653200||it||
3569188864||3569221631||1109653200||it||
3569271936||3569271943||1109653200||it||
3569731504||3569731535||1109653200||it||
3569731632||3569731647||1109653200||it||
3569731984||3569731999||1109653200||it||
3569732960||3569732975||1109653200||it||
3569743600||3569743615||1109653200||it||
3570532352||3570597887||1109653200||it||
3570925568||3570991103||1109653200||it||
3572432896||3572436047||1109653200||it||
3572436064||3572442495||1109653200||it||
3572442512||3572447231||1109653200||it||
3572447264||3572465663||1109653200||it||
3572826112||3572891647||1109653200||it||
3573733376||3573734399||1109653200||it||
3574956032||3574972415||1109653200||it||
3575250944||3575316479||1109653200||it||
3575630336||3575630463||1109653200||it||
3575631696||3575631711||1109653200||it||
3575634768||3575634775||1109653200||it||
3575634928||3575634935||1109653200||it||
3575635168||3575635183||1109653200||it||
3576056000||3576056063||1109653200||it||
3576496128||3576561663||1109653200||it||
3577329408||3577329471||1109653200||it||
3577652224||3577652671||1109653200||it||
3577653248||3577655295||1109653200||it||
3578920960||3578986495||1109653200||it||
3579197888||3579197903||1109653200||it||
3579314176||3579346943||1109653200||it||
3579576320||3579579263||1109653200||it||
3579579296||3579582367||1109653200||it||
3579582400||3579596175||1109653200||it||
3579596192||3579596927||1109653200||it||
3579597056||3579600191||1109653200||it||
3579600208||3579601471||1109653200||it||
3579601488||3579605487||1109653200||it||
3579605504||3579609087||1109653200||it||
3582345216||3582353407||1109653200||it||
3582443520||3582451711||1109653200||it||
3582492672||3582509055||1109653200||it||
3582631936||3582640127||1109653200||it||
3582722048||3582730239||1109653200||it||
3582738432||3582746623||1109653200||it||
3582771200||3582779391||1109653200||it||
3583000576||3583008767||1109653200||it||
3583025152||3583032319||1109653200||it||
3583032832||3583041535||1109653200||it||
3583049728||3583057919||1109653200||it||
3583549440||3583558399||1109653200||it||
3583558528||3583565823||1109653200||it||
3583754240||3583762431||1109653200||it||
3583772352||3583772367||1109653200||it||
3583778816||3583787007||1109653200||it||
3583918080||3583926271||1109653200||it||
3584016384||3584024575||1109653200||it||
3584540672||3584548863||1109653200||it||
3584778240||3584786431||1109653200||it||
3584794624||3584802815||1109653200||it||
3584909312||3584917503||1109653200||it||
3584972384||3584972415||1109653200||it||
3584991232||3584999423||1109653200||it||
3585015808||3585023999||1109653200||it||
3585220608||3585228799||1109653200||it||
3585261568||3585269759||1109653200||it||
3585572864||3585581055||1109653200||it||
3585671168||3585679359||1109653200||it||
3585916928||3585925119||1109653200||it||
3586190336||3586190847||1109653200||it||
3586555904||3586572287||1109653200||it||
3586588672||3586596863||1109653200||it||
3586679584||3586679599||1109653200||it||
3586679616||3586679647||1109653200||it||
3586679680||3586679711||1109653200||it||
3586883584||3586899967||1109653200||it||
3586916352||3586924543||1109653200||it||
3586981888||3586998271||1109653200||it||
3587244032||3587260415||1109653200||it||
3587284992||3587287295||1109653200||it||
3587287364||3587287367||1109653200||it||
3587287432||3587287435||1109653200||it||
3587287452||3587287455||1109653200||it||
3587287460||3587287463||1109653200||it||
3587287480||3587287535||1109653200||it||
3587287600||3587287679||1109653200||it||
3587287720||3587287723||1109653200||it||
3587287728||3587287807||1109653200||it||
3587287888||3587287935||1109653200||it||
3587287948||3587287959||1109653200||it||
3587287984||3587288575||1109653200||it||
3587288760||3587288959||1109653200||it||
3587289376||3587289383||1109653200||it||
3587289408||3587289411||1109653200||it||
3587289416||3587289423||1109653200||it||
3587289468||3587289855||1109653200||it||
3587289860||3587289863||1109653200||it||
3587289872||3587289895||1109653200||it||
3587289912||3587289915||1109653200||it||
3587289920||3587290367||1109653200||it||
3587290496||3587290623||1109653200||it||
3587291140||3587291967||1109653200||it||
3587292032||3587292159||1109653200||it||
3587292224||3587292415||1109653200||it||
3587292420||3587292799||1109653200||it||
3587292864||3587309567||1109653200||it||
3587473408||3587489791||1109653200||it||
3587506176||3587538943||1109653200||it||
3587588096||3587596287||1109653200||it||
3587670016||3587674735||1109653200||it||
3587674752||3587702783||1109653200||it||
3587801088||3587817471||1109653200||it||
3587842048||3587850239||1109653200||it||
3588341760||3588358143||1109653200||it||
3588653056||3588661247||1109653200||it||
3588816896||3588833279||1109653200||it||
3588915200||3588931583||1109653200||it||
3589423104||3589423615||1109653200||it||
3589433344||3589433375||1109653200||it||
3589521408||3589537791||1109653200||it||
3589668864||3589677055||1109653200||it||
3589827712||3589827719||1109653200||it||
3590193152||3590201343||1109653200||it||
3590258688||3590291455||1109653200||it||
3641016832||3641016839||1109653200||it||
3641158424||3641158431||1109653200||it||
3641262080||3641266175||1109653200||it||
3641376768||3641380863||1109653200||it||
3641393152||3641401343||1109653200||it||
3641475072||3641479167||1109653200||it||
3641483264||3641491455||1109653200||it||
3641692160||3641696255||1109653200||it||
3641835520||3641839615||1109653200||it||
3641860096||3641868287||1109653200||it||
3641888768||3641892863||1109653200||it||
3641937920||3641942015||1109653200||it||
3641966592||3641970687||1109653200||it||
3642105856||3642109951||1109653200||it||
3642150912||3642163199||1109653200||it||
3642380288||3642384383||1109653200||it||
3642417152||3642421247||1109653200||it||
3642441728||3642449919||1109653200||it||
3642454016||3642458111||1109653200||it||
3642490880||3642494975||1109653200||it||
3642519552||3642523647||1109653200||it||
3642572800||3642576895||1109653200||it||
3642597376||3642601471||1109653200||it||
3642621952||3642626047||1109653200||it||
3642671104||3642675199||1109653200||it||
3642716160||3642720255||1109653200||it||
3644325888||3644588031||1109653200||it||
3644829076||3644829079||1109653200||it||
3644899328||3644903423||1109653200||it||
3644932096||3644936191||1109653200||it||
3645280256||3645281279||1109653200||it||
3645281536||3645281791||1109653200||it||
3645281920||3645282047||1109653200||it||
3645282304||3645284351||1109653200||it||
3645325312||3645329407||1109653200||it||
3645382656||3645386751||1109653200||it||
3645399040||3645403135||1109653200||it||
3645493248||3645501439||1109653200||it||
3645636608||3645640703||1109653200||it||
3645689856||3645693951||1109653200||it||
3645722624||3645726719||1109653200||it||
3645763586||3645763587||1109653200||it||
3645763591||3645763591||1109653200||it||
3645763595||3645763595||1109653200||it||
3645763598||3645763598||1109653200||it||
3645763641||3645763641||1109653200||it||
3645763668||3645763668||1109653200||it||
3645763679||3645763679||1109653200||it||
3645763702||3645763702||1109653200||it||
3645763720||3645763720||1109653200||it||
3645763724||3645763726||1109653200||it||
3645763729||3645763730||1109653200||it||
3645763743||3645763743||1109653200||it||
3645763791||3645763791||1109653200||it||
3645763795||3645763795||1109653200||it||
3645763807||3645763807||1109653200||it||
3645763809||3645763809||1109653200||it||
3645763814||3645763814||1109653200||it||
3645763826||3645763826||1109653200||it||
3645763847||3645763847||1109653200||it||
3645763850||3645763850||1109653200||it||
3645763860||3645763860||1109653200||it||
3645763884||3645763884||1109653200||it||
3645763907||3645763908||1109653200||it||
3645763917||3645763918||1109653200||it||
3645763934||3645763934||1109653200||it||
3645763952||3645763952||1109653200||it||
3645763954||3645763954||1109653200||it||
3645763960||3645763960||1109653200||it||
3645763967||3645763967||1109653200||it||
3645763970||3645763970||1109653200||it||
3645763972||3645763972||1109653200||it||
3645763976||3645763976||1109653200||it||
3645763979||3645763979||1109653200||it||
3645763982||3645763982||1109653200||it||
3645763994||3645763994||1109653200||it||
3645764001||3645764001||1109653200||it||
3645764006||3645764006||1109653200||it||
3645764016||3645764016||1109653200||it||
3645764020||3645764020||1109653200||it||
3645764035||3645764035||1109653200||it||
3645764038||3645764038||1109653200||it||
3645764061||3645764061||1109653200||it||
3645764066||3645764066||1109653200||it||
3645764068||3645764068||1109653200||it||
3645764086||3645764086||1109653200||it||
3645764094||3645764094||1109653200||it||
3645764098||3645764098||1109653200||it||
3645764104||3645764105||1109653200||it||
3645764112||3645764112||1109653200||it||
3645764121||3645764121||1109653200||it||
3645764135||3645764135||1109653200||it||
3645764159||3645764159||1109653200||it||
3645764170||3645764170||1109653200||it||
3645764173||3645764173||1109653200||it||
3645764185||3645764185||1109653200||it||
3645764190||3645764190||1109653200||it||
3645764196||3645764196||1109653200||it||
3645764200||3645764200||1109653200||it||
3645764202||3645764202||1109653200||it||
3645764207||3645764207||1109653200||it||
3645764217||3645764217||1109653200||it||
3645764221||3645764221||1109653200||it||
3645764233||3645764233||1109653200||it||
3645764236||3645764236||1109653200||it||
3645764247||3645764247||1109653200||it||
3645764259||3645764259||1109653200||it||
3645764263||3645764264||1109653200||it||
3645764271||3645764271||1109653200||it||
3645764273||3645764273||1109653200||it||
3645764280||3645764280||1109653200||it||
3645764285||3645764285||1109653200||it||
3645764293||3645764294||1109653200||it||
3645764302||3645764302||1109653200||it||
3645764316||3645764316||1109653200||it||
3645764320||3645764320||1109653200||it||
3645764342||3645764342||1109653200||it||
3645764346||3645764346||1109653200||it||
3645764350||3645764350||1109653200||it||
3645764359||3645764359||1109653200||it||
3645764368||3645764368||1109653200||it||
3645764422||3645764422||1109653200||it||
3645764442||3645764442||1109653200||it||
3645764457||3645764457||1109653200||it||
3645764459||3645764459||1109653200||it||
3645765140||3645765143||1109653200||it||
3645765148||3645765151||1109653200||it||
3645765156||3645765171||1109653200||it||
3645765232||3645765235||1109653200||it||
3645765244||3645765247||1109653200||it||
3645765264||3645765267||1109653200||it||
3645765272||3645765275||1109653200||it||
3645765288||3645765291||1109653200||it||
3645765304||3645765311||1109653200||it||
3645765316||3645765319||1109653200||it||
3645765336||3645765339||1109653200||it||
3645765352||3645765355||1109653200||it||
3645765368||3645765371||1109653200||it||
3645765412||3645765415||1109653200||it||
3645765424||3645765427||1109653200||it||
3645765508||3645765511||1109653200||it||
3645765524||3645765527||1109653200||it||
3645765556||3645765559||1109653200||it||
3645765576||3645765579||1109653200||it||
3645765612||3645765615||1109653200||it||
3645765696||3645765699||1109653200||it||
3648114688||3648118783||1109653200||it||
3648193376||3648193407||1109653200||it||
3648196608||3648200703||1109653200||it||
3648389120||3648393215||1109653200||it||
3648419456||3648419519||1109653200||it||
3648425984||3648430079||1109653200||it||
3648450560||3648454655||1109653200||it||
3648487424||3648491519||1109653200||it||
3649372160||3649437695||1109653200||it||
3649896448||3649961983||1109653200||it||
3650135296||3650135311||1109653200||it||
3650240512||3650244607||1109653200||it||
3650322432||3650330623||1109653200||it||
3650379776||3650387967||1109653200||it||
3650441216||3650445311||1109653200||it||
3651723264||3651727359||1109653200||it||
3651756032||3651764223||1109653200||it||
3651793920||3651794943||1109653200||it||
3651837952||3651842047||1109653200||it||
3651854336||3651858431||1109653200||it||
3651870720||3651874815||1109653200||it||
3651903488||3651907583||1109653200||it||
3651928064||3651932159||1109653200||it||
3651960832||3651964927||1109653200||it||
3651977216||3651985407||1109653200||it||
3652071424||3652075519||1109653200||it||
3652087808||3652091903||1109653200||it||
3652136960||3652141055||1109653200||it||
3653369856||3653373951||1109653200||it||
3653414912||3653419007||1109653200||it||
3653444352||3653444383||1109653200||it||
3653697536||3653705167||1109653200||it||
3653705176||3653705727||1109653200||it||
3653763072||3654025215||1109653200||it||
3655073792||3655335935||1109653200||it||
