--||--||--||jp||Japan
721420288||738197503||1109653200||jp||
973078528||973209599||1109653200||jp||
973340672||973471743||1109653200||jp||
973864960||973996031||1109653200||jp||
977666048||977698815||1127877481||jp||
977698816||977731583||1127877511||jp||
978321408||978452479||1137131251||jp||
978649088||978714623||1138941269||jp||
978812928||978845695||1127102028||jp||
978845696||979369983||1126111213||jp||
979501056||979566591||1135581049||jp||
982122496||982155263||1131245199||jp||
983302144||983564287||1141188791||jp||
985399296||985661439||1128056775||jp||
995360768||995532799||1109653200||jp||
995557376||995622911||1109653200||jp||
996802560||996868095||1109653200||jp||
998244352||999292927||1109653200||jp||
999882752||999948287||1109653200||jp||
1000079360||1000341503||1109653200||jp||
1000734720||1000800255||1109653200||jp||
1000865792||1001127935||1109653200||jp||
1002307584||1002373119||1109653200||jp||
1008730112||1009778687||1109653200||jp||
1010302976||1010733055||1109653200||jp||
1010827264||1017118719||1109653200||jp||
1019215872||1019346943||1109653200||jp||
1022099456||1022230527||1109653200||jp||
1023213568||1023229951||1109653200||jp||
1023705088||1023717375||1109653200||jp||
1023868928||1023901695||1109653200||jp||
1024163840||1024184319||1109653200||jp||
1024786432||1025245183||1109653200||jp||
1026293760||1026392063||1109653200||jp||
1026424832||1026490367||1109653200||jp||
1029046272||1029144575||1109653200||jp||
1029242880||1029308415||1109653200||jp||
1030750208||1031798783||1109653200||jp||
1035993088||1037565951||1109653200||jp||
1066830984||1066831007||1109653200||jp||
1066831040||1066831071||1109653200||jp||
1077452800||1077460991||1109653200||jp||
2035286016||2035548159||1160890922||jp||
2037383168||2037907455||1159669096||jp||
2046885888||2046951423||1160960369||jp||
2047868928||2048917503||1160960280||jp||
2081554432||2081619967||1152165615||jp||
2081947648||2082209791||1152165681||jp||
2082471936||2082996223||1154657163||jp||
2085847040||2085879807||1161835318||jp||
2085879808||2086141951||1153278957||jp||
2086666240||2087190527||1152556433||jp||
2087583744||2087649279||1154923612||jp||
2089959424||2089967615||1153981495||jp||
2090532864||2090565631||1157338771||jp||
2097086464||2097151999||1156046093||jp||
2097152000||2097283071||1161921577||jp||
2097283072||2097414143||1154576409||jp||
2097676288||2098200575||1153258466||jp||
2098987008||2099118079||1161312381||jp||
2099118080||2099183615||1152760628||jp||
2100297728||2100822015||1156302263||jp||
2103705600||2103967743||1152325749||jp||
2108424192||2108686335||1152325776||jp||
2109734912||2110259199||1153457176||jp||
2110259200||2110783487||1153533276||jp||
2113929216||2130706431||1109653200||jp||
2168193024||2168258559||1109653200||jp||
2173173760||2173239295||1109653200||jp||
2180579328||2180644863||1109653200||jp||
2183266304||2183331839||1109653200||jp||
2184577024||2184642559||1109653200||jp||
2185560064||2185625599||1109653200||jp||
2186739712||2186805247||1109653200||jp||
2191065088||2191130623||1109653200||jp||
2191392768||2191458303||1109653200||jp||
2205155328||2205286399||1109653200||jp||
2211315712||2211381247||1109653200||jp||
2214068224||2214133759||1109653200||jp||
2226323456||2226388991||1109653200||jp||
2226520064||2226585599||1109653200||jp||
2229141504||2229207039||1109653200||jp||
2231369728||2248146943||1109653200||jp||
2258591776||2258591807||1109653200||jp||
2258591848||2258591855||1109653200||jp||
2258592256||2258592383||1109653200||jp||
2258595604||2258595607||1109653200||jp||
2258595856||2258595863||1109653200||jp||
2258601200||2258601207||1109653200||jp||
2258632704||2258698239||1109653200||jp||
2259943424||2260008959||1109653200||jp||
2263678976||2263744511||1109653200||jp||
2293956608||2294022143||1109653200||jp||
2294677504||2294743039||1109653200||jp||
2308505600||2308571135||1109653200||jp||
2317221888||2317287423||1109653200||jp||
2321874944||2321940479||1109653200||jp||
2322268160||2322333695||1109653200||jp||
2329149440||2329280511||1109653200||jp||
2331181056||2331246591||1109653200||jp||
2341994496||2342060031||1109653200||jp||
2342125568||2342191103||1109653200||jp||
2354118656||2354184191||1109653200||jp||
2377252864||2377318399||1109653200||jp||
2380595200||2380660735||1109653200||jp||
2405040128||2405105663||1109653200||jp||
2405302272||2405367807||1109653200||jp||
2407333888||2407399423||1109653200||jp||
2408054784||2408120319||1109653200||jp||
2410348544||2410414079||1109653200||jp||
2412314624||2412380159||1109653200||jp||
2413625344||2413690879||1109653200||jp||
2415722496||2415788031||1109653200||jp||
2415984640||2416050175||1109653200||jp||
2429878272||2429943807||1109653200||jp||
2452815872||2452881407||1109653200||jp||
2453143552||2453209087||1109653200||jp||
2455371776||2455437311||1109653200||jp||
2457141248||2457206783||1109653200||jp||
2470182912||2470248447||1109653200||jp||
2476539904||2476605439||1109653200||jp||
2477785088||2477850623||1109653200||jp||
2493579264||2493644799||1109653200||jp||
2516647936||2523201535||1109653200||jp||
2543714304||2543779839||1109653200||jp||
2544631808||2544697343||1109653200||jp||
2585853952||2585985023||1109653200||jp||
2610954240||2611019775||1109653200||jp||
2634088448||2635399167||1109653200||jp||
2638151680||2639462399||1109653200||jp||
2640642048||2641952767||1109653200||jp||
2646605824||2646671359||1109653200||jp||
2647457792||2647523327||1109653200||jp||
2663776256||2665086975||1109653200||jp||
2672820224||2672885759||1109653200||jp||
2681405440||2681470975||1109653200||jp||
2682519552||2682585087||1109653200||jp||
2685075456||2686386175||1109653200||jp||
2689204224||2689269759||1109653200||jp||
2696478720||2697789439||1109653200||jp||
2698444800||2698510335||1109653200||jp||
2699624448||2700935167||1109653200||jp||
2706046976||2706112511||1109653200||jp||
2707226624||2707488767||1109653200||jp||
2708865024||2708930559||1109653200||jp||
2717384704||2717450239||1109653200||jp||
2718171136||2718236671||1109653200||jp||
2737438720||2738618367||1109653200||jp||
2738683904||2738749439||1109653200||jp||
2743205888||2744516607||1109653200||jp||
2748317696||2748645375||1109653200||jp||
2748710912||2749235199||1109653200||jp||
2749300736||2749628415||1109653200||jp||
2754281472||2754347007||1109653200||jp||
2754478080||2754543615||1109653200||jp||
2755985408||2756182015||1109653200||jp||
2761949184||2762211327||1109653200||jp||
2769158144||2769289215||1109653200||jp||
2769354752||2769485823||1109653200||jp||
2773221376||2773286911||1109653200||jp||
2774335488||2774401023||1109653200||jp||
2774532096||2774597631||1109653200||jp||
2774728704||2774990847||1109653200||jp||
2775318528||2775384063||1109653200||jp||
2784034816||2784165887||1109653200||jp||
2791571456||2791636991||1109653200||jp||
2792751104||2792882175||1109653200||jp||
2812870656||2812936191||1109653200||jp||
2813263872||2813329407||1109653200||jp||
2823749632||2823815167||1109653200||jp||
3221608448||3221608703||1109653200||jp||
3222319616||3222320127||1109653200||jp||
3222931712||3222931967||1109653200||jp||
3222952704||3222952959||1109653200||jp||
3222953216||3222953727||1109653200||jp||
3222953984||3222954239||1109653200||jp||
3223286784||3223289087||1109653200||jp||
3223307520||3223310079||1109653200||jp||
3223422720||3223422975||1109653200||jp||
3223958016||3223963135||1109653200||jp||
3223999488||3224000255||1109653200||jp||
3224004352||3224005631||1109653200||jp||
3224038656||3224038911||1109653200||jp||
3224088064||3224088319||1109653200||jp||
3224091904||3224092159||1109653200||jp||
3224094976||3224095487||1109653200||jp||
3224100864||3224101119||1109653200||jp||
3224305664||3224367615||1109653200||jp||
3224502272||3224567807||1109653200||jp||
3224571904||3224633343||1109653200||jp||
3224663808||3224671999||1109653200||jp||
3224827648||3224827903||1109653200||jp||
3224858112||3224858367||1109653200||jp||
3224860160||3224860415||1109653200||jp||
3224886272||3224886527||1109653200||jp||
3224890880||3224891135||1109653200||jp||
3225028864||3225031423||1109653200||jp||
3225051392||3225052671||1109653200||jp||
3225710080||3225710591||1109653200||jp||
3225742080||3225745919||1109653200||jp||
3225858816||3225860095||1109653200||jp||
3226270720||3226271487||1109653200||jp||
3226633216||3226633471||1109653200||jp||
3226691584||3226691839||1109653200||jp||
3226705152||3226705407||1109653200||jp||
3226720512||3226721279||1109653200||jp||
3226748672||3226749439||1109653200||jp||
3227013120||3227013375||1109653200||jp||
3227018496||3227019007||1109653200||jp||
3227442176||3227442431||1109653200||jp||
3227446784||3227447039||1109653200||jp||
3227659776||3227660031||1109653200||jp||
3227986432||3227986943||1109653200||jp||
3228051456||3228051711||1109653200||jp||
3228061696||3228061951||1109653200||jp||
3228085248||3228085503||1109653200||jp||
3228100608||3228101119||1109653200||jp||
3228104192||3228104703||1109653200||jp||
3229878272||3229878527||1109653200||jp||
3229884160||3229884415||1109653200||jp||
3229953792||3229954047||1109653200||jp||
3230095616||3230100735||1109653200||jp||
3230129664||3230129919||1109653200||jp||
3230840832||3230841087||1109653200||jp||
3231043840||3231044095||1109653200||jp||
3231204608||3231204863||1109653200||jp||
3231241216||3231241471||1109653200||jp||
3231254016||3231254271||1109653200||jp||
3231276800||3231281919||1109653200||jp||
3231484928||3231490047||1109653200||jp||
3231505408||3231505663||1109653200||jp||
3231752448||3231752703||1109653200||jp||
3232555776||3232556287||1109653200||jp||
3232557056||3232560895||1109653200||jp||
3232661504||3232694271||1109653200||jp||
3233564928||3233570047||1109653200||jp||
3233617920||3233618175||1109653200||jp||
3235512320||3235577855||1109653200||jp||
3236575744||3236575999||1109653200||jp||
3237216256||3237281791||1109653200||jp||
3262473216||3262473323||1109653200||jp||
3262473328||3262473471||1109653200||jp||
3262474792||3262474815||1109653200||jp||
3262474896||3262475007||1109653200||jp||
3323003136||3323003391||1109653200||jp||
3323033088||3323033343||1109653200||jp||
3326729216||3326729471||1109653200||jp||
3339076864||3339077631||1109653200||jp||
3345442560||3345442815||1109653200||jp||
3389014272||3389014783||1109653200||jp||
3389016064||3389016575||1109653200||jp||
3389017088||3389017343||1109653200||jp||
3389021440||3389021695||1109653200||jp||
3389116416||3389120511||1109653200||jp||
3389151232||3389152255||1109653200||jp||
3389161472||3389165286||1109653200||jp||
3389165288||3389165631||1109653200||jp||
3389165696||3389194239||1109653200||jp||
3389229056||3389229311||1109653200||jp||
3389230080||3389235199||1109653200||jp||
3389322240||3389323263||1109653200||jp||
3389323776||3389324031||1109653200||jp||
3389341696||3389345791||1109653200||jp||
3389415936||3389416191||1109653200||jp||
3389417216||3389417471||1109653200||jp||
3389453312||3389454335||1109653200||jp||
3389455360||3389456383||1109653200||jp||
3389460480||3389464575||1109653200||jp||
3389480960||3389489151||1109653200||jp||
3389523456||3389523967||1109653200||jp||
3389528576||3389530111||1109653200||jp||
3389534208||3389538303||1109653200||jp||
3389541632||3389541887||1109653200||jp||
3389542400||3389543423||1109653200||jp||
3389575168||3389579233||1109653200||jp||
3389640704||3389644799||1109653200||jp||
3389677568||3389685759||1109653200||jp||
3389718528||3389784063||1109653200||jp||
3389786112||3389788159||1109653200||jp||
3389790976||3389791231||1109653200||jp||
3389791744||3389791999||1109653200||jp||
3389846528||3389847551||1109653200||jp||
3389849600||3389915135||1109653200||jp||
3389980672||3390308351||1109653200||jp||
3390331392||3390331647||1109653200||jp||
3390339840||3390340351||1109653200||jp||
3390402560||3390406655||1109653200||jp||
3390412288||3390413311||1109653200||jp||
3390414848||3390418943||1109653200||jp||
3390455808||3390472191||1109653200||jp||
3390492672||3390496767||1109653200||jp||
3390504960||3390767103||1109653200||jp||
3391094784||3391356927||1109653200||jp||
3391718912||3391719167||1109653200||jp||
3391734784||3391736831||1109653200||jp||
3391737856||3391741951||1109653200||jp||
3391819776||3391823871||1109653200||jp||
3391877120||3391879167||1109653200||jp||
3391906048||3391906303||1109653200||jp||
3391949824||3391950079||1109653200||jp||
3391979776||3391980031||1109653200||jp||
3392081920||3392086015||1109653200||jp||
3392143360||3392208895||1109653200||jp||
3392340992||3392344063||1109653200||jp||
3392348160||3392354303||1109653200||jp||
3392409600||3392413695||1109653200||jp||
3392450560||3392454655||1109653200||jp||
3392475136||3392479231||1109653200||jp||
3392499712||3392503807||1109653200||jp||
3392524288||3392528383||1109653200||jp||
3392630784||3392634879||1109653200||jp||
3392651264||3392659455||1109653200||jp||
3392671744||3392675839||1109653200||jp||
3392684032||3392688127||1109653200||jp||
3392790528||3392794623||1109653200||jp||
3392798976||3392799231||1109653200||jp||
3392802816||3392806911||1109653200||jp||
3392835584||3392839679||1109653200||jp||
3392892928||3392897023||1109653200||jp||
3392909312||3392913407||1109653200||jp||
3392933888||3392942079||1109653200||jp||
3392970752||3392978943||1109653200||jp||
3392995584||3392995839||1109653200||jp||
3392999424||3393003519||1109653200||jp||
3393101824||3393105919||1109653200||jp||
3393392640||3393396735||1109653200||jp||
3393400832||3393404927||1109653200||jp||
3393548288||3393552383||1109653200||jp||
3393576960||3393581055||1109653200||jp||
3393630208||3393634303||1109653200||jp||
3393638400||3393650687||1109653200||jp||
3393662976||3393675263||1109653200||jp||
3393728512||3393732607||1109653200||jp||
3393798144||3393806335||1109653200||jp||
3393816576||3393818623||1109653200||jp||
3393835008||3393839103||1109653200||jp||
3393851392||3393855487||1109653200||jp||
3393914880||3393916927||1109653200||jp||
3393941504||3393945599||1109653200||jp||
3393970176||3393974271||1109653200||jp||
3394027520||3394035711||1109653200||jp||
3394154496||3394158591||1109653200||jp||
3394162688||3394166783||1109653200||jp||
3394174976||3394179071||1109653200||jp||
3394207744||3394215935||1109653200||jp||
3394236416||3394238463||1109653200||jp||
3394308096||3394310143||1109653200||jp||
3394326528||3394330623||1109653200||jp||
3394469888||3394478079||1109653200||jp||
3394494464||3394498559||1109653200||jp||
3394514944||3394519039||1109653200||jp||
3394523136||3394527231||1109653200||jp||
3394691072||3394697215||1109653200||jp||
3394715648||3394719743||1109653200||jp||
3394756608||3394760703||1109653200||jp||
3394777088||3394781183||1109653200||jp||
3394835968||3394836479||1109653200||jp||
3394850816||3394854911||1109653200||jp||
3394887680||3394891775||1109653200||jp||
3394940928||3394945023||1109653200||jp||
3394949120||3394953215||1109653200||jp||
3394973696||3394977791||1109653200||jp||
3394990080||3394994175||1109653200||jp||
3394998272||3395002367||1109653200||jp||
3395014656||3395018751||1109653200||jp||
3395108864||3395117055||1109653200||jp||
3395170304||3395174399||1109653200||jp||
3395190784||3395198975||1109653200||jp||
3395203072||3395215359||1109653200||jp||
3395231744||3395239935||1109653200||jp||
3395264512||3395272703||1109653200||jp||
3395276800||3395280895||1109653200||jp||
3397005312||3397009407||1109653200||jp||
3397038080||3397058559||1109653200||jp||
3397087232||3397091327||1109653200||jp||
3397124096||3397128191||1109653200||jp||
3397136384||3397140479||1109653200||jp||
3397177344||3397181439||1109653200||jp||
3397201920||3397206015||1109653200||jp||
3397258064||3397258079||1109653200||jp||
3397312512||3397316607||1109653200||jp||
3397832704||3397836799||1109653200||jp||
3397844992||3397853951||1109653200||jp||
3397854208||3397855231||1109653200||jp||
3397855240||3397881503||1109653200||jp||
3397881536||3397903103||1109653200||jp||
3397903360||3397910015||1109653200||jp||
3397910272||3397910527||1109653200||jp||
3397959680||3397963775||1109653200||jp||
3397984256||3397992447||1109653200||jp||
3398172672||3398180863||1109653200||jp||
3398221824||3398230015||1109653200||jp||
3398287360||3398291455||1109653200||jp||
3398418432||3398434815||1109653200||jp||
3398918144||3398926335||1109653200||jp||
3398983680||3398991871||1109653200||jp||
3399286784||3399303167||1109653200||jp||
3399311360||3399319551||1109653200||jp||
3399344128||3399352319||1109653200||jp||
3399598080||3399614463||1109653200||jp||
3399643136||3399655423||1109653200||jp||
3399720960||3399725055||1109653200||jp||
3399761920||3399770111||1109653200||jp||
3400089600||3400097791||1109653200||jp||
3400105984||3400114175||1109653200||jp||
3400163328||3400167423||1109653200||jp||
3400183808||3400187903||1109653200||jp||
3400224768||3400228863||1109653200||jp||
3400237056||3400245247||1109653200||jp||
3400286208||3400294399||1109653200||jp||
3400359936||3400364031||1109653200||jp||
3400413184||3400417279||1109653200||jp||
3400450048||3400458239||1109653200||jp||
3400503296||3400507391||1109653200||jp||
3400536064||3400548351||1109653200||jp||
3400609792||3400630271||1109653200||jp||
3400683520||3400691711||1109653200||jp||
3400736768||3400744959||1109653200||jp||
3400769536||3400773631||1109653200||jp||
3400777728||3400790015||1109653200||jp||
3400802304||3400806399||1109653200||jp||
3400839168||3400847359||1109653200||jp||
3400884224||3400888319||1109653200||jp||
3401003008||3401007103||1109653200||jp||
3401011200||3401015295||1109653200||jp||
3401112320||3401112335||1109653200||jp||
3401420800||3401424895||1109653200||jp||
3401433088||3401441279||1109653200||jp||
3401519104||3401523199||1109653200||jp||
3402629120||3404857954||1109653200||jp||
3404857956||3404857966||1109653200||jp||
3404857968||3405774847||1109653200||jp||
3407608716||3407608736||1109653200||jp||
3410771968||3410780159||1109653200||jp||
3410944000||3410952191||1109653200||jp||
3410964480||3410968575||1109653200||jp||
3411086336||3411087359||1109653200||jp||
3411615744||3411623935||1109653200||jp||
3411779584||3411787775||1109653200||jp||
3412008960||3412017151||1109653200||jp||
3412615168||3412656127||1109653200||jp||
3412672512||3412680703||1109653200||jp||
3413008384||3413016575||1109653200||jp||
3413114880||3413119383||1109653200||jp||
3413119388||3413131263||1109653200||jp||
3413573888||3413574143||1109653200||jp||
3413583872||3413584127||1109653200||jp||
3414409216||3414413311||1109653200||jp||
3414523904||3414532095||1109653200||jp||
3414671360||3415080959||1109653200||jp||
3415334912||3415343103||1109653200||jp||
3416457216||3416460799||1109653200||jp||
3416461056||3416465663||1109653200||jp||
3416465920||3416471039||1109653200||jp||
3416471296||3416474111||1109653200||jp||
3416474240||3416474639||1109653200||jp||
3416474648||3416474743||1109653200||jp||
3416474752||3416474775||1109653200||jp||
3416474784||3416474847||1109653200||jp||
3416474856||3416475199||1109653200||jp||
3416475232||3416475455||1109653200||jp||
3416475488||3416475615||1109653200||jp||
3416475920||3416475951||1109653200||jp||
3416475960||3416476031||1109653200||jp||
3416476064||3416476071||1109653200||jp||
3416476080||3416476103||1109653200||jp||
3416476128||3416477215||1109653200||jp||
3416477224||3416477759||1109653200||jp||
3416477824||3416477951||1109653200||jp||
3416477984||3416478143||1109653200||jp||
3416478176||3416478303||1109653200||jp||
3416478336||3416481823||1109653200||jp||
3416481840||3416481855||1109653200||jp||
3416481872||3416481903||1109653200||jp||
3416481936||3416481967||1109653200||jp||
3416481984||3416482047||1109653200||jp||
3416482064||3416482159||1109653200||jp||
3416482192||3416482255||1109653200||jp||
3416482288||3416482591||1109653200||jp||
3416482608||3416483327||1109653200||jp||
3416483392||3416483407||1109653200||jp||
3416483424||3416483567||1109653200||jp||
3416483584||3416483839||1109653200||jp||
3416483848||3416483863||1109653200||jp||
3416483872||3416483903||1109653200||jp||
3416483912||3416484143||1109653200||jp||
3416484160||3416484175||1109653200||jp||
3416484208||3416485823||1109653200||jp||
3416485856||3416485887||1109653200||jp||
3416485904||3416485911||1109653200||jp||
3416485928||3416485935||1109653200||jp||
3416485944||3416486039||1109653200||jp||
3416486048||3416486063||1109653200||jp||
3416486088||3416487167||1109653200||jp||
3416487176||3416487183||1109653200||jp||
3416487200||3416487303||1109653200||jp||
3416487312||3416487423||1109653200||jp||
3416487488||3416488578||1109653200||jp||
3416488581||3416489983||1109653200||jp||
3416588288||3416653823||1109653200||jp||
3416801280||3416817663||1109653200||jp||
3417014272||3417022463||1109653200||jp||
3417128960||3417133055||1109653200||jp||
3417194496||3417198591||1109653200||jp||
3417227264||3417243647||1109653200||jp||
3417440256||3417706095||1109653200||jp||
3417706100||3417716655||1109653200||jp||
3417716660||3417833471||1109653200||jp||
3418382336||3418390527||1109653200||jp||
3418394880||3418395135||1109653200||jp||
3418395904||3418396415||1109653200||jp||
3418505216||3418506831||1109653200||jp||
3418506848||3418507043||1109653200||jp||
3418507048||3418507071||1109653200||jp||
3418507076||3418508543||1109653200||jp||
3418508576||3418508927||1109653200||jp||
3418508992||3418509055||1109653200||jp||
3418509120||3418511107||1109653200||jp||
3418511116||3418511383||1109653200||jp||
3418511392||3418513407||1109653200||jp||
3418644480||3418649439||1109653200||jp||
3418649504||3418649519||1109653200||jp||
3418649536||3418649887||1109653200||jp||
3418649920||3418650719||1109653200||jp||
3418650752||3418651903||1109653200||jp||
3418652164||3418652167||1109653200||jp||
3418652172||3418652175||1109653200||jp||
3418652184||3418652415||1109653200||jp||
3419062272||3419070463||1109653200||jp||
3419209728||3419238399||1109653200||jp||
3419242496||3419275263||1109653200||jp||
3419643904||3419668479||1109653200||jp||
3419930624||3419971583||1109653200||jp||
3419979776||3419996159||1109653200||jp||
3420335632||3420335640||1109653200||jp||
3420335648||3420335871||1109653200||jp||
3420336128||3420336183||1109653200||jp||
3420336200||3420336207||1109653200||jp||
3420336256||3420336287||1109653200||jp||
3420336320||3420336351||1109653200||jp||
3420336368||3420336895||1109653200||jp||
3420366848||3420366871||1109653200||jp||
3420366912||3420366959||1109653200||jp||
3420366976||3420367039||1109653200||jp||
3420367056||3420367103||1109653200||jp||
3420367360||3420367383||1109653200||jp||
3420367424||3420367487||1109653200||jp||
3420367504||3420367631||1109653200||jp||
3420367648||3420367663||1109653200||jp||
3420367680||3420367743||1109653200||jp||
3420367808||3420367871||1109653200||jp||
3420370944||3420371199||1109653200||jp||
3420371456||3420371775||1109653200||jp||
3420405760||3420409855||1109653200||jp||
3427769600||3427770111||1109653200||jp||
3427785216||3427785471||1109653200||jp||
3437749760||3437750015||1109653200||jp||
3437755136||3437755647||1109653200||jp||
3456303104||3456311295||1109653200||jp||
3465510912||3465543679||1109653200||jp||
3519399936||3519400191||1109653200||jp||
3523731456||3523731503||1109653200||jp||
3523731520||3523731567||1109653200||jp||
3523731584||3523731615||1109653200||jp||
3523739136||3523739455||1109653200||jp||
3523739520||3523739551||1109653200||jp||
3523739576||3523739647||1109653200||jp||
3524526080||3524591615||1109653200||jp||
3526967296||3526994239||1109653200||jp||
3528392704||3528396799||1109653200||jp||
3528425472||3528441855||1109653200||jp||
3528507392||3528589311||1109653200||jp||
3528933376||3528949759||1109653200||jp||
3528982528||3529011135||1109653200||jp||
3529011152||3529056255||1109653200||jp||
3529072640||3529080831||1109653200||jp||
3529097216||3529113599||1109653200||jp||
3531603968||3534749695||1109653200||jp||
3535372288||3535380479||1109653200||jp||
3535536128||3535798271||1109653200||jp||
3535880192||3535896575||1109653200||jp||
3535929344||3535994879||1109653200||jp||
3536060416||3536322559||1109653200||jp||
3536568320||3536584703||1109653200||jp||
3537895424||3538943999||1109653200||jp||
3539402752||3539435519||1109653200||jp||
3539468288||3541303295||1109653200||jp||
3547856896||3548905471||1109653200||jp||
3560945280||3560945355||1109653200||jp||
3560945360||3560945403||1109653200||jp||
3560947456||3560947495||1109653200||jp||
3560947500||3560947686||1109653200||jp||
3560947688||3560947711||1109653200||jp||
3640647680||3640651775||1109653200||jp||
3659628544||3659661311||1109653200||jp||
3660054528||3660578815||1109653200||jp||
3663987968||3663989247||1109653200||jp||
3663990528||3663990783||1109653200||jp||
3663991808||3663992063||1109653200||jp||
3664642048||3664707583||1109653200||jp||
3664773120||3666870271||1109653200||jp||
3668967424||3669491711||1109653200||jp||
3669590016||3669606399||1109653200||jp||
3671588864||3672637439||1109653200||jp||
3673882624||3673948159||1109653200||jp||
3674210304||3674431743||1109653200||jp||
3674432000||3678404607||1109653200||jp||
3678535680||3678666751||1109653200||jp||
3680403456||3680436223||1109653200||jp||
3680501760||3682598911||1109653200||jp||
3684696064||3688366079||1109653200||jp||
3690987520||3695181823||1109653200||jp||
3697278976||3697606655||1109653200||jp||
3697672192||3697737727||1109653200||jp||
3697803264||3698327551||1109653200||jp||
3700424704||3700752383||1109653200||jp||
3700817920||3700973567||1109653200||jp||
3701211136||3701252095||1109653200||jp||
3701276672||3701293055||1109653200||jp||
3701309440||3701473279||1109653200||jp||
3704619008||3705667583||1109653200||jp||
3707174912||3707207679||1109653200||jp||
3707633664||3707699199||1109653200||jp||
3708600320||3708616703||1109653200||jp||
3708813312||3714175487||1109653200||jp||
3714175744||3715629055||1109653200||jp||
3716448256||3716464639||1109653200||jp||
3716497408||3716513791||1109653200||jp||
3718905856||3719036927||1109653200||jp||
3719823360||3720347647||1109653200||jp||
3723493376||3725590527||1109653200||jp||
3733979136||3734503423||1109653200||jp||
3734896640||3735027711||1109653200||jp||
3739222016||3739287551||1109653200||jp||
3739353088||3739570175||1109653200||jp||
3739582464||3739680767||1109653200||jp||
