--||--||--||jo||Jordan
1044668416||1044676607||1109653200||jo||
1346732032||1346736127||1109653200||jo||
1347264512||1347268607||1109653200||jo||
1348059136||1348063231||1109653200||jo||
1348116480||1348120575||1109653200||jo||
1361036840||1361036847||1109653200||jo||
1410473984||1410490367||1109653200||jo||
1449918464||1449951231||1123741376||jo||
1475143680||1475144191||1150864065||jo||
3239130368||3239130623||1109653200||jo||
3245114880||3245115391||1109653200||jo||
3250339840||3250348031||1109653200||jo||
3254523568||3254523583||1109653200||jo||
3265626112||3265634303||1109653200||jo||
3273743360||3273743615||1109653200||jo||
3277479936||3277488127||1109653200||jo||
3281960960||3281969151||1109653200||jo||
3287826432||3287834623||1109653200||jo||
3558984448||3558989823||1109653200||jo||
3558998016||3559006207||1109653200||jo||
3559079936||3559088127||1109653200||jo||
3559292928||3559301119||1109653200||jo||
3564503040||3564511231||1109653200||jo||
3582664704||3582672895||1109653200||jo||
3585777664||3585785855||1109653200||jo||
3641208832||3641212927||1109653200||jo||
3642171392||3642175487||1109653200||jo||
3642617856||3642621951||1109653200||jo||
3650093056||3650097151||1109653200||jo||
