--||--||--||kz||Kazakhstan
1047330816||1047339007||1109653200||kz||
1346431744||1346431999||1109653200||kz||
1357971456||1357975551||1109653200||kz||
1357979648||1357983743||1109653200||kz||
1364740096||1364742143||1109653200||kz||
1383276544||1383284735||1109653200||kz||
1388871680||1388904447||1109653200||kz||
1407033344||1407033855||1109653200||kz||
1425063936||1425080319||1109653200||kz||
1436489728||1436491775||1109653200||kz||
1489797120||1489829887||1148878570||kz||
3239916800||3239917055||1109653200||kz||
3246158592||3246158847||1109653200||kz||
3250708480||3250716671||1109653200||kz||
3253264384||3253264895||1109653200||kz||
3254712832||3254713343||1109653200||kz||
3259178496||3259178751||1109653200||kz||
3259223808||3259224831||1109653200||kz||
3259227392||3259227903||1109653200||kz||
3260288768||3260289023||1109653200||kz||
3260354560||3260355839||1109653200||kz||
3260510208||3260511231||1109653200||kz||
3261777408||3261777919||1109653200||kz||
3262478148||3262478148||1109653200||kz||
3262478167||3262478167||1109653200||kz||
3263657472||3263657727||1109653200||kz||
3266971392||3266971647||1109653200||kz||
3266972160||3266972415||1109653200||kz||
3266973440||3266973695||1109653200||kz||
3267023104||3267023359||1109653200||kz||
3267028992||3267030783||1109653200||kz||
3267031552||3267031807||1109653200||kz||
3267032576||3267032831||1109653200||kz||
3269199616||3269199871||1109653200||kz||
3269623808||3269625855||1109653200||kz||
3269626368||3269627903||1109653200||kz||
3272160000||3272160255||1109653200||kz||
3272161024||3272161279||1109653200||kz||
3272195840||3272196095||1109653200||kz||
3272199424||3272199551||1109653200||kz||
3272368128||3272376319||1109653200||kz||
3274053120||3274053375||1109653200||kz||
3274702592||3274702847||1109653200||kz||
3274821632||3274823679||1109653200||kz||
3276931072||3276939263||1109653200||kz||
3287252736||3287252991||1109653200||kz||
3287266304||3287266319||1109653200||kz||
3287266336||3287266359||1109653200||kz||
3287266368||3287266431||1109653200||kz||
3287266560||3287266895||1109653200||kz||
3287267024||3287267039||1109653200||kz||
3287267160||3287267167||1109653200||kz||
3287267184||3287267201||1109653200||kz||
3287267216||3287267231||1109653200||kz||
3287277312||3287277567||1109653200||kz||
3400434536||3400434543||1109653200||kz||
3400434552||3400434559||1109653200||kz||
3400434648||3400434655||1109653200||kz||
3400434912||3400434927||1109653200||kz||
3400435440||3400435455||1109653200||kz||
3400438784||3400438815||1109653200||kz||
3400439712||3400439743||1109653200||kz||
3400440192||3400440199||1109653200||kz||
3400440728||3400440735||1109653200||kz||
3557654528||3557670911||1109653200||kz||
3558047744||3558055935||1109653200||kz||
3560944672||3560944675||1109653200||kz||
3560944728||3560944731||1109653200||kz||
3561750528||3561758719||1109653200||kz||
3564036864||3564037119||1109653200||kz||
3564037632||3564038143||1109653200||kz||
3564039936||3564040447||1109653200||kz||
3564429312||3564431567||1109653200||kz||
3564431584||3564437503||1109653200||kz||
3566895104||3566905939||1109653200||kz||
3566905944||3566927871||1109653200||kz||
3582828544||3582836735||1109653200||kz||
3583844352||3583852543||1109653200||kz||
3587391488||3587407871||1109653200||kz||
3641683968||3641688063||1109653200||kz||
3645544960||3645544991||1109653200||kz||
3645652992||3645657087||1109653200||kz||
3653505024||3653509119||1109653200||kz||
