--||--||--||ke||Kenya
1040729088||1040730623||1134105961||ke||
1041784832||1041793023||1111683849||ke||
1043897344||1043897855||1109653200||ke||
1043904512||1043905023||1109653200||ke||
1043909632||1043909887||1109653200||ke||
1043910400||1043910655||1109653200||ke||
1043912448||1043912703||1109653200||ke||
1043913472||1043914751||1109653200||ke||
1043916800||1043917311||1109653200||ke||
1043921408||1043921663||1109653200||ke||
1048616960||1048621055||1109653200||ke||
1118987264||1118988287||1109653200||ke||
1347979512||1347979519||1109653200||ke||
1347979968||1347979975||1109653200||ke||
1347980992||1347980999||1109653200||ke||
1347984816||1347984823||1109653200||ke||
1357320704||1357320959||1109653200||ke||
1357335808||1357336063||1109653200||ke||
1357366272||1357366527||1109653200||ke||
1357369856||1357370111||1109653200||ke||
1357955072||1357959167||1136870421||ke||
1358400576||1358400591||1109653200||ke||
1358400640||1358400775||1109653200||ke||
1358400784||1358400799||1109653200||ke||
1358401280||1358401391||1109653200||ke||
1358401408||1358401439||1109653200||ke||
1358402344||1358402351||1109653200||ke||
1358402448||1358402463||1109653200||ke||
1358402496||1358402543||1109653200||ke||
1371997184||1371997439||1109653200||ke||
3245163008||3245163519||1109653200||ke||
3252418816||3252418847||1109653200||ke||
3252452864||3252452911||1109653200||ke||
3255386112||3255386623||1109653200||ke||
3255390720||3255391231||1109653200||ke||
3258335232||3258338175||1109653200||ke||
3262478068||3262478071||1109653200||ke||
3262478097||3262478097||1109653200||ke||
3268017408||3268017663||1109653200||ke||
3278939704||3278939707||1109653200||ke||
3284811776||3284819967||1112207440||ke||
3285963776||3285964031||1109653200||ke||
3285964288||3285964351||1109653200||ke||
3301445632||3301449727||1119327669||ke||
3301449728||3301453823||1153799604||ke||
3301539840||3301543935||1109653200||ke||
3301544960||3301548031||1137468827||ke||
3301565440||3301566463||1149045134||ke||
3301570560||3301572607||1122041029||ke||
3301621760||3301629951||1112584851||ke||
3301904384||3301908479||1138142290||ke||
3302506496||3302514687||1156046153||ke||
3558252544||3558260735||1157514568||ke||
3559997440||3560005631||1128741054||ke||
3567617536||3567617791||1109653200||ke||
3567619104||3567619111||1109653200||ke||
3567620936||3567620959||1109653200||ke||
3567621056||3567621119||1109653200||ke||
3567621896||3567621903||1109653200||ke||
3567622656||3567622951||1109653200||ke||
3567623168||3567623423||1109653200||ke||
3567623472||3567623479||1109653200||ke||
3567625984||3567626239||1109653200||ke||
3583197440||3583197567||1130471599||ke||
3583401984||3583410175||1156561593||ke||
3585835856||3585835871||1109653200||ke||
3585835952||3585835959||1109653200||ke||
3642050560||3642051327||1109653200||ke||
3642055936||3642056703||1109653200||ke||
3653410192||3653410207||1109653200||ke||
3653737488||3653737495||1117124230||ke||
