--||--||--||kw||Kuwait
1044742144||1044750335||1109653200||kw||
1046790144||1046798335||1109653200||kw||
1050017792||1050083327||1109653200||kw||
1054277632||1054343167||1109653200||kw||
1160244224||1160244479||1109653200||kw||
1347219456||1347223551||1135315421||kw||
1347321856||1347323391||1109653200||kw||
1347323904||1347325951||1109653200||kw||
1360512856||1360512859||1109653200||kw||
1360512864||1360512867||1109653200||kw||
1360512976||1360512979||1109653200||kw||
1361035696||1361035715||1109653200||kw||
1361035780||1361035783||1109653200||kw||
1361035880||1361035887||1109653200||kw||
1361035976||1361035983||1109653200||kw||
1361036192||1361036199||1109653200||kw||
1361036264||1361036271||1109653200||kw||
1361036404||1361036407||1109653200||kw||
1361036436||1361036439||1109653200||kw||
1361036492||1361036499||1109653200||kw||
1361036600||1361036603||1109653200||kw||
1361036928||1361036935||1109653200||kw||
1361037160||1361037167||1109653200||kw||
1383366912||1383368831||1109653200||kw||
1383368848||1383369087||1109653200||kw||
1383369120||1383369231||1109653200||kw||
1383369248||1383369535||1109653200||kw||
1383369568||1383369727||1109653200||kw||
1383371776||1383374335||1109653200||kw||
1385283584||1385291775||1109653200||kw||
1389199616||1389201023||1109653200||kw||
1389201088||1389201151||1109653200||kw||
1389201792||1389201919||1109653200||kw||
1389202272||1389202303||1109653200||kw||
1389207552||1389208063||1109653200||kw||
1397006336||1397014527||1109653200||kw||
1398800384||1398833151||1109653200||kw||
1425426432||1425428479||1109653200||kw||
2341273600||2341339135||1109653200||kw||
2717646848||2717712383||1109653200||kw||
2830827520||2830893055||1109653200||kw||
3239285760||3239286783||1109653200||kw||
3239488512||3239488767||1109653200||kw||
3240812288||3240812543||1109653200||kw||
3250335744||3250339839||1109653200||kw||
3250359808||3250362879||1109653200||kw||
3250364416||3250372607||1109653200||kw||
3252904960||3252905983||1109653200||kw||
3258368000||3258384383||1109653200||kw||
3262477220||3262477223||1109653200||kw||
3262478601||3262478601||1109653200||kw||
3263045632||3263047935||1109653200||kw||
3263048448||3263048959||1109653200||kw||
3263049472||3263053823||1109653200||kw||
3274145792||3274162175||1109653200||kw||
3276114944||3276115967||1109653200||kw||
3285922816||3285923327||1109653200||kw||
3286425600||3286433791||1109653200||kw||
3286566656||3286567039||1109653200||kw||
3286567168||3286567423||1109653200||kw||
3286568192||3286568703||1109653200||kw||
3286571008||3286571775||1109653200||kw||
3288417536||3288418047||1109653200||kw||
3509522432||3509522687||1109653200||kw||
3509559040||3509559295||1109653200||kw||
3517438880||3517438911||1109653200||kw||
3559587840||3559596031||1109653200||kw||
3582255104||3582263295||1109653200||kw||
3582623232||3582623487||1109653200||kw||
3585700352||3585700607||1109653200||kw||
3585949696||3585957887||1109653200||kw||
3628153088||3628153343||1109653200||kw||
3630097664||3630098175||1109653200||kw||
3630100224||3630100479||1109653200||kw||
3641430016||3641434111||1109653200||kw||
3645222912||3645227007||1109653200||kw||
