--||--||--||lb||Lebanon
1042300656||1042300671||1109653200||lb||
1042300864||1042300895||1109653200||lb||
1045708800||1045716991||1109653200||lb||
1049707520||1049707775||1109653200||lb||
1064170800||1064170807||1109653200||lb||
1064170992||1064170999||1109653200||lb||
1064171008||1064171135||1109653200||lb||
1064171264||1064171551||1109653200||lb||
1064171904||1064171911||1109653200||lb||
1064171936||1064171967||1109653200||lb||
1118964864||1118964879||1109653200||lb||
1118967560||1118967567||1109653200||lb||
1118969856||1118970111||1109653200||lb||
1118973696||1118973951||1109653200||lb||
1118977312||1118977343||1109653200||lb||
1118978448||1118978463||1109653200||lb||
1118979312||1118979319||1109653200||lb||
1118979456||1118979471||1109653200||lb||
1118979496||1118979503||1109653200||lb||
1118979536||1118979551||1109653200||lb||
1118979568||1118979575||1109653200||lb||
1118979712||1118979775||1109653200||lb||
1118982912||1118982919||1109653200||lb||
1118984832||1118984839||1109653200||lb||
1161576448||1161580543||1109653200||lb||
1343221760||1343222271||1109653200||lb||
1343223552||1343223807||1109653200||lb||
1343224320||1343224535||1109653200||lb||
1343224544||1343224575||1109653200||lb||
1347391488||1347395583||1128741084||lb||
1347524608||1347526655||1120336583||lb||
1347716152||1347716159||1109653200||lb||
1347717888||1347718143||1109653200||lb||
1347722496||1347722751||1109653200||lb||
1348055040||1348059135||1124683607||lb||
1357321088||1357321215||1109653200||lb||
1357366528||1357366783||1109653200||lb||
1357369600||1357369855||1109653200||lb||
1359263744||1359263999||1109653200||lb||
1359264768||1359265023||1109653200||lb||
1385340928||1385349119||1109653200||lb||
1388713728||1388713983||1109653200||lb||
1388715264||1388715519||1109653200||lb||
1389202256||1389202271||1109653200||lb||
1389203712||1389203967||1109653200||lb||
1403653120||1403653631||1109653200||lb||
1410017280||1410017311||1109653200||lb||
1412830464||1412841471||1109653200||lb||
1433419776||1433427967||1109653200||lb||
1500282880||1500299263||1149133488||lb||
3250356224||3250357247||1109653200||lb||
3250358016||3250358527||1109653200||lb||
3250358784||3250359295||1109653200||lb||
3252920320||3252928511||1109653200||lb||
3254487808||3254488063||1109653200||lb||
3254492160||3254492671||1109653200||lb||
3254494720||3254494803||1109653200||lb||
3254494808||3254494975||1109653200||lb||
3254495744||3254496255||1109653200||lb||
3259545600||3259546111||1109653200||lb||
3262472932||3262472935||1109653200||lb||
3262478813||3262478813||1109653200||lb||
3263037440||3263045631||1109653200||lb||
3263047936||3263048191||1109653200||lb||
3263048960||3263049471||1109653200||lb||
3263072256||3263074303||1109653200||lb||
3264387072||3264388095||1109653200||lb||
3276120064||3276121087||1109653200||lb||
3276132352||3276133375||1109653200||lb||
3277390592||3277390847||1109653200||lb||
3278946304||3278954495||1109653200||lb||
3285951232||3285951487||1109653200||lb||
3285953280||3285953535||1109653200||lb||
3558830080||3558830335||1109653200||lb||
3558832384||3558832639||1109653200||lb||
3559178240||3559186431||1109653200||lb||
3563225088||3563233279||1109653200||lb||
3582616832||3582617087||1109653200||lb||
3582618880||3582619135||1109653200||lb||
3582621952||3582622207||1109653200||lb||
3582622592||3582622719||1109653200||lb||
3582623488||3582623743||1109653200||lb||
3585056768||3585064959||1109653200||lb||
3590316160||3590316543||1109653200||lb||
3590316608||3590316623||1109653200||lb||
3590316720||3590316735||1109653200||lb||
3590316752||3590316767||1109653200||lb||
3590321152||3590321663||1109653200||lb||
3652006400||3652006407||1109653200||lb||
3653404016||3653404023||1109653200||lb||
3653404088||3653404095||1109653200||lb||
3653404144||3653404151||1109653200||lb||
3653404760||3653404767||1109653200||lb||
3653404784||3653404799||1109653200||lb||
3653404816||3653404831||1109653200||lb||
3653404912||3653404927||1109653200||lb||
3653405008||3653405023||1109653200||lb||
