--||--||--||li||Liechtenstein
1346560000||1346564095||1109653200||li||
1346703872||1346704127||1109653200||li||
1346704640||1346704767||1109653200||li||
1346908160||1346912255||1109653200||li||
1358479360||1358483455||1109653200||li||
1383399424||1383407615||1109653200||li||
2759883040||2759883043||1109653200||li||
2759883068||2759883071||1109653200||li||
2759883440||2759883443||1109653200||li||
2759883452||2759883455||1109653200||li||
2759894560||2759894563||1109653200||li||
3238337024||3238337535||1109653200||li||
3239137024||3239137279||1109653200||li||
3252580608||3252580863||1109653200||li||
3254156800||3254157055||1109653200||li||
3254177280||3254177535||1109653200||li||
3262478696||3262478696||1109653200||li||
3262478857||3262478857||1109653200||li||
3262479481||3262479481||1109653200||li||
3264431104||3264431615||1109653200||li||
3264483072||3264483327||1109653200||li||
3264486528||3264486559||1109653200||li||
3264847264||3264847295||1109653200||li||
3266809344||3266809599||1109653200||li||
3268425728||3268425983||1109653200||li||
3268430848||3268431103||1109653200||li||
3275844864||3275845119||1109653200||li||
3278938240||3278938243||1109653200||li||
3278943505||3278943505||1109653200||li||
3285529664||3285529679||1109653200||li||
3285548608||3285548639||1109653200||li||
3285548648||3285548655||1109653200||li||
3285560448||3285560479||1109653200||li||
3286353920||3286354943||1109653200||li||
3287669248||3287669503||1109653200||li||
3556830304||3556830319||1109653200||li||
3560939824||3560939827||1109653200||li||
3560943706||3560943706||1109653200||li||
3561824256||3561832447||1109653200||li||
3572721824||3572721831||1109653200||li||
3575732736||3575732863||1109653200||li||
3575736320||3575736831||1109653200||li||
3582573952||3582574079||1109653200||li||
3582574208||3582574239||1109653200||li||
3652050944||3652055039||1109653200||li||
