--||--||--||lu||Luxembourg
1049405184||1049405247||1109653200||lu||
1055223808||1055223839||1128201770||lu||
1055224064||1055224319||1128201770||lu||
1055224320||1055224351||1128201770||lu||
1055224576||1055224607||1128201770||lu||
1055224832||1055224847||1128201770||lu||
1346408448||1346412543||1109653200||lu||
1348083712||1348091903||1109653200||lu||
1348222976||1348231167||1109653200||lu||
1358323712||1358327807||1109653200||lu||
1358929920||1358934015||1109653200||lu||
1365041152||1365045247||1109653200||lu||
1382212144||1382212159||1109653200||lu||
1385309184||1385310207||1109653200||lu||
1385314304||1385315327||1109653200||lu||
1385315840||1385316095||1109653200||lu||
1389199360||1389199615||1109653200||lu||
1398996992||1399029759||1109653200||lu||
1407066112||1407074303||1109653200||lu||
1408436224||1408438271||1109653200||lu||
1432207360||1432215551||1109653200||lu||
1432281088||1432289279||1109653200||lu||
1489993728||1490026495||1156644222||lu||
2293039104||2293104639||1109653200||lu||
2449670144||2449735679||1109653200||lu||
2463891456||2463956991||1109653200||lu||
2470641664||2470707199||1109653200||lu||
2490236928||2490302463||1109653200||lu||
2625961984||2626027519||1109653200||lu||
2654994432||2655059967||1109653200||lu||
2661679104||2661941247||1109653200||lu||
3225033728||3225035775||1109653200||lu||
3227225088||3227225599||1109653200||lu||
3227976192||3227976447||1109653200||lu||
3229844480||3229844735||1109653200||lu||
3231512576||3231512831||1109653200||lu||
3231716864||3231717119||1109653200||lu||
3232562432||3232562687||1109653200||lu||
3234827776||3234828031||1109653200||lu||
3239276544||3239277055||1109653200||lu||
3240750336||3240750591||1109653200||lu||
3243975424||3243975679||1109653200||lu||
3243976448||3243976959||1109653200||lu||
3244097536||3244163071||1109653200||lu||
3245160960||3245161471||1109653200||lu||
3245179392||3245179903||1109653200||lu||
3245199360||3245199615||1109653200||lu||
3245290496||3245291519||1109653200||lu||
3249012992||3249014271||1109653200||lu||
3249014784||3249025535||1109653200||lu||
3249025792||3249026559||1109653200||lu||
3249026816||3249045503||1109653200||lu||
3249724160||3249724415||1109653200||lu||
3251815168||3251815679||1109653200||lu||
3255243680||3255243711||1109653200||lu||
3255247616||3255247631||1109653200||lu||
3255248128||3255248383||1109653200||lu||
3255254928||3255254943||1109653200||lu||
3255259904||3255259911||1109653200||lu||
3255260096||3255260127||1109653200||lu||
3255260144||3255260159||1109653200||lu||
3255260320||3255260335||1109653200||lu||
3255261520||3255261535||1109653200||lu||
3255261680||3255261695||1109653200||lu||
3255262800||3255262815||1109653200||lu||
3255263336||3255263343||1109653200||lu||
3255263424||3255263455||1109653200||lu||
3255264480||3255264495||1109653200||lu||
3255271360||3255271391||1109653200||lu||
3255276720||3255276727||1109653200||lu||
3255277016||3255277023||1109653200||lu||
3255277984||3255278015||1109653200||lu||
3255279088||3255279103||1109653200||lu||
3255279136||3255279167||1109653200||lu||
3255280048||3255280055||1109653200||lu||
3255281312||3255281343||1109653200||lu||
3255283872||3255283903||1109653200||lu||
3255283928||3255283931||1109653200||lu||
3255285536||3255285567||1109653200||lu||
3255286104||3255286111||1109653200||lu||
3255286280||3255286287||1109653200||lu||
3255288736||3255288799||1109653200||lu||
3255288832||3255289343||1109653200||lu||
3255290128||3255290175||1109653200||lu||
3255290264||3255290287||1109653200||lu||
3255290296||3255290303||1109653200||lu||
3255290320||3255290323||1109653200||lu||
3255290352||3255290367||1109653200||lu||
3255290880||3255291391||1109653200||lu||
3255291400||3255291423||1109653200||lu||
3255291616||3255291623||1109653200||lu||
3255291640||3255291647||1109653200||lu||
3255291712||3255291759||1109653200||lu||
3255291768||3255291775||1109653200||lu||
3255291840||3255291855||1109653200||lu||
3255291872||3255291887||1109653200||lu||
3255291984||3255291999||1109653200||lu||
3255292160||3255292191||1109653200||lu||
3255292312||3255292319||1109653200||lu||
3255300632||3255300639||1109653200||lu||
3255300800||3255300807||1109653200||lu||
3255301160||3255301167||1109653200||lu||
3255301304||3255301311||1109653200||lu||
3257196544||3257200639||1109653200||lu||
3257557504||3257558015||1109653200||lu||
3257586688||3257586943||1109653200||lu||
3259319408||3259319423||1109653200||lu||
3262472444||3262472447||1109653200||lu||
3262472948||3262472951||1109653200||lu||
3262472976||3262472979||1109653200||lu||
3262476828||3262476831||1109653200||lu||
3262477360||3262477363||1109653200||lu||
3262479080||3262479080||1109653200||lu||
3262479111||3262479111||1109653200||lu||
3262479182||3262479182||1109653200||lu||
3262479633||3262479633||1109653200||lu||
3262479690||3262479690||1109653200||lu||
3262479692||3262479692||1109653200||lu||
3262479847||3262479847||1109653200||lu||
3262479893||3262479893||1109653200||lu||
3262480035||3262480035||1109653200||lu||
3262480049||3262480049||1109653200||lu||
3262480301||3262480301||1109653200||lu||
3264921600||3264922303||1109653200||lu||
3264922320||3264929791||1109653200||lu||
3266387968||3266396159||1109653200||lu||
3266836480||3266837023||1109653200||lu||
3270208256||3270208511||1109653200||lu||
3270230016||3270230783||1109653200||lu||
3270231296||3270231647||1109653200||lu||
3270231808||3270232831||1109653200||lu||
3270234112||3270234367||1109653200||lu||
3271990080||3271990080||1109653200||lu||
3272228864||3272237055||1109653200||lu||
3273148416||3273150463||1109653200||lu||
3273262080||3273262591||1109653200||lu||
3273433088||3273433599||1109653200||lu||
3273871616||3273871871||1109653200||lu||
3274401248||3274401255||1109653200||lu||
3274401272||3274401275||1109653200||lu||
3274629120||3274629375||1109653200||lu||
3274629632||3274637311||1109653200||lu||
3274695680||3274695935||1109653200||lu||
3274912288||3274912295||1109653200||lu||
3275612160||3275612287||1109653200||lu||
3275612416||3275612671||1109653200||lu||
3275612928||3275613951||1109653200||lu||
3276292480||3276292511||1109653200||lu||
3277812736||3277812991||1109653200||lu||
3277814272||3277814527||1109653200||lu||
3278939512||3278939515||1109653200||lu||
3278939524||3278939527||1109653200||lu||
3278939588||3278939591||1109653200||lu||
3278942733||3278942733||1109653200||lu||
3278943192||3278943192||1109653200||lu||
3278943305||3278943305||1109653200||lu||
3278943676||3278943676||1109653200||lu||
3278943801||3278943801||1109653200||lu||
3278943946||3278943946||1109653200||lu||
3278943951||3278943951||1109653200||lu||
3278944003||3278944003||1109653200||lu||
3278944177||3278944177||1109653200||lu||
3278945799||3278945799||1109653200||lu||
3280593920||3280594431||1109653200||lu||
3283179520||3283180543||1109653200||lu||
3285084160||3285085183||1109653200||lu||
3285463040||3285463071||1109653200||lu||
3285524064||3285524095||1109653200||lu||
3285527440||3285527455||1109653200||lu||
3285529856||3285529951||1109653200||lu||
3285531024||3285531039||1109653200||lu||
3285533104||3285533119||1109653200||lu||
3285536512||3285536543||1109653200||lu||
3285537760||3285537791||1109653200||lu||
3285537920||3285538047||1109653200||lu||
3285538184||3285538187||1109653200||lu||
3285538208||3285538239||1109653200||lu||
3285538320||3285538327||1109653200||lu||
3285538352||3285538367||1109653200||lu||
3285538624||3285538687||1109653200||lu||
3285547168||3285547199||1109653200||lu||
3285547264||3285547519||1109653200||lu||
3285548768||3285548799||1109653200||lu||
3285549792||3285549823||1109653200||lu||
3285554944||3285555199||1109653200||lu||
3285555712||3285555967||1109653200||lu||
3285843968||3285852159||1109653200||lu||
3345435136||3345435391||1109653200||lu||
3427786752||3427787263||1109653200||lu||
3558391808||3558399999||1109653200||lu||
3560497152||3560505343||1109653200||lu||
3560940060||3560940063||1109653200||lu||
3560940888||3560940891||1109653200||lu||
3560940980||3560940983||1109653200||lu||
3560941960||3560941963||1109653200||lu||
3560942604||3560942607||1109653200||lu||
3560942692||3560942695||1109653200||lu||
3560942712||3560942715||1109653200||lu||
3560943513||3560943513||1109653200||lu||
3560943518||3560943518||1109653200||lu||
3560943840||3560943840||1109653200||lu||
3560943846||3560943846||1109653200||lu||
3560943869||3560943869||1109653200||lu||
3561111552||3561119743||1109653200||lu||
3562060808||3562060815||1109653200||lu||
3562595424||3562595455||1109653200||lu||
3562598208||3562598223||1109653200||lu||
3569251072||3569251327||1109653200||lu||
3569271816||3569271823||1109653200||lu||
3569271960||3569271963||1109653200||lu||
3569272528||3569272543||1109653200||lu||
3569273168||3569273183||1109653200||lu||
3569273752||3569273759||1109653200||lu||
3569273792||3569273823||1109653200||lu||
3569277184||3569277439||1109653200||lu||
3571259552||3571259583||1109653200||lu||
3571261360||3571261367||1109653200||lu||
3571262336||3571262367||1109653200||lu||
3571262400||3571262431||1109653200||lu||
3571265936||3571265951||1109653200||lu||
3571267200||3571267263||1109653200||lu||
3571268608||3571268639||1109653200||lu||
3571269824||3571269855||1109653200||lu||
3571271424||3571271455||1109653200||lu||
3571271552||3571271679||1109653200||lu||
3571272448||3571272575||1109653200||lu||
3574153218||3574153218||1109653200||lu||
3574153696||3574153727||1109653200||lu||
3577665856||3577665919||1109653200||lu||
3578169488||3578169495||1109653200||lu||
3582451712||3582459903||1109653200||lu||
3584434176||3584434943||1109653200||lu||
3584435200||3584442367||1109653200||lu||
3584647168||3584655359||1109653200||lu||
3584970048||3584970111||1109653200||lu||
3584972512||3584972543||1109653200||lu||
3641029376||3641029631||1109653200||lu||
3642703872||3642707967||1109653200||lu||
3645763698||3645763698||1109653200||lu||
3645763901||3645763902||1109653200||lu||
3645764126||3645764126||1109653200||lu||
3648372736||3648376831||1109653200||lu||
3651092480||3651092735||1109653200||lu||
3653591040||3653595135||1109653200||lu||
3654034784||3654034799||1109653200||lu||
