--||--||--||my||Malaysia
977764352||977797119||1157513749||my||
982188032||982253567||1138079195||my||
1009778688||1010237439||1109653200||my||
1023803392||1023852543||1109653200||my||
1024362496||1024362575||1109653200||my||
1024362592||1024362607||1109653200||my||
1024362656||1024362671||1109653200||my||
1024362704||1024362719||1109653200||my||
1024362816||1024362831||1109653200||my||
1024362880||1024362911||1109653200||my||
1072928320||1072928383||1109653200||my||
2085748736||2085814271||1152476305||my||
2428960768||2429026303||1109653200||my||
2710241280||2710306815||1109653200||my||
2710437888||2710503423||1109653200||my||
2854617088||2854682623||1109653200||my||
3236200448||3236233215||1109653200||my||
3262473996||3262473996||1109653200||my||
3262474002||3262474002||1109653200||my||
3262474017||3262474018||1109653200||my||
3262474032||3262474032||1109653200||my||
3262474034||3262474034||1109653200||my||
3262474036||3262474036||1109653200||my||
3262474038||3262474038||1109653200||my||
3262474040||3262474041||1109653200||my||
3262474067||3262474067||1109653200||my||
3262474069||3262474069||1109653200||my||
3262474076||3262474076||1109653200||my||
3262474079||3262474079||1109653200||my||
3262474088||3262474088||1109653200||my||
3262474090||3262474091||1109653200||my||
3262474098||3262474098||1109653200||my||
3262474103||3262474103||1109653200||my||
3262474106||3262474106||1109653200||my||
3262474109||3262474110||1109653200||my||
3262474123||3262474125||1109653200||my||
3262474129||3262474130||1109653200||my||
3262474132||3262474133||1109653200||my||
3262474151||3262474151||1109653200||my||
3262474155||3262474155||1109653200||my||
3262474158||3262474159||1109653200||my||
3262474163||3262474163||1109653200||my||
3262474171||3262474171||1109653200||my||
3262474176||3262474176||1109653200||my||
3262474180||3262474180||1109653200||my||
3262474182||3262474182||1109653200||my||
3262474186||3262474186||1109653200||my||
3262474188||3262474188||1109653200||my||
3262474195||3262474195||1109653200||my||
3262474200||3262474200||1109653200||my||
3262474207||3262474207||1109653200||my||
3262474209||3262474209||1109653200||my||
3262474212||3262474212||1109653200||my||
3262474217||3262474217||1109653200||my||
3262474219||3262474219||1109653200||my||
3262474224||3262474224||1109653200||my||
3262474226||3262474226||1109653200||my||
3262474235||3262474236||1109653200||my||
3278939908||3278939911||1109653200||my||
3278939936||3278939939||1109653200||my||
3278939952||3278939955||1109653200||my||
3278939964||3278939967||1109653200||my||
3278939972||3278939979||1109653200||my||
3278939996||3278939999||1109653200||my||
3278940084||3278940091||1109653200||my||
3278940104||3278940107||1109653200||my||
3278940144||3278940151||1109653200||my||
3278942468||3278942471||1109653200||my||
3278942492||3278942495||1109653200||my||
3278942500||3278942507||1109653200||my||
3278942548||3278942551||1109653200||my||
3278942560||3278942571||1109653200||my||
3278942576||3278942579||1109653200||my||
3278942628||3278942635||1109653200||my||
3278942644||3278942647||1109653200||my||
3278942652||3278942655||1109653200||my||
3278942668||3278942671||1109653200||my||
3278942704||3278942707||1109653200||my||
3389021696||3389021951||1109653200||my||
3389603840||3389616127||1109653200||my||
3390411776||3390412031||1109653200||my||
3391980544||3391983615||1109653200||my||
3392040960||3392045055||1109653200||my||
3392118784||3392126975||1109653200||my||
3392688128||3392692223||1109653200||my||
3392819200||3392823295||1109653200||my||
3393617920||3393622015||1109653200||my||
3393675264||3393679359||1109653200||my||
3393783808||3393785855||1109653200||my||
3393818624||3393822719||1109653200||my||
3393921024||3393929215||1109653200||my||
3393945600||3393961983||1109653200||my||
3394035712||3394039807||1109653200||my||
3395198976||3395203071||1109653200||my||
3397029888||3397033983||1109653200||my||
3397492736||3397496831||1109653200||my||
3397738496||3397742591||1109653200||my||
3398040576||3398041599||1109653200||my||
3398483968||3398488063||1109653200||my||
3398582272||3398590463||1109653200||my||
3398640896||3398640911||1109653200||my||
3398640976||3398640991||1109653200||my||
3398942720||3398959103||1109653200||my||
3399331840||3399332351||1109653200||my||
3399333376||3399335423||1109653200||my||
3399335936||3399344127||1109653200||my||
3399614464||3399622655||1109653200||my||
3399811072||3399819263||1109653200||my||
3400024064||3400028159||1109653200||my||
3400212480||3400220671||1109653200||my||
3400253440||3400257535||1109653200||my||
3400434176||3400434463||1109653200||my||
3400434472||3400434479||1109653200||my||
3400434488||3400434519||1109653200||my||
3400434544||3400434551||1109653200||my||
3400434568||3400434575||1109653200||my||
3400434584||3400434599||1109653200||my||
3400434664||3400434679||1109653200||my||
3400434688||3400434895||1109653200||my||
3400435008||3400435071||1109653200||my||
3400435264||3400435391||1109653200||my||
3400435456||3400435503||1109653200||my||
3400435696||3400435711||1109653200||my||
3400437528||3400437543||1109653200||my||
3400437552||3400437591||1109653200||my||
3400437608||3400437615||1109653200||my||
3400437632||3400437647||1109653200||my||
3400437656||3400437663||1109653200||my||
3400437712||3400437719||1109653200||my||
3400437768||3400437775||1109653200||my||
3400437824||3400437831||1109653200||my||
3400437848||3400437887||1109653200||my||
3400437896||3400437903||1109653200||my||
3400437912||3400437927||1109653200||my||
3400437968||3400437975||1109653200||my||
3400440088||3400440095||1109653200||my||
3400440112||3400440127||1109653200||my||
3400440144||3400440159||1109653200||my||
3400440168||3400440175||1109653200||my||
3400440208||3400440223||1109653200||my||
3400440304||3400440319||1109653200||my||
3400440432||3400440439||1109653200||my||
3400440488||3400440495||1109653200||my||
3400440760||3400440767||1109653200||my||
3400440808||3400440815||1109653200||my||
3400440824||3400440831||1109653200||my||
3400663040||3400683519||1109653200||my||
3400753152||3400761343||1109653200||my||
3401056256||3401112319||1109653200||my||
3401112336||3401400319||1109653200||my||
3401449472||3401515007||1109653200||my||
3401547776||3401580543||1109653200||my||
3410935808||3410939903||1109653200||my||
3411165184||3411173375||1109653200||my||
3411836928||3411845119||1109653200||my||
3412721664||3412787199||1109653200||my||
3412803584||3412819967||1109653200||my||
3412926464||3412934655||1109653200||my||
3413172224||3413180415||1109653200||my||
3413360640||3413377023||1109653200||my||
3413704704||3413737471||1109653200||my||
3415081216||3415081471||1109653200||my||
3416477216||3416477223||1109653200||my||
3416484144||3416484159||1109653200||my||
3416484176||3416484207||1109653200||my||
3420422144||3420430335||1109653200||my||
3438570032||3438570039||1109653200||my||
3524460544||3524526079||1109653200||my||
3526410240||3526414335||1109653200||my||
3535405056||3535480703||1109653200||my||
3535480832||3535536127||1109653200||my||
3535994880||3536060415||1109653200||my||
3541565440||3541696511||1109653200||my||
3560944904||3560944907||1109653200||my||
3560944920||3560944923||1109653200||my||
3560944928||3560944931||1109653200||my||
3560944944||3560944947||1109653200||my||
3560944964||3560944967||1109653200||my||
3560944992||3560944995||1109653200||my||
3560945000||3560945003||1109653200||my||
3560945028||3560945031||1109653200||my||
3560945064||3560945067||1109653200||my||
3560945104||3560945107||1109653200||my||
3560945136||3560945139||1109653200||my||
3560945410||3560945410||1109653200||my||
3560945419||3560945419||1109653200||my||
3560945424||3560945424||1109653200||my||
3560945426||3560945426||1109653200||my||
3560945430||3560945430||1109653200||my||
3560945435||3560945435||1109653200||my||
3560945467||3560945467||1109653200||my||
3560945483||3560945485||1109653200||my||
3560945489||3560945489||1109653200||my||
3560945580||3560945583||1109653200||my||
3560945644||3560945647||1109653200||my||
3645764336||3645764336||1109653200||my||
3663991296||3663991551||1109653200||my||
3663992320||3663992575||1109653200||my||
3664707584||3664773119||1109653200||my||
3671064576||3671130111||1109653200||my||
3680239616||3680403455||1109653200||my||
3680436224||3680501759||1109653200||my||
