--||--||--||mw||Malawi
1052806656||1052807167||1109653200||mw||
1109707520||1109707775||1109653200||mw||
1407523840||1407524351||1109653200||mw||
3252427776||3252428287||1109653200||mw||
3252430848||3252431103||1109653200||mw||
3252432384||3252432399||1109653200||mw||
3252432448||3252432463||1109653200||mw||
3252432512||3252432527||1109653200||mw||
3252432576||3252432591||1109653200||mw||
3257556992||3257557503||1109653200||mw||
3291331584||3291332607||1139372151||mw||
3301508096||3301508607||1109653200||mw||
3301510144||3301511167||1109653200||mw||
3302492160||3302494207||1142396927||mw||
3499403264||3499403775||1109653200||mw||
3590311936||3590312447||1109653200||mw||
3590323200||3590323711||1109653200||mw||
3640426496||3640426751||1109653200||mw||
3640458240||3640458495||1109653200||mw||
3648081408||3648082175||1109653200||mw||
