--||--||--||mt||Malta
1051525120||1051533311||1109653200||mt||
1346842624||1346846719||1109653200||mt||
1346854912||1346859007||1109653200||mt||
1347272704||1347276799||1109653200||mt||
1347772416||1347776511||1109653200||mt||
1401878528||1401880575||1109653200||mt||
1425997824||1426014207||1109653200||mt||
1441316864||1441325055||1124167326||mt||
1441660928||1441665023||1131428707||mt||
1475112960||1475115007||1156226320||mt||
1489698816||1489731583||1134805905||mt||
3230140160||3230140415||1109653200||mt||
3243441920||3243442175||1109653200||mt||
3245251328||3245251583||1109653200||mt||
3250331648||3250335743||1109653200||mt||
3261669376||3261673471||1109653200||mt||
3261743104||3261751295||1109653200||mt||
3264828672||3264828927||1109653200||mt||
3265142784||3265148671||1109653200||mt||
3265148928||3265150975||1109653200||mt||
3268173824||3268182015||1109653200||mt||
3274055168||3274055423||1109653200||mt||
3281928192||3281944575||1109653200||mt||
3560472576||3560480767||1109653200||mt||
3575079088||3575079103||1109653200||mt||
3575086176||3575086207||1109653200||mt||
3584401408||3584409599||1109653200||mt||
3587817472||3587833855||1109653200||mt||
3641663488||3641667583||1109653200||mt||
3642142720||3642146815||1109653200||mt||
3642646528||3642650623||1109653200||mt||
3645353984||3645358079||1109653200||mt||
3645485056||3645489151||1109653200||mt||
3649699840||3649700159||1109653200||mt||
3649700288||3649700351||1109653200||mt||
3649701120||3649708791||1109653200||mt||
3649709056||3649709287||1109653200||mt||
3649709312||3649709815||1109653200||mt||
3649709824||3649765375||1109653200||mt||
3650158592||3650162687||1109653200||mt||
3651706880||3651710975||1109653200||mt||
