--||--||--||mx||Mexico
1064204288||1064205311||1109653200||mx||
1073036544||1073037055||1109653200||mx||
1075036160||1075048447||1109653200||mx||
1103930880||1103931135||1109653200||mx||
1113862248||1113862255||1109653200||mx||
1113862344||1113862351||1109653200||mx||
1115114496||1115114751||1109653200||mx||
1132764424||1132764431||1109653200||mx||
1160543328||1160543359||1109653200||mx||
1160548096||1160548351||1109653200||mx||
1160603648||1160605695||1109653200||mx||
1160678400||1160678655||1109653200||mx||
1160973472||1160973503||1109653200||mx||
1360855842||1360855851||1109653200||mx||
1360856134||1360856144||1109653200||mx||
2209480704||2209546239||1109653200||mx||
2230779904||2230910975||1109653200||mx||
2231238656||2231304191||1109653200||mx||
2358509568||2358575103||1109653200||mx||
2417360896||2417426431||1109653200||mx||
2496200704||2497682431||1109653200||mx||
2497683456||2498464415||1109653200||mx||
2498464432||2498475007||1109653200||mx||
2498476032||2499477503||1109653200||mx||
2657157120||2657222655||1109653200||mx||
2668625920||2668691455||1109653200||mx||
2829385728||2829451263||1109653200||mx||
2835283968||2835349503||1109653200||mx||
2853765120||2853830655||1109653200||mx||
2856714240||2856779775||1109653200||mx||
2863202304||2863267839||1109653200||mx||
3179282432||3181379583||1154142975||mx||
3181379584||3183476735||1155958396||mx||
3226733568||3226733823||1109653200||mx||
3227818752||3227844351||1109653200||mx||
3230969600||3230969855||1109653200||mx||
3234019328||3234019839||1109653200||mx||
3234574592||3234574847||1109653200||mx||
3262475066||3262475068||1109653200||mx||
3262475084||3262475084||1109653200||mx||
3262475095||3262475095||1109653200||mx||
3262475190||3262475190||1109653200||mx||
3262475192||3262475192||1109653200||mx||
3262475324||3262475327||1109653200||mx||
3262475488||3262475491||1109653200||mx||
3262476524||3262476527||1109653200||mx||
3278939308||3278939311||1109653200||mx||
3278941256||3278941259||1109653200||mx||
3278941492||3278941495||1109653200||mx||
3278941692||3278941695||1109653200||mx||
3278941912||3278941915||1109653200||mx||
3278944366||3278944366||1109653200||mx||
3278944864||3278944867||1109653200||mx||
3278945320||3278945323||1109653200||mx||
3278945400||3278945403||1109653200||mx||
3278945436||3278945439||1109653200||mx||
3278945460||3278945463||1109653200||mx||
3278945504||3278945507||1109653200||mx||
3278945744||3278945747||1109653200||mx||
3278945764||3278945767||1109653200||mx||
3331818496||3331818751||1109653200||mx||
3355464448||3355464959||1109653200||mx||
3355465728||3355465983||1109653200||mx||
3355467520||3355467775||1109653200||mx||
3355469568||3355470591||1109653200||mx||
3355471104||3355471359||1109653200||mx||
3355471616||3355472383||1109653200||mx||
3355475200||3355478015||1109653200||mx||
3355479808||3355480063||1109653200||mx||
3355705344||3355709439||1109653200||mx||
3355713536||3355720447||1109653200||mx||
3355720704||3355722751||1109653200||mx||
3355723264||3355746303||1109653200||mx||
3356035072||3356037119||1109653200||mx||
3356135168||3356135423||1109653200||mx||
3356148992||3356149503||1109653200||mx||
3356149760||3356150015||1109653200||mx||
3356152832||3356154623||1109653200||mx||
3356158208||3356158463||1109653200||mx||
3356159744||3356160255||1109653200||mx||
3356160768||3356161279||1109653200||mx||
3356161536||3356162559||1109653200||mx||
3356246016||3356262655||1109653200||mx||
3356270080||3356272383||1109653200||mx||
3356299264||3356305663||1109653200||mx||
3356307456||3356316415||1109653200||mx||
3356317696||3356328959||1109653200||mx||
3356364800||3356368895||1109653200||mx||
3356499968||3356508159||1109653200||mx||
3356950528||3357016063||1109653200||mx||
3357556992||3357557759||1109653200||mx||
3357560320||3357560575||1109653200||mx||
3357605888||3357736959||1109653200||mx||
3357802496||3357868031||1109653200||mx||
3357933568||3358064639||1109653200||mx||
3358543872||3358544127||1109653200||mx||
3358564096||3358564351||1109653200||mx||
3358569216||3358569471||1109653200||mx||
3358570496||3358570751||1109653200||mx||
3358571264||3358571775||1109653200||mx||
3358851072||3358982143||1109653200||mx||
3359113216||3359244287||1109653200||mx||
3359637504||3359789583||1109653200||mx||
3359789600||3359789823||1109653200||mx||
3359789888||3359899647||1109653200||mx||
3360423936||3360686079||1109653200||mx||
3360696704||3360696711||1109653200||mx||
3361472512||3361538047||1109653200||mx||
3361603584||3361734655||1109653200||mx||
3362330624||3362332671||1109653200||mx||
3378511872||3379560447||1138603052||mx||
3379560448||3380084735||1144617261||mx||
3380084736||3380346879||1134882167||mx||
3380346880||3380609023||1127187398||mx||
3380609024||3382181887||1109653200||mx||
3382181888||3382444031||1117925010||mx||
3382575104||3382577151||1149336087||mx||
3382607872||3382616063||1159669182||mx||
3382706176||3382738943||1133155584||mx||
3382738944||3382771711||1147659696||mx||
3382771712||3382788095||1140579732||mx||
3382804480||3382820863||1137563615||mx||
3382968320||3383099391||1142492930||mx||
3426387968||3426388991||1109653200||mx||
3427831552||3427831807||1109653200||mx||
3428306176||3428306431||1109653200||mx||
3428437504||3428437759||1109653200||mx||
3430705152||3430706175||1109653200||mx||
3430812672||3430813183||1109653200||mx||
3430845440||3430845951||1109653200||mx||
3432106240||3432106495||1109653200||mx||
3432585216||3432585727||1109653200||mx||
3450272512||3450272767||1109653200||mx||
3459331072||3459331583||1109653200||mx||
3459340288||3459340543||1109653200||mx||
3459368960||3459371007||1109653200||mx||
3474046464||3474046975||1109653200||mx||
3489136640||3489267711||1109653200||mx||
3521098552||3521098559||1109653200||mx||
3560943900||3560943903||1109653200||mx||
3560943924||3560943927||1109653200||mx||
3560944032||3560944035||1109653200||mx||
3560944040||3560944043||1109653200||mx||
3560944160||3560944163||1109653200||mx||
3560944244||3560944247||1109653200||mx||
3560944308||3560944311||1109653200||mx||
3560944532||3560944535||1109653200||mx||
3560944556||3560944559||1109653200||mx||
3560946257||3560946257||1109653200||mx||
3560946484||3560946487||1109653200||mx||
3560946508||3560946511||1109653200||mx||
3560946524||3560946527||1109653200||mx||
3560946624||3560946635||1109653200||mx||
3560946648||3560946651||1109653200||mx||
3560946660||3560946663||1109653200||mx||
3560946668||3560946671||1109653200||mx||
3560946724||3560946724||1109653200||mx||
3560946730||3560946730||1109653200||mx||
3560946952||3560946955||1109653200||mx||
3560946960||3560946963||1109653200||mx||
3560947096||3560947099||1109653200||mx||
3560947280||3560947283||1109653200||mx||
3560947332||3560947335||1109653200||mx||
3560947344||3560947347||1109653200||mx||
3560947392||3560947395||1109653200||mx||
3560947432||3560947435||1109653200||mx||
