--||--||--||md||Moldova
1042300896||1042300903||1109653200||md||
1348401152||1348403199||1153708419||md||
1348548608||1348549631||1109653200||md||
1357366784||1357366799||1109653200||md||
1370767360||1370771455||1109653200||md||
1370772480||1370772991||1109653200||md||
1388711936||1388712447||1109653200||md||
1406844928||1406853119||1109653200||md||
1449840640||1449840895||1150779921||md||
1449840896||1449841151||1150779921||md||
1449841152||1449841407||1150779921||md||
1449841408||1449841663||1150779921||md||
1449841664||1449841919||1150779921||md||
1449841920||1449842175||1150779921||md||
1449842176||1449842431||1150779921||md||
1449842432||1449842687||1150779921||md||
1449842688||1449842943||1150779921||md||
1449842944||1449843199||1150779921||md||
1449843200||1449843455||1150779921||md||
1449843456||1449843711||1150779921||md||
1449843712||1449843967||1150779921||md||
1449843968||1449844223||1150779921||md||
1449844224||1449844479||1150779921||md||
1449844480||1449844735||1150779921||md||
1449844736||1449844991||1150779921||md||
1449844992||1449845247||1150779921||md||
1449845248||1449845503||1150779921||md||
1449845504||1449845759||1150779921||md||
1449845760||1449846015||1150779921||md||
1449846016||1449846271||1150779921||md||
1449846272||1449846527||1150779921||md||
1449846528||1449846783||1150779921||md||
1449846784||1449847039||1150779921||md||
1449847040||1449847295||1150779921||md||
1449847296||1449847551||1150779921||md||
1449847552||1449847807||1150779921||md||
1449847808||1449848063||1150779921||md||
1449848064||1449848319||1150779921||md||
1449848320||1449848575||1150779921||md||
1449848576||1449848831||1150779921||md||
1449848832||1449849087||1150779921||md||
1449849088||1449849343||1150779921||md||
1449849344||1449849599||1150779921||md||
1449849600||1449849855||1150779921||md||
1449849856||1449850111||1150779921||md||
1449850112||1449850367||1150779921||md||
1449850368||1449850623||1150779921||md||
1449850624||1449850879||1150779921||md||
1449850880||1449851135||1150779921||md||
1449851136||1449851391||1150779921||md||
1449851392||1449851647||1150779921||md||
1449851648||1449851903||1150779921||md||
1449851904||1449852159||1150779921||md||
1449852160||1449852415||1150779921||md||
1449852416||1449852671||1150779921||md||
1449852672||1449852927||1150779921||md||
1475911680||1475915775||1132464255||md||
1475915776||1475919871||1146627963||md||
1495334912||1495335935||1160890639||md||
3239079680||3239079935||1109653200||md||
3239136768||3239137023||1109653200||md||
3251227648||3251228159||1109653200||md||
3252434944||3252434959||1109653200||md||
3252438272||3252438335||1109653200||md||
3252830208||3252832255||1109653200||md||
3252832768||3252834303||1109653200||md||
3253961728||3253962239||1109653200||md||
3261503488||3261503935||1109653200||md||
3264400384||3264401407||1109653200||md||
3273056256||3273064447||1109653200||md||
3275592960||3275593215||1109653200||md||
3280625664||3280633855||1109653200||md||
3286365184||3286366207||1109653200||md||
3556818944||3556827135||1109653200||md||
3560488960||3560497151||1109653200||md||
3589267456||3589267711||1109653200||md||
3641470976||3641475071||1109653200||md||
3641954304||3641958399||1109653200||md||
3642396672||3642404863||1109653200||md||
3653404112||3653404119||1109653200||md||
3653404936||3653404943||1109653200||md||
3653405184||3653405695||1109653200||md||
