--||--||--||mc||Monaco
1056243712||1056251903||1109653200||mc||
1348362240||1348366335||1109653200||mc||
1382091376||1382091391||1109653200||mc||
1382091776||1382092031||1109653200||mc||
1383137280||1383145471||1109653200||mc||
1476321280||1476329471||1151817078||mc||
1490108416||1490112511||1146369375||mc||
3258128896||3258129151||1109653200||mc||
3261266176||3261266431||1109653200||mc||
3263070208||3263070463||1109653200||mc||
3263499008||3263499519||1109653200||mc||
3276668928||3276677119||1109653200||mc||
3278232512||3278232575||1109653200||mc||
3278939724||3278939727||1109653200||mc||
3449001246||3449001246||1109653200||mc||
3570434304||3570434367||1109653200||mc||
3572148224||3572148479||1109653200||mc||
3582558208||3582566399||1109653200||mc||
3654066028||3654066031||1109653200||mc||
