--||--||--||mn||Mongolia
1357736448||1357736703||1109653200||mn||
2063482880||2063499263||1155262871||mn||
3389374464||3389382655||1109653200||mn||
3392647168||3392651263||1109653200||mn||
3393593344||3393597439||1109653200||mn||
3393777664||3393779711||1109653200||mn||
3397582848||3397584895||1109653200||mn||
3397640192||3397648383||1109653200||mn||
3400155136||3400163327||1109653200||mn||
3400437600||3400437607||1109653200||mn||
3400437664||3400437671||1109653200||mn||
3400437680||3400437687||1109653200||mn||
3400437808||3400437815||1109653200||mn||
3400437952||3400437959||1109653200||mn||
3400440080||3400440087||1109653200||mn||
3400440096||3400440111||1109653200||mn||
3400440128||3400440135||1109653200||mn||
3400440200||3400440207||1109653200||mn||
3400440264||3400440271||1109653200||mn||
3400440384||3400440391||1109653200||mn||
3400440544||3400440551||1109653200||mn||
3400440784||3400440791||1109653200||mn||
3400728576||3400736767||1109653200||mn||
