--||--||--||ma||Morocco
1049713056||1049713087||1109653200||ma||
1056669696||1056702463||1111268918||ma||
1118965912||1118965919||1109653200||ma||
1118967392||1118967399||1109653200||ma||
1123815424||1123815679||1109653200||ma||
1346431104||1346431119||1109653200||ma||
1347979504||1347979511||1109653200||ma||
1361036328||1361036335||1109653200||ma||
1371537408||1371602943||1111112786||ma||
3250325248||3250325503||1109653200||ma||
3250716928||3250718207||1109653200||ma||
3250724864||3250733055||1109653200||ma||
3252424736||3252424767||1109653200||ma||
3255230464||3255230719||1109653200||ma||
3262478782||3262478782||1109653200||ma||
3268198400||3268214783||1111382963||ma||
3278943815||3278943815||1109653200||ma||
3278944091||3278944091||1109653200||ma||
3301474304||3301490687||1116709988||ma||
3301834752||3301900287||1111112764||ma||
3302555648||3302621183||1134106672||ma||
3560940600||3560940603||1109653200||ma||
3560941208||3560941211||1109653200||ma||
3560942296||3560942299||1109653200||ma||
3560943674||3560943674||1109653200||ma||
3570991104||3571023871||1111222329||ma||
3582737408||3582737663||1109653200||ma||
