--||--||--||np||Nepal
3392339968||3392340991||1109653200||np||
3392356352||3392364543||1109653200||np||
3392405504||3392406015||1109653200||np||
3392462848||3392472063||1109653200||np||
3393187840||3393189887||1109653200||np||
3393601536||3393609727||1109653200||np||
3394183168||3394191359||1109653200||np||
3394283008||3394283023||1109653200||np||
3400437784||3400437807||1109653200||np||
3400438272||3400438783||1109653200||np||
3400438880||3400438911||1109653200||np||
3400438976||3400439007||1109653200||np||
3400439040||3400439295||1109653200||np||
3400439872||3400439935||1109653200||np||
3400440064||3400440079||1109653200||np||
3400440336||3400440343||1109653200||np||
3400440476||3400440479||1109653200||np||
3400440552||3400440575||1109653200||np||
3406591488||3406591743||1109653200||np||
3410927616||3410931711||1109653200||np||
3585696256||3585696511||1109653200||np||
3585699328||3585699583||1109653200||np||
