--||--||--||nl||Netherlands
214858656||214858671||1109653200||nl||
411303936||411369471||1109653200||nl||
1040468736||1040468767||1109653200||nl||
1040468800||1040468847||1109653200||nl||
1040468864||1040468991||1109653200||nl||
1040470528||1040471039||1109653200||nl||
1040471296||1040471423||1109653200||nl||
1040471488||1040471711||1109653200||nl||
1040471744||1040471775||1109653200||nl||
1040472960||1040473343||1109653200||nl||
1040473600||1040474111||1109653200||nl||
1040973824||1040982015||1109653200||nl||
1041596416||1041629183||1109653200||nl||
1041825792||1041842175||1109653200||nl||
1042874368||1042890751||1109653200||nl||
1042890784||1042890847||1109653200||nl||
1042890880||1042890959||1109653200||nl||
1042891264||1042891775||1109653200||nl||
1042891840||1042891951||1109653200||nl||
1042891968||1042892799||1109653200||nl||
1042892928||1042893055||1109653200||nl||
1042893088||1042893119||1109653200||nl||
1042893144||1042893183||1109653200||nl||
1042893312||1042894079||1109653200||nl||
1042894144||1042900479||1109653200||nl||
1042900736||1042907135||1109653200||nl||
1042915392||1042939903||1109653200||nl||
1043136512||1043202047||1109653200||nl||
1043464192||1043472383||1109653200||nl||
1043603456||1043603711||1109653200||nl||
1043988480||1043988563||1109653200||nl||
1043988568||1043988671||1109653200||nl||
1043988680||1043988815||1109653200||nl||
1043988832||1043988895||1109653200||nl||
1043989056||1043989751||1109653200||nl||
1043989760||1043990271||1109653200||nl||
1043990304||1043990367||1109653200||nl||
1043990528||1043990615||1109653200||nl||
1043990624||1043991063||1109653200||nl||
1043991072||1043991295||1109653200||nl||
1043992064||1043992831||1109653200||nl||
1043993344||1043993471||1109653200||nl||
1043993600||1043993855||1109653200||nl||
1043994624||1043995143||1109653200||nl||
1043995148||1043995171||1109653200||nl||
1043995180||1043995183||1109653200||nl||
1043995188||1043995211||1109653200||nl||
1043995220||1043995311||1109653200||nl||
1043995664||1043995687||1109653200||nl||
1043995696||1043995703||1109653200||nl||
1043995720||1043995735||1109653200||nl||
1043995752||1043995759||1109653200||nl||
1043995768||1043995783||1109653200||nl||
1043995800||1043995831||1109653200||nl||
1043995840||1043995847||1109653200||nl||
1043995864||1043995887||1109653200||nl||
1043995904||1043995935||1109653200||nl||
1043995944||1043995959||1109653200||nl||
1043995968||1043995999||1109653200||nl||
1043996016||1043996023||1109653200||nl||
1043996032||1043996103||1109653200||nl||
1043996120||1043996127||1109653200||nl||
1043996144||1043996151||1109653200||nl||
1043996160||1043998195||1109653200||nl||
1043998200||1043999199||1109653200||nl||
1043999208||1043999895||1109653200||nl||
1044000000||1044000111||1109653200||nl||
1044000128||1044002143||1109653200||nl||
1044002176||1044003355||1109653200||nl||
1044003360||1044003362||1109653200||nl||
1044003364||1044003751||1109653200||nl||
1044003756||1044003807||1109653200||nl||
1044003840||1044004223||1109653200||nl||
1044004304||1044009511||1109653200||nl||
1044009600||1044009664||1109653200||nl||
1044009728||1044011823||1109653200||nl||
1044012032||1044012071||1109653200||nl||
1044012080||1044012135||1109653200||nl||
1044012144||1044012239||1109653200||nl||
1044012256||1044012327||1109653200||nl||
1044012336||1044013055||1109653200||nl||
1044013136||1044013143||1109653200||nl||
1044014112||1044014119||1109653200||nl||
1044017664||1044017983||1109653200||nl||
1044018176||1044019199||1109653200||nl||
1044019320||1044019323||1109653200||nl||
1044019384||1044019387||1109653200||nl||
1044019696||1044019699||1109653200||nl||
1044019996||1044019999||1109653200||nl||
1044020736||1044021759||1109653200||nl||
1044021888||1044022511||1109653200||nl||
1044022528||1044022783||1109653200||nl||
1044023296||1044023351||1109653200||nl||
1044023360||1044023391||1109653200||nl||
1044023552||1044024063||1109653200||nl||
1044024320||1044024447||1109653200||nl||
1044024576||1044024847||1109653200||nl||
1044024852||1044024879||1109653200||nl||
1044024960||1044025351||1109653200||nl||
1044025856||1044026895||1109653200||nl||
1044026900||1044026904||1109653200||nl||
1044026908||1044026911||1109653200||nl||
1044027264||1044027703||1109653200||nl||
1044028928||1044029067||1109653200||nl||
1044029312||1044029445||1109653200||nl||
1044029448||1044029451||1109653200||nl||
1044029453||1044029453||1109653200||nl||
1044029456||1044029463||1109653200||nl||
1044029467||1044029467||1109653200||nl||
1044029471||1044029479||1109653200||nl||
1044029484||1044029485||1109653200||nl||
1044029488||1044029488||1109653200||nl||
1044029490||1044029492||1109653200||nl||
1044029494||1044029494||1109653200||nl||
1044029498||1044029498||1109653200||nl||
1044029502||1044029502||1109653200||nl||
1044029506||1044029509||1109653200||nl||
1044029511||1044029511||1109653200||nl||
1044029536||1044029536||1109653200||nl||
1044029538||1044029538||1109653200||nl||
1044029546||1044029546||1109653200||nl||
1044029549||1044029549||1109653200||nl||
1044029551||1044029551||1109653200||nl||
1044029553||1044029553||1109653200||nl||
1044029555||1044029556||1109653200||nl||
1044029558||1044029558||1109653200||nl||
1044029562||1044029567||1109653200||nl||
1044029569||1044029569||1109653200||nl||
1044029573||1044029575||1109653200||nl||
1044029581||1044029581||1109653200||nl||
1044029585||1044029585||1109653200||nl||
1044029587||1044029587||1109653200||nl||
1044029591||1044029595||1109653200||nl||
1044029597||1044029598||1109653200||nl||
1044029600||1044029600||1109653200||nl||
1044029602||1044029603||1109653200||nl||
1044029607||1044029608||1109653200||nl||
1044029610||1044029610||1109653200||nl||
1044029612||1044029612||1109653200||nl||
1044029617||1044029618||1109653200||nl||
1044029621||1044029623||1109653200||nl||
1044029626||1044029628||1109653200||nl||
1044029631||1044029631||1109653200||nl||
1044029635||1044029635||1109653200||nl||
1044029637||1044029638||1109653200||nl||
1044029641||1044029647||1109653200||nl||
1044029649||1044029651||1109653200||nl||
1044029653||1044029659||1109653200||nl||
1044029661||1044029663||1109653200||nl||
1044029665||1044029667||1109653200||nl||
1044029669||1044029669||1109653200||nl||
1044029673||1044029676||1109653200||nl||
1044029679||1044029683||1109653200||nl||
1044029685||1044029686||1109653200||nl||
1044029688||1044029693||1109653200||nl||
1044029695||1044029719||1109653200||nl||
1044029728||1044029743||1109653200||nl||
1044029760||1044029775||1109653200||nl||
1044029784||1044029895||1109653200||nl||
1044029904||1044029951||1109653200||nl||
1044029960||1044030047||1109653200||nl||
1044030056||1044030127||1109653200||nl||
1044030136||1044030383||1109653200||nl||
1044030392||1044030399||1109653200||nl||
1044030408||1044030607||1109653200||nl||
1044030616||1044030727||1109653200||nl||
1044030736||1044030759||1109653200||nl||
1044030768||1044030815||1109653200||nl||
1044030824||1044030879||1109653200||nl||
1044030888||1044030911||1109653200||nl||
1044030920||1044030999||1109653200||nl||
1044031008||1044031159||1109653200||nl||
1044031168||1044031271||1109653200||nl||
1044031280||1044031319||1109653200||nl||
1044031328||1044031359||1109653200||nl||
1044031361||1044031363||1109653200||nl||
1044031365||1044031439||1109653200||nl||
1044031448||1044031489||1109653200||nl||
1044031491||1044031494||1109653200||nl||
1044031496||1044031496||1109653200||nl||
1044031498||1044031507||1109653200||nl||
1044031509||1044031509||1109653200||nl||
1044031511||1044031523||1109653200||nl||
1044031525||1044031531||1109653200||nl||
1044031533||1044031533||1109653200||nl||
1044031537||1044031552||1109653200||nl||
1044031554||1044031556||1109653200||nl||
1044031558||1044031558||1109653200||nl||
1044031560||1044031562||1109653200||nl||
1044031564||1044031566||1109653200||nl||
1044031568||1044031568||1109653200||nl||
1044031570||1044031573||1109653200||nl||
1044031575||1044031579||1109653200||nl||
1044031582||1044031582||1109653200||nl||
1044031585||1044031592||1109653200||nl||
1044031594||1044031597||1109653200||nl||
1044031599||1044031599||1109653200||nl||
1044031601||1044031627||1109653200||nl||
1044031629||1044031629||1109653200||nl||
1044031631||1044031635||1109653200||nl||
1044031637||1044031640||1109653200||nl||
1044031642||1044031643||1109653200||nl||
1044031645||1044031651||1109653200||nl||
1044031653||1044031654||1109653200||nl||
1044031656||1044031656||1109653200||nl||
1044031659||1044031668||1109653200||nl||
1044031671||1044031673||1109653200||nl||
1044031675||1044031675||1109653200||nl||
1044031678||1044031683||1109653200||nl||
1044031685||1044031687||1109653200||nl||
1044031689||1044031690||1109653200||nl||
1044031693||1044031698||1109653200||nl||
1044031700||1044031703||1109653200||nl||
1044031705||1044031709||1109653200||nl||
1044031711||1044031711||1109653200||nl||
1044031713||1044031714||1109653200||nl||
1044031716||1044031717||1109653200||nl||
1044031720||1044031721||1109653200||nl||
1044031724||1044031815||1109653200||nl||
1044031840||1044031847||1109653200||nl||
1044031864||1044031879||1109653200||nl||
1044031888||1044031927||1109653200||nl||
1044031936||1044031999||1109653200||nl||
1044032016||1044032047||1109653200||nl||
1044032056||1044032071||1109653200||nl||
1044032080||1044032103||1109653200||nl||
1044032128||1044032151||1109653200||nl||
1044032168||1044032191||1109653200||nl||
1044032200||1044032223||1109653200||nl||
1044032232||1044032271||1109653200||nl||
1044032288||1044032303||1109653200||nl||
1044032312||1044032319||1109653200||nl||
1044032328||1044032399||1109653200||nl||
1044032408||1044032591||1109653200||nl||
1044032600||1044032607||1109653200||nl||
1044032616||1044032639||1109653200||nl||
1044032648||1044032791||1109653200||nl||
1044032800||1044032815||1109653200||nl||
1044032832||1044032855||1109653200||nl||
1044032864||1044033063||1109653200||nl||
1044033072||1044033143||1109653200||nl||
1044033152||1044033167||1109653200||nl||
1044033176||1044033183||1109653200||nl||
1044033192||1044033351||1109653200||nl||
1044033360||1044033527||1109653200||nl||
1044033536||1044033623||1109653200||nl||
1044033632||1044033671||1109653200||nl||
1044033680||1044033719||1109653200||nl||
1044033728||1044033927||1109653200||nl||
1044033936||1044033991||1109653200||nl||
1044034000||1044034231||1109653200||nl||
1044034240||1044034279||1109653200||nl||
1044034288||1044034327||1109653200||nl||
1044034336||1044034375||1109653200||nl||
1044034384||1044034487||1109653200||nl||
1044034496||1044034511||1109653200||nl||
1044034520||1044034615||1109653200||nl||
1044034624||1044034735||1109653200||nl||
1044034744||1044034751||1109653200||nl||
1044034760||1044034847||1109653200||nl||
1044034856||1044034975||1109653200||nl||
1044034984||1044035063||1109653200||nl||
1044035072||1044035855||1109653200||nl||
1044035864||1044036079||1109653200||nl||
1044036088||1044036327||1109653200||nl||
1044036336||1044036863||1109653200||nl||
1044036865||1044036865||1109653200||nl||
1044036867||1044036890||1109653200||nl||
1044036892||1044036899||1109653200||nl||
1044036901||1044036907||1109653200||nl||
1044036909||1044036909||1109653200||nl||
1044036911||1044036927||1109653200||nl||
1044036929||1044036942||1109653200||nl||
1044036944||1044036948||1109653200||nl||
1044036952||1044036957||1109653200||nl||
1044036959||1044036967||1109653200||nl||
1044036969||1044036970||1109653200||nl||
1044036972||1044036976||1109653200||nl||
1044036978||1044036990||1109653200||nl||
1044036992||1044037014||1109653200||nl||
1044037016||1044037021||1109653200||nl||
1044037023||1044037024||1109653200||nl||
1044037026||1044037026||1109653200||nl||
1044037028||1044037037||1109653200||nl||
1044037039||1044037042||1109653200||nl||
1044037044||1044037047||1109653200||nl||
1044037049||1044037049||1109653200||nl||
1044037052||1044037056||1109653200||nl||
1044037058||1044037061||1109653200||nl||
1044037064||1044037065||1109653200||nl||
1044037067||1044037070||1109653200||nl||
1044037072||1044037091||1109653200||nl||
1044037093||1044037099||1109653200||nl||
1044037101||1044037101||1109653200||nl||
1044037103||1044037106||1109653200||nl||
1044037108||1044037109||1109653200||nl||
1044037111||1044037191||1109653200||nl||
1044037200||1044037287||1109653200||nl||
1044037296||1044038559||1109653200||nl||
1044038568||1044039847||1109653200||nl||
1044039856||1044039935||1109653200||nl||
1044040704||1044043983||1109653200||nl||
1044043988||1044044175||1109653200||nl||
1044044180||1044044183||1109653200||nl||
1044045312||1044045887||1109653200||nl||
1044046080||1044046207||1109653200||nl||
1044046848||1044051971||1109653200||nl||
1044052032||1044052039||1109653200||nl||
1044053504||1044059263||1109653200||nl||
1044059936||1044060031||1109653200||nl||
1044060064||1044061391||1109653200||nl||
1044061400||1044062023||1109653200||nl||
1044062032||1044062103||1109653200||nl||
1044062112||1044062183||1109653200||nl||
1044062200||1044062231||1109653200||nl||
1044062240||1044062375||1109653200||nl||
1044062384||1044062503||1109653200||nl||
1044062512||1044062535||1109653200||nl||
1044062544||1044062575||1109653200||nl||
1044062584||1044062647||1109653200||nl||
1044062656||1044062663||1109653200||nl||
1044062672||1044068351||1109653200||nl||
1044068992||1044069631||1109653200||nl||
1044070400||1044076543||1109653200||nl||
1044076928||1044077823||1109653200||nl||
1044078592||1044092927||1109653200||nl||
1044093184||1044104543||1109653200||nl||
1044104560||1044104767||1109653200||nl||
1044107264||1044117503||1109653200||nl||
1044117552||1044117567||1109653200||nl||
1044750336||1044758527||1109653200||nl||
1044955136||1044963327||1109653200||nl||
1045460736||1045460991||1109653200||nl||
1046331904||1046332159||1109653200||nl||
1046340096||1046340607||1109653200||nl||
1046340864||1046341119||1109653200||nl||
1046343424||1046344191||1109653200||nl||
1046740992||1046757375||1109653200||nl||
1047117824||1047134207||1109653200||nl||
1047265280||1047273471||1109653200||nl||
1047379968||1047396351||1109653200||nl||
1047568336||1047568339||1109653200||nl||
1047568384||1047572991||1109653200||nl||
1047573504||1047576575||1109653200||nl||
1047584768||1047592959||1109653200||nl||
1048674304||1048682495||1109653200||nl||
1048772608||1048838143||1109653200||nl||
1048920064||1048944639||1109653200||nl||
1048952832||1048953407||1109653200||nl||
1048953440||1048956223||1109653200||nl||
1048956256||1048969215||1109653200||nl||
1049395200||1049405055||1109653200||nl||
1049405248||1049405311||1109653200||nl||
1049405376||1049405439||1109653200||nl||
1049405952||1049407615||1109653200||nl||
1049408000||1049409023||1109653200||nl||
1049409280||1049411583||1109653200||nl||
1049698304||1049699071||1109653200||nl||
1049699328||1049699839||1109653200||nl||
1049700352||1049700863||1109653200||nl||
1049701888||1049701951||1109653200||nl||
1049703424||1049704959||1109653200||nl||
1049705472||1049706495||1109653200||nl||
1049718272||1049718783||1109653200||nl||
1049739264||1049755647||1109653200||nl||
1049927680||1049930239||1109653200||nl||
1049930368||1049935871||1109653200||nl||
1050450712||1050450719||1109653200||nl||
1050869760||1050935295||1109653200||nl||
1051017216||1051033599||1109653200||nl||
1051066368||1051084287||1109653200||nl||
1051084800||1051096831||1109653200||nl||
1051097088||1051098111||1109653200||nl||
1051099136||1051100807||1109653200||nl||
1051100832||1051101151||1109653200||nl||
1051101184||1051101279||1109653200||nl||
1051101288||1051101639||1109653200||nl||
1051101648||1051101679||1109653200||nl||
1051101688||1051101719||1109653200||nl||
1051101736||1051102143||1109653200||nl||
1051102160||1051102207||1109653200||nl||
1051103232||1051103233||1109653200||nl||
1051103240||1051103439||1109653200||nl||
1051103448||1051104231||1109653200||nl||
1051104240||1051104615||1109653200||nl||
1051104624||1051105143||1109653200||nl||
1051105152||1051106303||1109653200||nl||
1051106312||1051106335||1109653200||nl||
1051106344||1051106591||1109653200||nl||
1051106600||1051106663||1109653200||nl||
1051106672||1051107071||1109653200||nl||
1051107080||1051107329||1109653200||nl||
1051107336||1051107351||1109653200||nl||
1051107360||1051107391||1109653200||nl||
1051107408||1051107519||1109653200||nl||
1051107840||1051115519||1109653200||nl||
1051125760||1051131903||1109653200||nl||
1051577504||1051577519||1109653200||nl||
1051577536||1051577567||1109653200||nl||
1051577592||1051577599||1109653200||nl||
1051577856||1051578111||1109653200||nl||
1051578144||1051578175||1109653200||nl||
1051578304||1051578335||1109653200||nl||
1051578344||1051578351||1109653200||nl||
1051820032||1051852799||1109653200||nl||
1052247416||1052247423||1109653200||nl||
1052250736||1052250751||1109653200||nl||
1052254208||1052255255||1109653200||nl||
1052255264||1052255871||1109653200||nl||
1052255936||1052257279||1109653200||nl||
1052260736||1052260863||1109653200||nl||
1052261056||1052261119||1109653200||nl||
1052268720||1052268735||1109653200||nl||
1052278864||1052278879||1109653200||nl||
1052311896||1052311903||1109653200||nl||
1052312768||1052312831||1109653200||nl||
1052316320||1052316335||1109653200||nl||
1052324944||1052324959||1109653200||nl||
1052325312||1052325375||1109653200||nl||
1052334752||1052334759||1109653200||nl||
1052335424||1052335455||1109653200||nl||
1052337904||1052337911||1109653200||nl||
1052340128||1052340135||1109653200||nl||
1052340576||1052340607||1109653200||nl||
1052343648||1052343655||1109653200||nl||
1052344320||1052344863||1109653200||nl||
1052345088||1052345135||1109653200||nl||
1052345344||1052345503||1109653200||nl||
1052345568||1052345631||1109653200||nl||
1052345856||1052346903||1109653200||nl||
1052347136||1052347391||1109653200||nl||
1052361040||1052361055||1109653200||nl||
1052364696||1052364703||1109653200||nl||
1052377744||1052377759||1109653200||nl||
1052378080||1052378111||1109653200||nl||
1052379800||1052379807||1109653200||nl||
1052380128||1052380159||1109653200||nl||
1052384000||1052384255||1109653200||nl||
1052388864||1052389119||1109653200||nl||
1052395776||1052396031||1109653200||nl||
1052399920||1052399927||1109653200||nl||
1052402048||1052402175||1109653200||nl||
1052403416||1052403423||1109653200||nl||
1052403728||1052403743||1109653200||nl||
1052409856||1052409863||1109653200||nl||
1052409872||1052409951||1109653200||nl||
1052411136||1052412343||1109653200||nl||
1052412416||1052412831||1109653200||nl||
1052412864||1052413951||1109653200||nl||
1052423360||1052423423||1109653200||nl||
1052435456||1052435647||1109653200||nl||
1052435680||1052436479||1109653200||nl||
1052454944||1052454959||1109653200||nl||
1052454976||1052455359||1109653200||nl||
1052455936||1052456447||1109653200||nl||
1052456960||1052457983||1109653200||nl||
1052458496||1052458847||1109653200||nl||
1052458864||1052458871||1109653200||nl||
1052479488||1052479743||1109653200||nl||
1052480000||1052483583||1109653200||nl||
1052494336||1052494591||1109653200||nl||
1052786688||1052795327||1109653200||nl||
1052795332||1052803071||1109653200||nl||
1052901376||1053032447||1109653200||nl||
1053130752||1053138943||1109653200||nl||
1053331456||1053331703||1109653200||nl||
1053331712||1053331967||1109653200||nl||
1053332224||1053332319||1109653200||nl||
1053332352||1053332415||1109653200||nl||
1053340416||1053340543||1109653200||nl||
1053347840||1053348607||1109653200||nl||
1053349120||1053349631||1109653200||nl||
1053573120||1053581311||1109653200||nl||
1053884416||1053892607||1109653200||nl||
1053894816||1053894831||1109653200||nl||
1054097408||1054100575||1109653200||nl||
1054100608||1054101343||1109653200||nl||
1054101376||1054105599||1109653200||nl||
1054113792||1054121983||1109653200||nl||
1054343168||1054351359||1109653200||nl||
1054720000||1054867455||1109653200||nl||
1054949520||1054949527||1109653200||nl||
1055219968||1055219975||1128201770||nl||
1055220224||1055220255||1128201770||nl||
1055220736||1055221247||1128201770||nl||
1055221760||1055222015||1128201770||nl||
1055222528||1055223039||1128201770||nl||
1055223040||1055223295||1128201770||nl||
1055223296||1055223551||1128201770||nl||
1055223552||1055223807||1128201770||nl||
1055232000||1055232255||1128201770||nl||
1055232512||1055233023||1128201770||nl||
1055233024||1055233535||1128201770||nl||
1055233792||1055234047||1128201770||nl||
1055234560||1055235071||1128201770||nl||
1055522816||1055588351||1109653200||nl||
1055784960||1055850495||1109653200||nl||
1056571392||1056669695||1109653200||nl||
1067918880||1067918887||1109653200||nl||
1101619248||1101619255||1109653200||nl||
1101681408||1101681663||1109653200||nl||
1101685384||1101685391||1109653200||nl||
1345847296||1345978367||1109653200||nl||
1346109440||1346240511||1109653200||nl||
1346433024||1346439167||1109653200||nl||
1346440448||1346440463||1109653200||nl||
1346440480||1346441215||1109653200||nl||
1346461696||1346469887||1109653200||nl||
1346715648||1346723839||1109653200||nl||
1346740224||1346744319||1109653200||nl||
1346764800||1346768895||1109653200||nl||
1346846720||1346854911||1109653200||nl||
1346994176||1346998271||1109653200||nl||
1347362816||1347366911||1109653200||nl||
1347379200||1347383295||1109653200||nl||
1347403776||1347407871||1109653200||nl||
1347739648||1347747839||1109653200||nl||
1347756032||1347760127||1109653200||nl||
1347780608||1347784703||1109653200||nl||
1347788800||1347792895||1109653200||nl||
1348067328||1348071423||1109653200||nl||
1348444160||1348448255||1109653200||nl||
1348730880||1348861951||1109653200||nl||
1349517312||1349779455||1109653200||nl||
1350434816||1350565887||1109653200||nl||
1352404600||1352404607||1109653200||nl||
1352404992||1352405055||1109653200||nl||
1357126808||1357126815||1109653200||nl||
1357127064||1357127079||1109653200||nl||
1357336576||1357337599||1109653200||nl||
1357884928||1357884935||1109653200||nl||
1357890816||1357890823||1109653200||nl||
1357890828||1357890863||1109653200||nl||
1357890944||1357891327||1109653200||nl||
1357891392||1357891399||1109653200||nl||
1357891424||1357891455||1109653200||nl||
1357891584||1357891679||1109653200||nl||
1357891840||1357892095||1109653200||nl||
1357988696||1357988703||1109653200||nl||
1358045184||1358049279||1109653200||nl||
1358061568||1358065663||1109653200||nl||
1358094336||1358102527||1109653200||nl||
1358244352||1358245375||1109653200||nl||
1358245888||1358247935||1109653200||nl||
1358251816||1358251823||1109653200||nl||
1358413824||1358422015||1109653200||nl||
1358438400||1358442495||1109653200||nl||
1358784016||1358784039||1109653200||nl||
1358784832||1358784863||1109653200||nl||
1358785088||1358785151||1109653200||nl||
1358786560||1358787071||1109653200||nl||
1359233024||1359249407||1109653200||nl||
1360076800||1360084991||1109653200||nl||
1360134144||1360138239||1109653200||nl||
1360175104||1360179199||1109653200||nl||
1360281600||1360285695||1109653200||nl||
1360519168||1360524031||1109653200||nl||
1360524288||1360527359||1109653200||nl||
1360855040||1360855841||1109653200||nl||
1360855852||1360856075||1109653200||nl||
1360856080||1360856109||1109653200||nl||
1360856114||1360856133||1109653200||nl||
1360856145||1360859135||1109653200||nl||
1361035264||1361035527||1109653200||nl||
1361035584||1361035591||1109653200||nl||
1361035600||1361035607||1109653200||nl||
1361035848||1361035855||1109653200||nl||
1361036056||1361036063||1109653200||nl||
1361036240||1361036243||1109653200||nl||
1361036376||1361036379||1109653200||nl||
1361036816||1361036819||1109653200||nl||
1361036852||1361036855||1109653200||nl||
1361037056||1361037059||1109653200||nl||
1361037272||1361037279||1109653200||nl||
1361037420||1361037423||1109653200||nl||
1361037456||1361037487||1109653200||nl||
1361037668||1361037671||1109653200||nl||
1361037676||1361037679||1109653200||nl||
1361037684||1361037687||1109653200||nl||
1361037736||1361037751||1109653200||nl||
1361037772||1361037823||1109653200||nl||
1361037828||1361039359||1109653200||nl||
1362755584||1362813439||1109653200||nl||
1362814464||1362814975||1109653200||nl||
1362821120||1362837503||1109653200||nl||
1362845696||1362870271||1109653200||nl||
1362872320||1362872335||1109653200||nl||
1362873856||1362873863||1109653200||nl||
1362876416||1362876447||1109653200||nl||
1362876672||1362877183||1109653200||nl||
1362877952||1362877971||1109653200||nl||
1362880512||1362880575||1109653200||nl||
1362882048||1362882075||1109653200||nl||
1362885120||1362886399||1109653200||nl||
1362886401||1362886401||1109653200||nl||
1363410944||1363673087||1109653200||nl||
1364918272||1364922367||1109653200||nl||
1365028864||1365032959||1154309738||nl||
1365155840||1365159935||1109653200||nl||
1370161152||1370193919||1109653200||nl||
1370292224||1370299903||1109653200||nl||
1370300160||1370304511||1109653200||nl||
1370305024||1370324991||1109653200||nl||
1370423384||1370423391||1109653200||nl||
1370423532||1370423535||1109653200||nl||
1370424704||1370424831||1109653200||nl||
1370425240||1370425343||1109653200||nl||
1370425600||1370431743||1109653200||nl||
1370431888||1370456063||1109653200||nl||
1372323840||1372585983||1109653200||nl||
1380450304||1380712447||1109653200||nl||
1381761024||1382023167||1109653200||nl||
1382055424||1382055935||1109653200||nl||
1382212160||1382212175||1109653200||nl||
1382217216||1382217727||1109653200||nl||
1382217984||1382218239||1109653200||nl||
1382218496||1382218527||1109653200||nl||
1382218560||1382218623||1109653200||nl||
1382218752||1382218815||1109653200||nl||
1382218912||1382218959||1109653200||nl||
1382218992||1382219775||1109653200||nl||
1382400000||1382416383||1109653200||nl||
1383079936||1383088127||1109653200||nl||
1383103472||1383103487||1109653200||nl||
1383456768||1383464959||1109653200||nl||
1383482368||1383482879||1109653200||nl||
1384546304||1384579071||1109653200||nl||
1384693760||1384710143||1109653200||nl||
1384795648||1384795775||1109653200||nl||
1384857600||1384873983||1109653200||nl||
1384973624||1384973631||1109653200||nl||
1385480192||1385488383||1109653200||nl||
1385594880||1385603071||1109653200||nl||
1385635840||1385644031||1109653200||nl||
1385668608||1385676799||1109653200||nl||
1385955328||1386086399||1109653200||nl||
1386283008||1386348543||1109653200||nl||
1386741760||1387134975||1109653200||nl||
1387155456||1387167743||1109653200||nl||
1387188224||1387249663||1109653200||nl||
1387250688||1387331583||1109653200||nl||
1388331008||1388334591||1109653200||nl||
1388335104||1388339199||1109653200||nl||
1388519424||1388527615||1109653200||nl||
1388675072||1388675583||1109653200||nl||
1388677120||1388677375||1109653200||nl||
1388679168||1388679423||1109653200||nl||
1388691456||1388699647||1109653200||nl||
1388789760||1388797951||1109653200||nl||
1388806144||1388814335||1109653200||nl||
1388904448||1388937215||1109653200||nl||
1389101056||1389133823||1109653200||nl||
1389510656||1389527039||1109653200||nl||
1389561368||1389561375||1109653200||nl||
1389821952||1389838335||1109653200||nl||
1389953024||1390018559||1109653200||nl||
1396965376||1396973567||1109653200||nl||
1397751808||1398276095||1109653200||nl||
1398833152||1398849535||1109653200||nl||
1398850096||1398850559||1109653200||nl||
1398851200||1398851327||1109653200||nl||
1398852096||1398865919||1109653200||nl||
1398867968||1398870015||1109653200||nl||
1398964224||1398965759||1109653200||nl||
1398965888||1398967871||1109653200||nl||
1398967904||1398969343||1109653200||nl||
1398969856||1398972415||1109653200||nl||
1398972672||1398973951||1109653200||nl||
1398974208||1398996991||1109653200||nl||
1400111104||1400373247||1109653200||nl||
1400897536||1400963071||1109653200||nl||
1401425920||1401427967||1109653200||nl||
1401470976||1401473023||1109653200||nl||
1401491456||1401493503||1109653200||nl||
1401522176||1401526271||1109653200||nl||
1401536512||1401538559||1109653200||nl||
1401552896||1401554943||1109653200||nl||
1401717760||1401718015||1109653200||nl||
1401825280||1401827327||1109653200||nl||
1402191872||1402208255||1109653200||nl||
1402290176||1402306559||1109653200||nl||
1402355712||1402372095||1109653200||nl||
1402994688||1403256831||1109653200||nl||
1403420672||1403428863||1109653200||nl||
1403502592||1403510783||1109653200||nl||
1403813888||1403830271||1109653200||nl||
1404239872||1404247808||1109653200||nl||
1404305408||1404313599||1109653200||nl||
1406718976||1406719007||1109653200||nl||
1406719232||1406719235||1109653200||nl||
1406750976||1406751103||1109653200||nl||
1406751232||1406751487||1109653200||nl||
1406877696||1406879231||1109653200||nl||
1406879488||1406885887||1109653200||nl||
1407131648||1407139839||1109653200||nl||
1407614960||1407614967||1109653200||nl||
1407713280||1407778815||1109653200||nl||
1408393216||1408401407||1109653200||nl||
1408696320||1408729087||1109653200||nl||
1410752512||1410760703||1109653200||nl||
1410859008||1411383295||1109653200||nl||
1411579904||1411645439||1109653200||nl||
1412005888||1412038655||1109653200||nl||
1412775936||1412792319||1109653200||nl||
1414529024||1415053311||1109653200||nl||
1416101888||1416364031||1109653200||nl||
1425113088||1425145855||1109653200||nl||
1425260544||1425272831||1109653200||nl||
1425273088||1425276927||1109653200||nl||
1425309696||1425326079||1109653200||nl||
1425342464||1425358847||1109653200||nl||
1425408000||1425424383||1109653200||nl||
1425448960||1425451007||1109653200||nl||
1426861312||1426861567||1159668957||nl||
1426865408||1426865663||1158722970||nl||
1427177728||1427177983||1140310207||nl||
1427178240||1427178495||1138602760||nl||
1427179008||1427179263||1147751057||nl||
1427179264||1427179519||1140239591||nl||
1427180288||1427180543||1147146959||nl||
1427186688||1427186943||1157687166||nl||
1427188224||1427188479||1151978143||nl||
1427190016||1427243007||1161757099||nl||
1431855104||1431863295||1109653200||nl||
1431977984||1431986175||1109653200||nl||
1432125440||1432133631||1109653200||nl||
1433526272||1433534463||1109653200||nl||
1433924352||1433924607||1160452298||nl||
1435500544||1436024831||1109653200||nl||
1436459008||1436461055||1109653200||nl||
1436469248||1436471295||1109653200||nl||
1436481536||1436483583||1109653200||nl||
1436512256||1436513279||1156643689||nl||
1438121984||1438187519||1109653200||nl||
1438580736||1438646271||1109653200||nl||
1439367168||1439432703||1109653200||nl||
1440677888||1440694271||1149476342||nl||
1442783232||1442787327||1150176374||nl||
1448083456||1448148991||1123557792||nl||
1448148992||1448214527||1121575381||nl||
1448214528||1448280063||1130037017||nl||
1448280064||1448345599||1139203922||nl||
1448345600||1448411135||1132374722||nl||
1448411136||1448476671||1136870550||nl||
1448476672||1448542207||1140673533||nl||
1448542208||1448607743||1143779421||nl||
1448607744||1448673279||1149476539||nl||
1448673280||1448738815||1150600746||nl||
1448738816||1448804351||1155175811||nl||
1448804352||1448869887||1160452409||nl||
1473249280||1473257471||1130471100||nl||
1473257472||1473261567||1139859306||nl||
1473265664||1473282047||1129866282||nl||
1473290240||1473298431||1130471495||nl||
1473314816||1473318911||1130471556||nl||
1473318912||1473323007||1159490089||nl||
1473323008||1473331199||1134791282||nl||
1473331200||1473347583||1146369342||nl||
1473380352||1473396735||1159751855||nl||
1473396736||1473404927||1131860226||nl||
1473411072||1473413119||1143938929||nl||
1473413120||1473421311||1127453298||nl||
1473445888||1473462271||1126419410||nl||
1473478656||1473495039||1136478422||nl||
1473511424||1473527807||1130995509||nl||
1473544192||1473552383||1128569314||nl||
1473708032||1473724415||1146192975||nl||
1473724416||1473740799||1155008627||nl||
1474890752||1474891007||1137732191||nl||
1474920960||1474921215||1153533058||nl||
1474921472||1474921727||1157952571||nl||
1475084800||1475085055||1156302017||nl||
1475305472||1475307519||1143346257||nl||
1476075776||1476076031||1149044718||nl||
1481985280||1481985535||1156226341||nl||
1486831616||1486839807||1149218194||nl||
1490255872||1490264063||1145936150||nl||
1499594752||1499725823||1151817098||nl||
1502740480||1502756863||1159490367||nl||
1506279424||1506295807||1157082410||nl||
1506639872||1506648063||1155613174||nl||
2172452864||2172518399||1109653200||nl||
2183462912||2183528447||1109653200||nl||
2186149888||2186215423||1109653200||nl||
2186870784||2186936319||1109653200||nl||
2188378112||2188443647||1109653200||nl||
2188574720||2188640255||1109653200||nl||
2190082048||2190737407||1109653200||nl||
2191589376||2191654911||1109653200||nl||
2207973376||2208038911||1109653200||nl||
2209218560||2209284095||1109653200||nl||
2209611776||2209677311||1109653200||nl||
2211643392||2211708927||1109653200||nl||
2212495360||2212560895||1109653200||nl||
2213347328||2213412863||1109653200||nl||
2229600256||2229665791||1109653200||nl||
2249916416||2249981951||1109653200||nl||
2257518592||2257584127||1109653200||nl||
2257649664||2257780735||1109653200||nl||
2260467712||2260533247||1109653200||nl||
2261450752||2261516287||1109653200||nl||
2262630400||2262761471||1109653200||nl||
2296840192||2296905727||1109653200||nl||
2299592704||2299658239||1109653200||nl||
2302083072||2302214143||1109653200||nl||
2306342912||2306408447||1109653200||nl||
2309881856||2309947391||1109653200||nl||
2313158656||2313224191||1109653200||nl||
2333343744||2333999103||1109653200||nl||
2336161792||2336227327||1109653200||nl||
2340028416||2340093951||1109653200||nl||
2342256640||2342322175||1109653200||nl||
2342649856||2342715391||1109653200||nl||
2343698432||2343763967||1109653200||nl||
2354380800||2354446335||1109653200||nl||
2371682304||2371747839||1109653200||nl||
2377121792||2377187327||1109653200||nl||
2382102528||2382168063||1109653200||nl||
2407071744||2407137279||1109653200||nl||
2410676224||2410938367||1109653200||nl||
2416050176||2416115711||1109653200||nl||
2418737152||2418868223||1109653200||nl||
2419458048||2419523583||1109653200||nl||
2422603776||2422734847||1109653200||nl||
2423717888||2423783423||1109653200||nl||
2429616128||2429681663||1109653200||nl||
2432696320||2435071999||1109653200||nl||
2435088384||2447376383||1109653200||nl||
2452750336||2452815871||1109653200||nl||
2456289280||2456354815||1109653200||nl||
2456420352||2456485887||1109653200||nl||
2467037184||2467102719||1109653200||nl||
2478112768||2478178303||1109653200||nl||
2492727296||2492792831||1109653200||nl||
2496135168||2496200703||1109653200||nl||
2499543040||2499608575||1109653200||nl||
2503671808||2503737343||1109653200||nl||
2509373440||2509438975||1109653200||nl||
2514514432||2514514687||1109653200||nl||
2613837824||2613903359||1109653200||nl||
2622685184||2622750719||1109653200||nl||
2627076096||2627141631||1109653200||nl||
2662137856||2662203391||1109653200||nl||
2670592000||2670657535||1109653200||nl||
2671509504||2671575039||1109653200||nl||
2674380800||2674381055||1109653200||nl||
2677866496||2677932031||1109653200||nl||
2706571264||2706960383||1109653200||nl||
2706964480||2707226623||1109653200||nl||
2711486464||2711551999||1109653200||nl||
2746155008||2746220543||1109653200||nl||
2754084864||2754150399||1109653200||nl||
2760638464||2760703999||1109653200||nl||
2775711744||2775777279||1109653200||nl||
2807103488||2807169023||1109653200||nl||
2870280192||2870345727||1109653200||nl||
2870574849||2870575103||1109653200||nl||
2870578945||2870579199||1109653200||nl||
2870580993||2870581247||1109653200||nl||
2870583041||2870583295||1109653200||nl||
2870584320||2870607871||1109653200||nl||
2871083008||2871132159||1109653200||nl||
3221664000||3221664255||1109653200||nl||
3222025728||3222025983||1109653200||nl||
3222314496||3222316287||1109653200||nl||
3222320896||3222326015||1109653200||nl||
3222968832||3222973951||1109653200||nl||
3222990080||3222990335||1109653200||nl||
3223299584||3223301119||1109653200||nl||
3223316224||3223316479||1109653200||nl||
3223397376||3223397631||1109653200||nl||
3223421696||3223421951||1109653200||nl||
3223483392||3223483647||1109653200||nl||
3223566080||3223568639||1109653200||nl||
3223582464||3223582719||1109653200||nl||
3223650304||3223650559||1109653200||nl||
3223948288||3223948543||1109653200||nl||
3223967744||3223967999||1109653200||nl||
3224006912||3224012031||1109653200||nl||
3224097280||3224097535||1109653200||nl||
3224097792||3224098047||1109653200||nl||
3224672256||3224672511||1109653200||nl||
3224689920||3224690687||1109653200||nl||
3224856832||3224857087||1109653200||nl||
3224857856||3224858111||1109653200||nl||
3224859392||3224859647||1109653200||nl||
3224862976||3224863231||1109653200||nl||
3225498368||3225503487||1109653200||nl||
3225509888||3225510143||1109653200||nl||
3225532416||3225534463||1109653200||nl||
3225534720||3225535487||1109653200||nl||
3225535744||3225535999||1109653200||nl||
3225672704||3225673215||1109653200||nl||
3225689856||3225694975||1109653200||nl||
3225728512||3225728767||1109653200||nl||
3225740800||3225741055||1109653200||nl||
3225745920||3225746687||1109653200||nl||
3226738176||3226738431||1109653200||nl||
3226893568||3226894079||1109653200||nl||
3226927104||3226992639||1109653200||nl||
3227249664||3227250687||1109653200||nl||
3227282432||3227282687||1109653200||nl||
3227287296||3227287551||1109653200||nl||
3227288320||3227288831||1109653200||nl||
3227289088||3227289343||1109653200||nl||
3227289600||3227290111||1109653200||nl||
3227865344||3227867903||1109653200||nl||
3228055296||3228055807||1109653200||nl||
3228077056||3228077311||1109653200||nl||
3228077568||3228077823||1109653200||nl||
3228222464||3228222975||1109653200||nl||
3228421120||3228421375||1109653200||nl||
3228631040||3228696575||1109653200||nl||
3229955328||3229955583||1109653200||nl||
3230093824||3230094079||1109653200||nl||
3230144256||3230144511||1109653200||nl||
3230151424||3230151679||1109653200||nl||
3230973952||3230974207||1109653200||nl||
3230976000||3230976255||1109653200||nl||
3230997760||3230999039||1109653200||nl||
3230999296||3230999551||1109653200||nl||
3231020544||3231020799||1109653200||nl||
3231048448||3231048703||1109653200||nl||
3231079936||3231080191||1109653200||nl||
3231150080||3231150335||1109653200||nl||
3231199488||3231200255||1109653200||nl||
3231672576||3231672831||1109653200||nl||
3231750144||3231750399||1109653200||nl||
3232107520||3232108543||1109653200||nl||
3232129024||3232131071||1109653200||nl||
3232133120||3232133631||1109653200||nl||
3232134144||3232137215||1109653200||nl||
3232141312||3232141823||1109653200||nl||
3232156160||3232156671||1109653200||nl||
3232159744||3232160767||1109653200||nl||
3232163840||3232165887||1109653200||nl||
3232169728||3232169983||1109653200||nl||
3233630464||3233630719||1109653200||nl||
3234051840||3234052095||1109653200||nl||
3234799360||3234799615||1109653200||nl||
3238002688||3238006271||1109653200||nl||
3238006528||3238006783||1109653200||nl||
3238007040||3238010879||1109653200||nl||
3238239680||3238239711||1109653200||nl||
3238604800||3238606335||1109653200||nl||
3238606592||3238607359||1109653200||nl||
3238607872||3238608895||1109653200||nl||
3238621952||3238622207||1109653200||nl||
3239076864||3239077119||1109653200||nl||
3239090688||3239090943||1109653200||nl||
3239111168||3239111423||1109653200||nl||
3239174400||3239174655||1109653200||nl||
3239305216||3239306239||1109653200||nl||
3239538944||3239539199||1109653200||nl||
3239697408||3239697663||1109653200||nl||
3239706880||3239707135||1109653200||nl||
3239708928||3239709183||1109653200||nl||
3239760128||3239760383||1109653200||nl||
3239794176||3239794687||1109653200||nl||
3239849728||3239849983||1109653200||nl||
3239874560||3239874815||1109653200||nl||
3239876608||3239876863||1109653200||nl||
3239890432||3239890687||1109653200||nl||
3239938816||3239939071||1109653200||nl||
3240005376||3240005631||1109653200||nl||
3240707072||3240707839||1109653200||nl||
3240809472||3240809727||1109653200||nl||
3240818688||3240820735||1109653200||nl||
3240843264||3240844543||1109653200||nl||
3240859136||3240859391||1109653200||nl||
3241481472||3241481727||1109653200||nl||
3241856000||3241857279||1109653200||nl||
3242393600||3242459135||1109653200||nl||
3242911232||3242911743||1109653200||nl||
3243114496||3243150847||1109653200||nl||
3243151104||3243166127||1109653200||nl||
3243166144||3243245567||1109653200||nl||
3243978752||3243982847||1109653200||nl||
3245087488||3245087743||1109653200||nl||
3245105664||3245105919||1109653200||nl||
3245134336||3245134591||1109653200||nl||
3245177344||3245177599||1109653200||nl||
3245180928||3245181439||1109653200||nl||
3245223936||3245225983||1109653200||nl||
3245249280||3245249535||1109653200||nl||
3245251840||3245252095||1109653200||nl||
3245271040||3245272063||1109653200||nl||
3245285376||3245285631||1109653200||nl||
3245321216||3245321471||1109653200||nl||
3245335552||3245335807||1109653200||nl||
3247077632||3247077887||1109653200||nl||
3247086592||3247087615||1109653200||nl||
3247098880||3247099903||1109653200||nl||
3247102976||3247106047||1109653200||nl||
3247110144||3247111167||1109653200||nl||
3247872000||3247875327||1109653200||nl||
3247917056||3247918079||1109653200||nl||
3248372264||3248372271||1109653200||nl||
3248815616||3248816127||1160453541||nl||
3249274880||3249290143||1109653200||nl||
3249290160||3249330111||1109653200||nl||
3249330144||3249350095||1109653200||nl||
3249350112||3249405951||1109653200||nl||
3249537280||3249537791||1109653200||nl||
3249538048||3249574143||1109653200||nl||
3249574912||3249600255||1109653200||nl||
3249601792||3249668095||1109653200||nl||
3249716480||3249716735||1109653200||nl||
3250589472||3250589503||1109653200||nl||
3250692352||3250692607||1109653200||nl||
3250694912||3250695167||1109653200||nl||
3250751488||3250751743||1109653200||nl||
3251202048||3251202303||1109653200||nl||
3251213120||3251213151||1109653200||nl||
3251252480||3251252735||1109653200||nl||
3251265536||3251267839||1109653200||nl||
3251364096||3251364607||1109653200||nl||
3251672576||3251672831||1109653200||nl||
3251710208||3251710215||1109653200||nl||
3251710224||3251710239||1109653200||nl||
3251734528||3251734783||1109653200||nl||
3251765248||3251765503||1109653200||nl||
3252518912||3252527103||1109653200||nl||
3252540416||3252541951||1109653200||nl||
3253606400||3253607423||1109653200||nl||
3253689344||3253690367||1130210015||nl||
3253713408||3253713919||1127360275||nl||
3253882880||3253886975||1109653200||nl||
3253887232||3253887487||1109653200||nl||
3253889792||3253890303||1109653200||nl||
3253892352||3253892607||1109653200||nl||
3253892864||3253893119||1109653200||nl||
3253894400||3253894655||1109653200||nl||
3253969920||3253970431||1109653200||nl||
3254703616||3254704127||1109653200||nl||
3254713856||3254714367||1109653200||nl||
3255300320||3255300351||1109653200||nl||
3255391232||3255391743||1109653200||nl||
3255436544||3255436799||1109653200||nl||
3255472640||3255472895||1109653200||nl||
3255476992||3255477247||1109653200||nl||
3255484672||3255484927||1109653200||nl||
3255631872||3255660287||1109653200||nl||
3255660544||3255666431||1109653200||nl||
3255666944||3255667455||1109653200||nl||
3255667712||3255697407||1109653200||nl||
3256222208||3256222463||1109653200||nl||
3256223744||3256226047||1109653200||nl||
3256483840||3256487151||1109653200||nl||
3256487160||3256489471||1109653200||nl||
3256490496||3256513023||1109653200||nl||
3256513280||3256513791||1109653200||nl||
3256514048||3256524287||1109653200||nl||
3256524800||3256528895||1109653200||nl||
3256530944||3256549375||1109653200||nl||
3256698472||3256698479||1109653200||nl||
3257466880||3257467135||1109653200||nl||
3257477120||3257477375||1109653200||nl||
3257480448||3257480959||1109653200||nl||
3257482752||3257483007||1109653200||nl||
3257497856||3257499647||1109653200||nl||
3257585664||3257586687||1109653200||nl||
3257588736||3257589759||1109653200||nl||
3258253312||3258272767||1109653200||nl||
3258273792||3258297343||1109653200||nl||
3258297600||3258298111||1109653200||nl||
3258298368||3258318847||1109653200||nl||
3259305984||3259310079||1109653200||nl||
3259319588||3259319591||1109653200||nl||
3259319988||3259319991||1109653200||nl||
3259320744||3259320751||1109653200||nl||
3259348992||3259351039||1109653200||nl||
3259354112||3259354367||1109653200||nl||
3259521024||3259521535||1109653200||nl||
3259530752||3259531007||1109653200||nl||
3259531664||3259531679||1109653200||nl||
3259541504||3259543551||1109653200||nl||
3259582976||3259583103||1109653200||nl||
3259650048||3259650175||1109653200||nl||
3259650304||3259650815||1109653200||nl||
3259960576||3259960591||1109653200||nl||
3259960600||3259960607||1109653200||nl||
3260014592||3260018687||1109653200||nl||
3260022272||3260022783||1109653200||nl||
3260547584||3260547839||1109653200||nl||
3260550400||3260550655||1109653200||nl||
3260891648||3260891903||1109653200||nl||
3261595648||3261599743||1109653200||nl||
3261600768||3261661183||1109653200||nl||
3261691904||3261693951||1109653200||nl||
3261923328||3261988863||1109653200||nl||
3262099200||3262099455||1109653200||nl||
3262348800||3262349055||1109653200||nl||
3262419456||3262419967||1109653200||nl||
3262438400||3262438911||1109653200||nl||
3262472216||3262472219||1109653200||nl||
3262472312||3262472315||1109653200||nl||
3262472352||3262472355||1109653200||nl||
3262472360||3262472363||1109653200||nl||
3262472368||3262472371||1109653200||nl||
3262472400||3262472403||1109653200||nl||
3262472532||3262472535||1109653200||nl||
3262472548||3262472551||1109653200||nl||
3262472716||3262472727||1109653200||nl||
3262472928||3262472931||1109653200||nl||
3262473088||3262473091||1109653200||nl||
3262473160||3262473163||1109653200||nl||
3262475284||3262475287||1109653200||nl||
3262475296||3262475303||1109653200||nl||
3262475372||3262475375||1109653200||nl||
3262475396||3262475399||1109653200||nl||
3262475496||3262475499||1109653200||nl||
3262475876||3262475879||1109653200||nl||
3262476092||3262476095||1109653200||nl||
3262476112||3262476115||1109653200||nl||
3262476248||3262476251||1109653200||nl||
3262476328||3262476331||1109653200||nl||
3262476604||3262476607||1109653200||nl||
3262476620||3262476623||1109653200||nl||
3262476680||3262476683||1109653200||nl||
3262476908||3262476911||1109653200||nl||
3262476952||3262476955||1109653200||nl||
3262477084||3262477087||1109653200||nl||
3262477168||3262477171||1109653200||nl||
3262477268||3262477271||1109653200||nl||
3262477276||3262477279||1109653200||nl||
3262477484||3262477487||1109653200||nl||
3262477572||3262477575||1109653200||nl||
3262477600||3262477603||1109653200||nl||
3262477656||3262477659||1109653200||nl||
3262477672||3262477675||1109653200||nl||
3262477696||3262477699||1109653200||nl||
3262477732||3262477735||1109653200||nl||
3262477740||3262477743||1109653200||nl||
3262477988||3262477991||1109653200||nl||
3262478040||3262478043||1109653200||nl||
3262478212||3262478215||1109653200||nl||
3262478509||3262478509||1109653200||nl||
3262478521||3262478521||1109653200||nl||
3262478528||3262478528||1109653200||nl||
3262478544||3262478544||1109653200||nl||
3262478728||3262478728||1109653200||nl||
3262478864||3262478864||1109653200||nl||
3262478873||3262478873||1109653200||nl||
3262478887||3262478887||1109653200||nl||
3262478896||3262478896||1109653200||nl||
3262478912||3262478912||1109653200||nl||
3262478915||3262478915||1109653200||nl||
3262478925||3262478925||1109653200||nl||
3262478938||3262478938||1109653200||nl||
3262478940||3262478940||1109653200||nl||
3262478959||3262478961||1109653200||nl||
3262478967||3262478967||1109653200||nl||
3262478983||3262478983||1109653200||nl||
3262478986||3262478986||1109653200||nl||
3262478989||3262478989||1109653200||nl||
3262478993||3262478993||1109653200||nl||
3262479008||3262479008||1109653200||nl||
3262479010||3262479011||1109653200||nl||
3262479013||3262479013||1109653200||nl||
3262479025||3262479025||1109653200||nl||
3262479040||3262479040||1109653200||nl||
3262479048||3262479048||1109653200||nl||
3262479053||3262479053||1109653200||nl||
3262479083||3262479083||1109653200||nl||
3262479131||3262479131||1109653200||nl||
3262479133||3262479133||1109653200||nl||
3262479152||3262479152||1109653200||nl||
3262479155||3262479155||1109653200||nl||
3262479180||3262479180||1109653200||nl||
3262479200||3262479200||1109653200||nl||
3262479220||3262479220||1109653200||nl||
3262479227||3262479227||1109653200||nl||
3262479237||3262479238||1109653200||nl||
3262479243||3262479243||1109653200||nl||
3262479253||3262479253||1109653200||nl||
3262479268||3262479268||1109653200||nl||
3262479276||3262479277||1109653200||nl||
3262479324||3262479324||1109653200||nl||
3262479330||3262479330||1109653200||nl||
3262479334||3262479334||1109653200||nl||
3262479339||3262479339||1109653200||nl||
3262479344||3262479344||1109653200||nl||
3262479375||3262479375||1109653200||nl||
3262479386||3262479386||1109653200||nl||
3262479395||3262479395||1109653200||nl||
3262479400||3262479400||1109653200||nl||
3262479464||3262479465||1109653200||nl||
3262479527||3262479528||1109653200||nl||
3262479566||3262479566||1109653200||nl||
3262479576||3262479576||1109653200||nl||
3262479584||3262479584||1109653200||nl||
3262479591||3262479591||1109653200||nl||
3262479607||3262479607||1109653200||nl||
3262479613||3262479613||1109653200||nl||
3262479625||3262479625||1109653200||nl||
3262479630||3262479630||1109653200||nl||
3262479644||3262479644||1109653200||nl||
3262479655||3262479655||1109653200||nl||
3262479657||3262479657||1109653200||nl||
3262479659||3262479659||1109653200||nl||
3262479668||3262479668||1109653200||nl||
3262479689||3262479689||1109653200||nl||
3262479699||3262479701||1109653200||nl||
3262479709||3262479709||1109653200||nl||
3262479741||3262479741||1109653200||nl||
3262479755||3262479755||1109653200||nl||
3262479778||3262479778||1109653200||nl||
3262479810||3262479810||1109653200||nl||
3262479819||3262479819||1109653200||nl||
3262479821||3262479822||1109653200||nl||
3262479836||3262479836||1109653200||nl||
3262479839||3262479839||1109653200||nl||
3262479860||3262479860||1109653200||nl||
3262479863||3262479863||1109653200||nl||
3262479889||3262479889||1109653200||nl||
3262479900||3262479900||1109653200||nl||
3262479933||3262479933||1109653200||nl||
3262479949||3262479949||1109653200||nl||
3262479956||3262479956||1109653200||nl||
3262479976||3262479976||1109653200||nl||
3262479990||3262479990||1109653200||nl||
3262479996||3262479996||1109653200||nl||
3262480012||3262480012||1109653200||nl||
3262480038||3262480038||1109653200||nl||
3262480052||3262480052||1109653200||nl||
3262480058||3262480058||1109653200||nl||
3262480067||3262480067||1109653200||nl||
3262480089||3262480089||1109653200||nl||
3262480135||3262480135||1109653200||nl||
3262480147||3262480147||1109653200||nl||
3262480173||3262480173||1109653200||nl||
3262480175||3262480175||1109653200||nl||
3262480194||3262480194||1109653200||nl||
3262480198||3262480198||1109653200||nl||
3262480220||3262480220||1109653200||nl||
3262480239||3262480239||1109653200||nl||
3262480247||3262480247||1109653200||nl||
3262480249||3262480249||1109653200||nl||
3262480251||3262480251||1109653200||nl||
3262480260||3262480260||1109653200||nl||
3262480269||3262480269||1109653200||nl||
3262480312||3262480312||1109653200||nl||
3262480314||3262480314||1109653200||nl||
3262480317||3262480317||1109653200||nl||
3262480337||3262480337||1109653200||nl||
3262480347||3262480347||1109653200||nl||
3262480375||3262480375||1109653200||nl||
3263070720||3263070975||1109653200||nl||
3263071488||3263072255||1109653200||nl||
3263081472||3263082495||1150176751||nl||
3263086848||3263087103||1109653200||nl||
3263096832||3263097087||1109653200||nl||
3263097600||3263097855||1109653200||nl||
3263099136||3263099391||1109653200||nl||
3263561728||3263606671||1109653200||nl||
3263606688||3263627263||1109653200||nl||
3263816960||3263817215||1109653200||nl||
3264125184||3264125439||1109653200||nl||
3264380672||3264380927||1109653200||nl||
3264565248||3264567295||1109653200||nl||
3264663552||3264664063||1109653200||nl||
3264675840||3264741375||1109653200||nl||
3264825856||3264826111||1109653200||nl||
3264826880||3264827135||1109653200||nl||
3264846336||3264846463||1109653200||nl||
3264847168||3264847199||1109653200||nl||
3264847232||3264847263||1109653200||nl||
3264847332||3264847333||1109653200||nl||
3264847336||3264847337||1109653200||nl||
3264917248||3264917375||1109653200||nl||
3265175552||3265177919||1109653200||nl||
3265177928||3265183743||1109653200||nl||
3265218560||3265219071||1109653200||nl||
3265244416||3265244671||1109653200||nl||
3265257472||3265259519||1109653200||nl||
3265357824||3265358847||1109653200||nl||
3265359104||3265359871||1109653200||nl||
3265378304||3265380095||1109653200||nl||
3265609728||3265617919||1109653200||nl||
3265986560||3266052095||1109653200||nl||
3266445312||3266510847||1109653200||nl||
3266797568||3266805759||1109653200||nl||
3267538944||3267540223||1109653200||nl||
3267540480||3267541759||1109653200||nl||
3267550464||3267550719||1109653200||nl||
3267553024||3267553279||1109653200||nl||
3267625984||3267626239||1109653200||nl||
3267639296||3267639551||1109653200||nl||
3267648768||3267649023||1109653200||nl||
3267649792||3267650303||1109653200||nl||
3267667200||3267667455||1109653200||nl||
3267674112||3267674127||1109653200||nl||
3267678976||3267679231||1109653200||nl||
3267685376||3267685887||1109653200||nl||
3267746304||3267746559||1109653200||nl||
3268220416||3268220671||1109653200||nl||
3269057536||3269058047||1109653200||nl||
3269272832||3269272855||1109653200||nl||
3269787648||3269853183||1109653200||nl||
3270198528||3270199039||1109653200||nl||
3270199808||3270201087||1109653200||nl||
3270201344||3270201599||1109653200||nl||
3270202624||3270203135||1109653200||nl||
3270204416||3270205695||1109653200||nl||
3270209024||3270209279||1109653200||nl||
3270210560||3270211071||1109653200||nl||
3270211328||3270211583||1109653200||nl||
3270212352||3270212863||1109653200||nl||
3270213120||3270213631||1109653200||nl||
3270234368||3270238719||1109653200||nl||
3270240000||3270240255||1109653200||nl||
3270240768||3270241023||1109653200||nl||
3270241280||3270241535||1109653200||nl||
3270243840||3270244351||1109653200||nl||
3270653440||3270653695||1109653200||nl||
3270656000||3270664191||1109653200||nl||
3270772080||3270772087||1109653200||nl||
3270911968||3270911999||1109653200||nl||
3270920192||3270920447||1134791433||nl||
3270930944||3270931455||1109653200||nl||
3270991872||3271000063||1109653200||nl||
3271366400||3271366655||1109653200||nl||
3271377408||3271377919||1109653200||nl||
3271385216||3271385343||1109653200||nl||
3271391232||3271391743||1109653200||nl||
3271397120||3271397375||1109653200||nl||
3271397984||3271397999||1109653200||nl||
3271398016||3271398047||1109653200||nl||
3271398144||3271398303||1109653200||nl||
3271403520||3271403775||1109653200||nl||
3271404032||3271405311||1109653200||nl||
3272048640||3272056831||1109653200||nl||
3272065024||3272069343||1109653200||nl||
3272069376||3272073215||1109653200||nl||
3272107776||3272108031||1109653200||nl||
3272213408||3272213415||1109653200||nl||
3272213424||3272213431||1109653200||nl||
3272213600||3272213639||1109653200||nl||
3272213760||3272213823||1109653200||nl||
3272213832||3272213839||1109653200||nl||
3272213856||3272213887||1109653200||nl||
3272214656||3272214671||1109653200||nl||
3272214848||3272214879||1109653200||nl||
3272214884||3272214887||1109653200||nl||
3272214960||3272215007||1109653200||nl||
3272215024||3272215039||1109653200||nl||
3272215808||3272215823||1109653200||nl||
3272215920||3272215935||1109653200||nl||
3272216000||3272216015||1109653200||nl||
3272216232||3272216255||1109653200||nl||
3272216320||3272216351||1109653200||nl||
3272216452||3272216455||1109653200||nl||
3272216512||3272216543||1109653200||nl||
3272219136||3272219391||1109653200||nl||
3272223232||3272223775||1109653200||nl||
3272223816||3272223823||1109653200||nl||
3272224000||3272224383||1109653200||nl||
3272227072||3272227327||1109653200||nl||
3272228632||3272228639||1109653200||nl||
3272228736||3272228799||1109653200||nl||
3272335360||3272343551||1109653200||nl||
3272650656||3272650751||1109653200||nl||
3272651184||3272651191||1109653200||nl||
3272653544||3272653551||1109653200||nl||
3272653728||3272653759||1109653200||nl||
3272654784||3272654847||1109653200||nl||
3272753152||3272769535||1109653200||nl||
3272876032||3272884223||1109653200||nl||
3272910848||3272911359||1109653200||nl||
3273263104||3273263615||1109653200||nl||
3273719808||3273728255||1109653200||nl||
3273728512||3273743359||1109653200||nl||
3273743616||3273744383||1109653200||nl||
3273744648||3273744655||1109653200||nl||
3273744952||3273744959||1109653200||nl||
3273745248||3273745279||1109653200||nl||
3273745312||3273745343||1109653200||nl||
3273747072||3273747199||1109653200||nl||
3273748784||3273748799||1109653200||nl||
3273748944||3273748951||1109653200||nl||
3273748960||3273748975||1109653200||nl||
3273749248||3273749455||1109653200||nl||
3273749472||3273749503||1109653200||nl||
3273750528||3273751815||1109653200||nl||
3273751820||3273768959||1109653200||nl||
3273883648||3273916415||1109653200||nl||
3274096640||3274113023||1109653200||nl||
3274178048||3274178559||1109653200||nl||
3274366976||3274368511||1109653200||nl||
3274371072||3274373375||1109653200||nl||
3274693632||3274693887||1109653200||nl||
3274912448||3274912511||1109653200||nl||
3274915840||3274916735||1109653200||nl||
3274916864||3274917215||1109653200||nl||
3274917376||3274917887||1109653200||nl||
3274922944||3274923007||1109653200||nl||
3274923264||3274924031||1109653200||nl||
3274929152||3274929407||1109653200||nl||
3274941056||3274941087||1109653200||nl||
3274944512||3274948607||1109653200||nl||
3274954240||3274954399||1109653200||nl||
3274954624||3274954751||1109653200||nl||
3274963192||3274963199||1109653200||nl||
3274963792||3274963807||1109653200||nl||
3274964896||3274964927||1109653200||nl||
3275579520||3275579615||1109653200||nl||
3275579648||3275579703||1109653200||nl||
3275579904||3275581311||1109653200||nl||
3275581536||3275581671||1109653200||nl||
3275581680||3275582207||1109653200||nl||
3275582224||3275582247||1109653200||nl||
3275582256||3275582287||1109653200||nl||
3275582464||3275582591||1109653200||nl||
3275582656||3275582719||1109653200||nl||
3275582976||3275583231||1109653200||nl||
3275583744||3275584127||1109653200||nl||
3275584256||3275584287||1109653200||nl||
3275584512||3275584527||1109653200||nl||
3275585024||3275585279||1109653200||nl||
3275585536||3275586047||1109653200||nl||
3275587072||3275587136||1109653200||nl||
3275588288||3275588319||1109653200||nl||
3275759616||3275775999||1109653200||nl||
3276097536||3276098559||1109653200||nl||
3276115968||3276116991||1109653200||nl||
3276138496||3276139519||1109653200||nl||
3276243176||3276243179||1109653200||nl||
3276341248||3276341279||1109653200||nl||
3276341504||3276341943||1109653200||nl||
3276341952||3276342311||1109653200||nl||
3276517376||3276517647||1109653200||nl||
3276517664||3276517759||1109653200||nl||
3276517792||3276517951||1109653200||nl||
3276517984||3276518023||1109653200||nl||
3276518056||3276518063||1109653200||nl||
3276518072||3276518335||1109653200||nl||
3276518352||3276518359||1109653200||nl||
3276518368||3276518383||1109653200||nl||
3276521984||3276523519||1109653200||nl||
3276529664||3276532223||1109653200||nl||
3276534016||3276534271||1109653200||nl||
3276534416||3276534431||1109653200||nl||
3276534528||3276534687||1109653200||nl||
3276534704||3276535015||1109653200||nl||
3276734896||3276734911||1109653200||nl||
3276735456||3276735487||1109653200||nl||
3276736832||3276736863||1109653200||nl||
3276736872||3276736879||1109653200||nl||
3276737792||3276737935||1109653200||nl||
3276740176||3276740191||1109653200||nl||
3276742736||3276742751||1109653200||nl||
3276743136||3276743167||1109653200||nl||
3276745296||3276745311||1109653200||nl||
3276746352||3276746367||1109653200||nl||
3276749104||3276749183||1109653200||nl||
3276749824||3276750151||1109653200||nl||
3276751088||3276751103||1109653200||nl||
3276756032||3276756063||1109653200||nl||
3276757136||3276757151||1109653200||nl||
3276759696||3276759711||1109653200||nl||
3276767088||3276767103||1109653200||nl||
3276767744||3276767807||1109653200||nl||
3276767872||3276767935||1109653200||nl||
3276768000||3276768511||1109653200||nl||
3276769344||3276769407||1109653200||nl||
3276771328||3276771455||1109653200||nl||
3276771584||3276772287||1109653200||nl||
3276775104||3276775167||1109653200||nl||
3276775424||3276781151||1109653200||nl||
3276781312||3276781503||1109653200||nl||
3276785792||3276785823||1109653200||nl||
3276788928||3276788991||1109653200||nl||
3276789616||3276789631||1109653200||nl||
3276790128||3276790143||1109653200||nl||
3276790176||3276790199||1109653200||nl||
3276790208||3276790223||1109653200||nl||
3276791008||3276791039||1109653200||nl||
3276793736||3276793743||1109653200||nl||
3276794112||3276794255||1109653200||nl||
3276794336||3276794367||1109653200||nl||
3276799360||3276799391||1109653200||nl||
3276799472||3276799487||1109653200||nl||
3276799744||3276799775||1109653200||nl||
3276799872||3276799999||1109653200||nl||
3276865536||3276931071||1109653200||nl||
3277160448||3277176831||1109653200||nl||
3277180160||3277180415||1109653200||nl||
3277185280||3277185535||1109653200||nl||
3277193216||3277254727||1109653200||nl||
3277254736||3277258751||1109653200||nl||
3277471744||3277472607||1109653200||nl||
3277472624||3277474815||1109653200||nl||
3277475712||3277476607||1109653200||nl||
3277477632||3277479935||1109653200||nl||
3277728368||3277728383||1109653200||nl||
3277815808||3277832191||1109653200||nl||
3277833728||3277834239||1109653200||nl||
3277845504||3277847039||1109653200||nl||
3277873152||3277881343||1109653200||nl||
3278053376||3278053631||1109653200||nl||
3278054400||3278054655||1109653200||nl||
3278054912||3278055423||1109653200||nl||
3278062080||3278062335||1109653200||nl||
3278635008||3278766079||1109653200||nl||
3278938172||3278938175||1109653200||nl||
3278938180||3278938183||1109653200||nl||
3278938196||3278938199||1109653200||nl||
3278938276||3278938279||1109653200||nl||
3278938344||3278938347||1109653200||nl||
3278938468||3278938471||1109653200||nl||
3278938488||3278938491||1109653200||nl||
3278938496||3278938499||1109653200||nl||
3278938516||3278938523||1109653200||nl||
3278938612||3278938615||1109653200||nl||
3278938632||3278938635||1109653200||nl||
3278938720||3278938723||1109653200||nl||
3278938876||3278938879||1109653200||nl||
3278938976||3278938979||1109653200||nl||
3278939004||3278939007||1109653200||nl||
3278939020||3278939023||1109653200||nl||
3278939116||3278939119||1109653200||nl||
3278939132||3278939135||1109653200||nl||
3278939484||3278939491||1109653200||nl||
3278939516||3278939523||1109653200||nl||
3278939580||3278939583||1109653200||nl||
3278939596||3278939599||1109653200||nl||
3278939816||3278939819||1109653200||nl||
3278940216||3278940219||1109653200||nl||
3278940284||3278940291||1109653200||nl||
3278940320||3278940323||1109653200||nl||
3278940336||3278940339||1109653200||nl||
3278940356||3278940359||1109653200||nl||
3278940384||3278940387||1109653200||nl||
3278940396||3278940399||1109653200||nl||
3278940496||3278940499||1109653200||nl||
3278940684||3278940691||1109653200||nl||
3278940760||3278940763||1109653200||nl||
3278940792||3278940795||1109653200||nl||
3278940860||3278940863||1109653200||nl||
3278940932||3278940935||1109653200||nl||
3278940944||3278940947||1109653200||nl||
3278940988||3278940991||1109653200||nl||
3278941000||3278941003||1109653200||nl||
3278941132||3278941135||1109653200||nl||
3278942140||3278942143||1109653200||nl||
3278942740||3278942740||1109653200||nl||
3278942763||3278942763||1109653200||nl||
3278942811||3278942811||1109653200||nl||
3278942821||3278942821||1109653200||nl||
3278942825||3278942825||1109653200||nl||
3278942829||3278942829||1109653200||nl||
3278942834||3278942834||1109653200||nl||
3278942866||3278942867||1109653200||nl||
3278942878||3278942878||1109653200||nl||
3278942885||3278942885||1109653200||nl||
3278942895||3278942895||1109653200||nl||
3278942898||3278942899||1109653200||nl||
3278942923||3278942923||1109653200||nl||
3278942932||3278942932||1109653200||nl||
3278942935||3278942936||1109653200||nl||
3278942943||3278942944||1109653200||nl||
3278942962||3278942963||1109653200||nl||
3278942968||3278942968||1109653200||nl||
3278943010||3278943010||1109653200||nl||
3278943031||3278943031||1109653200||nl||
3278943085||3278943085||1109653200||nl||
3278943088||3278943088||1109653200||nl||
3278943134||3278943135||1109653200||nl||
3278943141||3278943141||1109653200||nl||
3278943147||3278943147||1109653200||nl||
3278943151||3278943151||1109653200||nl||
3278943164||3278943164||1109653200||nl||
3278943173||3278943173||1109653200||nl||
3278943186||3278943186||1109653200||nl||
3278943197||3278943197||1109653200||nl||
3278943223||3278943223||1109653200||nl||
3278943240||3278943240||1109653200||nl||
3278943246||3278943246||1109653200||nl||
3278943262||3278943262||1109653200||nl||
3278943267||3278943267||1109653200||nl||
3278943319||3278943319||1109653200||nl||
3278943322||3278943322||1109653200||nl||
3278943352||3278943352||1109653200||nl||
3278943396||3278943396||1109653200||nl||
3278943410||3278943410||1109653200||nl||
3278943413||3278943413||1109653200||nl||
3278943416||3278943416||1109653200||nl||
3278943469||3278943469||1109653200||nl||
3278943478||3278943478||1109653200||nl||
3278943532||3278943532||1109653200||nl||
3278943546||3278943546||1109653200||nl||
3278943568||3278943568||1109653200||nl||
3278943576||3278943576||1109653200||nl||
3278943583||3278943583||1109653200||nl||
3278943586||3278943586||1109653200||nl||
3278943591||3278943591||1109653200||nl||
3278943611||3278943611||1109653200||nl||
3278943643||3278943643||1109653200||nl||
3278943659||3278943659||1109653200||nl||
3278943759||3278943759||1109653200||nl||
3278943858||3278943858||1109653200||nl||
3278943870||3278943870||1109653200||nl||
3278943890||3278943890||1109653200||nl||
3278943942||3278943942||1109653200||nl||
3278943945||3278943945||1109653200||nl||
3278943985||3278943985||1109653200||nl||
3278943991||3278943991||1109653200||nl||
3278944007||3278944007||1109653200||nl||
3278944010||3278944010||1109653200||nl||
3278944046||3278944046||1109653200||nl||
3278944062||3278944062||1109653200||nl||
3278944112||3278944112||1109653200||nl||
3278944135||3278944135||1109653200||nl||
3278944149||3278944149||1109653200||nl||
3278944185||3278944185||1109653200||nl||
3278944203||3278944203||1109653200||nl||
3278944208||3278944208||1109653200||nl||
3278944225||3278944225||1109653200||nl||
3278944232||3278944232||1109653200||nl||
3278944246||3278944246||1109653200||nl||
3278944248||3278944248||1109653200||nl||
3278945798||3278945798||1109653200||nl||
3278945801||3278945801||1109653200||nl||
3278945804||3278945804||1109653200||nl||
3278945830||3278945831||1109653200||nl||
3278945834||3278945834||1109653200||nl||
3278945850||3278945850||1109653200||nl||
3278945876||3278945876||1109653200||nl||
3278945911||3278945911||1109653200||nl||
3279083584||3279083599||1109653200||nl||
3279083808||3279083823||1109653200||nl||
3279085360||3279085375||1109653200||nl||
3279085568||3279093759||1109653200||nl||
3279290368||3279291391||1109653200||nl||
3279291648||3279294463||1109653200||nl||
3279317984||3279318015||1109653200||nl||
3279318784||3279319039||1109653200||nl||
3279322624||3279322663||1109653200||nl||
3279322880||3279322975||1109653200||nl||
3279486976||3279552511||1109653200||nl||
3279992832||3279993855||1109653200||nl||
3280011328||3280011391||1109653200||nl||
3280011776||3280011783||1109653200||nl||
3280021120||3280021183||1109653200||nl||
3280590336||3280590847||1109653200||nl||
3280594432||3280594943||1109653200||nl||
3280769024||3280770047||1109653200||nl||
3280790528||3280791551||1109653200||nl||
3280793600||3280794623||1109653200||nl||
3281344512||3281344767||1109653200||nl||
3281349376||3281349631||1109653200||nl||
3281971712||3281971967||1109653200||nl||
3282098176||3282099199||1109653200||nl||
3282107392||3282108415||1109653200||nl||
3282390016||3282390271||1109653200||nl||
3282449024||3282449151||1109653200||nl||
3282632704||3282698239||1109653200||nl||
3282952192||3282960383||1109653200||nl||
3283211776||3283212287||1109653200||nl||
3283218944||3283219455||1109653200||nl||
3283554096||3283554111||1109653200||nl||
3283555776||3283555807||1109653200||nl||
3283558816||3283558847||1109653200||nl||
3283559424||3283559679||1109653200||nl||
3283562896||3283562903||1109653200||nl||
3283568064||3283568079||1109653200||nl||
3283574608||3283574615||1109653200||nl||
3283575072||3283575087||1109653200||nl||
3283587072||3283587231||1109653200||nl||
3283587264||3283587335||1109653200||nl||
3283587344||3283587359||1109653200||nl||
3283587392||3283587423||1109653200||nl||
3283587584||3283587647||1109653200||nl||
3283587840||3283587871||1109653200||nl||
3283598128||3283598143||1109653200||nl||
3283599312||3283599327||1109653200||nl||
3283601392||3283601399||1109653200||nl||
3283651840||3283651967||1109653200||nl||
3283656576||3283656703||1109653200||nl||
3284047616||3284047871||1109653200||nl||
3284066304||3284074495||1109653200||nl||
3284205568||3284271103||1109653200||nl||
3284531776||3284531779||1109653200||nl||
3285073920||3285075423||1109653200||nl||
3285075456||3285076543||1109653200||nl||
3285076768||3285078079||1109653200||nl||
3285078144||3285078175||1109653200||nl||
3285078192||3285079423||1109653200||nl||
3285079552||3285079967||1109653200||nl||
3285080000||3285082111||1109653200||nl||
3285460992||3285461007||1109653200||nl||
3285461056||3285461111||1109653200||nl||
3285461120||3285461263||1109653200||nl||
3285461280||3285461791||1109653200||nl||
3285461800||3285461823||1109653200||nl||
3285461840||3285461991||1109653200||nl||
3285462000||3285462015||1109653200||nl||
3285487360||3285487423||1109653200||nl||
3285487488||3285488127||1109653200||nl||
3285516688||3285516691||1109653200||nl||
3285516696||3285516703||1109653200||nl||
3285518336||3285518351||1109653200||nl||
3285520128||3285520383||1109653200||nl||
3285520640||3285520767||1109653200||nl||
3285529184||3285529199||1109653200||nl||
3285530176||3285530183||1109653200||nl||
3285530400||3285530431||1109653200||nl||
3285531072||3285531103||1109653200||nl||
3285531496||3285531503||1109653200||nl||
3285531616||3285531647||1109653200||nl||
3285533056||3285533059||1109653200||nl||
3285534464||3285534479||1109653200||nl||
3285535132||3285535135||1109653200||nl||
3285537792||3285537919||1109653200||nl||
3285538048||3285538175||1109653200||nl||
3285539072||3285539327||1109653200||nl||
3285540480||3285540607||1109653200||nl||
3285543168||3285543423||1109653200||nl||
3285543808||3285543871||1109653200||nl||
3285544336||3285544351||1109653200||nl||
3285546496||3285546559||1109653200||nl||
3285547520||3285547775||1109653200||nl||
3285550944||3285550975||1109653200||nl||
3285555232||3285555263||1109653200||nl||
3285556776||3285556779||1109653200||nl||
3285557056||3285557119||1109653200||nl||
3285557248||3285557363||1109653200||nl||
3285557376||3285557519||1109653200||nl||
3285557536||3285557575||1109653200||nl||
3285557584||3285557599||1109653200||nl||
3285557632||3285557791||1109653200||nl||
3285558016||3285558271||1109653200||nl||
3285558464||3285558591||1109653200||nl||
3285559168||3285559231||1109653200||nl||
3285559904||3285559919||1109653200||nl||
3285562752||3285562783||1109653200||nl||
3285563456||3285563471||1109653200||nl||
3285565184||3285565439||1109653200||nl||
3285566592||3285566655||1109653200||nl||
3285567488||3285568511||1109653200||nl||
3285570224||3285570239||1109653200||nl||
3285573632||3285573887||1109653200||nl||
3285580544||3285580547||1109653200||nl||
3285958904||3285958911||1109653200||nl||
3286254168||3286254175||1109653200||nl||
3286264880||3286264895||1109653200||nl||
3286936832||3286937087||1109653200||nl||
3287285760||3287416831||1109653200||nl||
3287435264||3287435775||1109653200||nl||
3287437824||3287438335||1109653200||nl||
3287441408||3287442431||1109653200||nl||
3287498016||3287498023||1109653200||nl||
3287501360||3287501367||1109653200||nl||
3287547904||3287556095||1109653200||nl||
3287644672||3287645183||1109653200||nl||
3287664384||3287664639||1109653200||nl||
3287672576||3287672831||1109653200||nl||
3323048960||3323049727||1109653200||nl||
3345437696||3345437951||1109653200||nl||
3413579008||3413579775||1109653200||nl||
3427777024||3427777279||1109653200||nl||
3427792384||3427793919||1109653200||nl||
3427794176||3427794943||1109653200||nl||
3428496640||3428497151||1109653200||nl||
3431755008||3431759615||1109653200||nl||
3437748480||3437748991||1109653200||nl||
3460894848||3460894975||1109653200||nl||
3463518208||3463520255||1109653200||nl||
3498587136||3498588159||1109653200||nl||
3502993408||3502993919||1109653200||nl||
3503215616||3503215639||1109653200||nl||
3509539264||3509539327||1109653200||nl||
3523713280||3523713535||1109653200||nl||
3556827136||3556830047||1109653200||nl||
3556830064||3556830303||1109653200||nl||
3556830320||3556843519||1109653200||nl||
3556876288||3556884479||1109653200||nl||
3557081088||3557085183||1109653200||nl||
3557085440||3557085951||1109653200||nl||
3557086080||3557086719||1109653200||nl||
3557086848||3557089279||1109653200||nl||
3558064128||3558067839||1109653200||nl||
3558067856||3558080511||1109653200||nl||
3558287744||3558287871||1109653200||nl||
3558289408||3558289471||1109653200||nl||
3558289536||3558289663||1109653200||nl||
3558290960||3558290967||1109653200||nl||
3558290976||3558290991||1109653200||nl||
3558292288||3558292543||1109653200||nl||
3558292608||3558292735||1109653200||nl||
3558292872||3558292911||1109653200||nl||
3558292928||3558293503||1109653200||nl||
3558457728||3558465535||1109653200||nl||
3558522880||3558531071||1109653200||nl||
3558586304||3558586335||1109653200||nl||
3558711296||3558719487||1109653200||nl||
3558854912||3558854927||1109653200||nl||
3558855424||3558855431||1109653200||nl||
3558855680||3558855687||1109653200||nl||
3558856640||3558856703||1109653200||nl||
3558924288||3558932479||1109653200||nl||
3559227392||3559235583||1109653200||nl||
3559489536||3559490591||1109653200||nl||
3559490624||3559490655||1109653200||nl||
3559490688||3559490719||1109653200||nl||
3559490752||3559490791||1109653200||nl||
3559490800||3559491135||1109653200||nl||
3559491168||3559491199||1109653200||nl||
3559491232||3559491439||1109653200||nl||
3559491448||3559491455||1109653200||nl||
3559491584||3559491711||1109653200||nl||
3559491840||3559492023||1109653200||nl||
3559492032||3559493119||1109653200||nl||
3559493280||3559493349||1109653200||nl||
3559493360||3559493367||1109653200||nl||
3559493376||3559497727||1109653200||nl||
3559727104||3559735295||1109653200||nl||
3560177664||3560185855||1109653200||nl||
3560316928||3560325119||1109653200||nl||
3560632208||3560632215||1109653200||nl||
3560767488||3560832791||1109653200||nl||
3560832800||3560833023||1109653200||nl||
3560939568||3560939571||1109653200||nl||
3560939624||3560939627||1109653200||nl||
3560939728||3560939735||1109653200||nl||
3560939908||3560939911||1109653200||nl||
3560939928||3560939931||1109653200||nl||
3560940056||3560940059||1109653200||nl||
3560940344||3560940347||1109653200||nl||
3560940452||3560940455||1109653200||nl||
3560940784||3560940787||1109653200||nl||
3560940820||3560940823||1109653200||nl||
3560940884||3560940887||1109653200||nl||
3560940900||3560940903||1109653200||nl||
3560940956||3560940963||1109653200||nl||
3560940968||3560940971||1109653200||nl||
3560941072||3560941075||1109653200||nl||
3560941168||3560941171||1109653200||nl||
3560941216||3560941219||1109653200||nl||
3560941280||3560941283||1109653200||nl||
3560941352||3560941355||1109653200||nl||
3560941632||3560941635||1109653200||nl||
3560941660||3560941663||1109653200||nl||
3560941736||3560941739||1109653200||nl||
3560941800||3560941803||1109653200||nl||
3560941820||3560941823||1109653200||nl||
3560941876||3560941879||1109653200||nl||
3560941984||3560941987||1109653200||nl||
3560942016||3560942019||1109653200||nl||
3560942104||3560942107||1109653200||nl||
3560942264||3560942267||1109653200||nl||
3560942280||3560942283||1109653200||nl||
3560942524||3560942527||1109653200||nl||
3560942664||3560942667||1109653200||nl||
3560942688||3560942691||1109653200||nl||
3560942768||3560942771||1109653200||nl||
3560943228||3560943230||1109653200||nl||
3560943236||3560943237||1109653200||nl||
3560943287||3560943287||1109653200||nl||
3560943339||3560943339||1109653200||nl||
3560943344||3560943344||1109653200||nl||
3560943395||3560943395||1109653200||nl||
3560943402||3560943402||1109653200||nl||
3560943410||3560943410||1109653200||nl||
3560943429||3560943429||1109653200||nl||
3560943435||3560943435||1109653200||nl||
3560943463||3560943463||1109653200||nl||
3560943480||3560943480||1109653200||nl||
3560943525||3560943525||1109653200||nl||
3560943541||3560943541||1109653200||nl||
3560943543||3560943543||1109653200||nl||
3560943581||3560943581||1109653200||nl||
3560943589||3560943589||1109653200||nl||
3560943649||3560943649||1109653200||nl||
3560943663||3560943664||1109653200||nl||
3560943710||3560943710||1109653200||nl||
3560943714||3560943714||1109653200||nl||
3560943730||3560943730||1109653200||nl||
3560943770||3560943770||1109653200||nl||
3560943829||3560943829||1109653200||nl||
3560943850||3560943850||1109653200||nl||
3560944788||3560944791||1109653200||nl||
3560944856||3560944859||1109653200||nl||
3560947712||3560955903||1109653200||nl||
3560964096||3560996863||1109653200||nl||
3561201664||3561209855||1109653200||nl||
3561423488||3561423615||1109653200||nl||
3561427208||3561427211||1109653200||nl||
3561427692||3561427695||1109653200||nl||
3561496576||3561504767||1109653200||nl||
3561545728||3561553919||1109653200||nl||
3561922560||3561930751||1109653200||nl||
3562004480||3562006819||1109653200||nl||
3562006824||3562007839||1109653200||nl||
3562007872||3562010943||1109653200||nl||
3562010976||3562012671||1109653200||nl||
3562056704||3562056719||1109653200||nl||
3562056816||3562056831||1109653200||nl||
3562056848||3562056895||1109653200||nl||
3562057216||3562057247||1109653200||nl||
3562102416||3562102431||1109653200||nl||
3562161152||3562161183||1109653200||nl||
3562225664||3562233855||1109653200||nl||
3562258432||3562283007||1109653200||nl||
3562307584||3562315775||1109653200||nl||
3562815488||3562823679||1109653200||nl||
3563381928||3563381935||1109653200||nl||
3563634688||3563651071||1109653200||nl||
3563801280||3563801295||1109653200||nl||
3563803120||3563803135||1109653200||nl||
3563847680||3563848383||1109653200||nl||
3563848448||3563848575||1109653200||nl||
3563848584||3563848607||1109653200||nl||
3563848960||3563848975||1109653200||nl||
3563848992||3563849087||1109653200||nl||
3563849184||3563849197||1109653200||nl||
3563849200||3563849207||1109653200||nl||
3563849728||3563849991||1109653200||nl||
3563850008||3563850047||1109653200||nl||
3563850112||3563850239||1109653200||nl||
3563850768||3563850815||1109653200||nl||
3563850992||3563850995||1109653200||nl||
3563851008||3563851199||1109653200||nl||
3563851776||3563852031||1109653200||nl||
3563852072||3563852095||1109653200||nl||
3563852176||3563852191||1109653200||nl||
3563852272||3563852287||1109653200||nl||
3563852416||3563852543||1109653200||nl||
3563852800||3563853327||1109653200||nl||
3563853824||3563854095||1109653200||nl||
3563854104||3563854183||1109653200||nl||
3563854240||3563854259||1109653200||nl||
3563854592||3563855359||1109653200||nl||
3563855552||3563855583||1109653200||nl||
3564260736||3564260863||1109653200||nl||
3564339200||3564344231||1109653200||nl||
3564344240||3564363775||1109653200||nl||
3564445696||3564453887||1109653200||nl||
3564498944||3564499007||1109653200||nl||
3564499200||3564499215||1109653200||nl||
3564499232||3564499239||1109653200||nl||
3564499456||3564499551||1109653200||nl||
3564650496||3564666879||1109653200||nl||
3564725760||3564725839||1109653200||nl||
3564863488||3564888463||1109653200||nl||
3564888480||3564888511||1109653200||nl||
3564888528||3564888927||1109653200||nl||
3564888960||3564888991||1109653200||nl||
3564889024||3564889695||1109653200||nl||
3564889728||3564890367||1109653200||nl||
3564890400||3564896255||1109653200||nl||
3564920832||3564929023||1109653200||nl||
3564953648||3564953651||1109653200||nl||
3564994560||3565002751||1109653200||nl||
3565125632||3565158399||1109653200||nl||
3565256704||3565287231||1109653200||nl||
3565287264||3565289471||1109653200||nl||
3565486976||3565487615||1109653200||nl||
3565490176||3565490431||1109653200||nl||
3565491904||3565491967||1109653200||nl||
3565492480||3565492607||1109653200||nl||
3565492992||3565493247||1109653200||nl||
3565493760||3565493775||1109653200||nl||
3565494064||3565494079||1109653200||nl||
3565497280||3565497287||1109653200||nl||
3565498112||3565498367||1109653200||nl||
3565502464||3565503487||1109653200||nl||
3565504000||3565504511||1109653200||nl||
3565510656||3565511679||1109653200||nl||
3565682688||3565748223||1109653200||nl||
3566075904||3566100479||1109653200||nl||
3566796800||3566816511||1109653200||nl||
3566816768||3566862335||1109653200||nl||
3567239168||3567243263||1109653200||nl||
3567247360||3567250143||1109653200||nl||
3567250176||3567250943||1109653200||nl||
3567441376||3567441407||1109653200||nl||
3567445952||3567445983||1109653200||nl||
3567599616||3567602687||1109653200||nl||
3567603200||3567606271||1109653200||nl||
3567606784||3567615999||1109653200||nl||
3568435200||3568500735||1109653200||nl||
3568730112||3568746495||1109653200||nl||
3568836248||3568836255||1109653200||nl||
3568942800||3568942807||1109653200||nl||
3569025024||3569057791||1109653200||nl||
3569156096||3569188863||1109653200||nl||
3569271872||3569271903||1109653200||nl||
3569710960||3569710975||1109653200||nl||
3569731952||3569731967||1109653200||nl||
3569733536||3569733551||1109653200||nl||
3569736192||3569736383||1109653200||nl||
3569736400||3569736703||1109653200||nl||
3569739264||3569739295||1109653200||nl||
3569739312||3569739471||1109653200||nl||
3569739488||3569739599||1109653200||nl||
3569739632||3569739647||1109653200||nl||
3569739664||3569739679||1109653200||nl||
3569739696||3569740047||1109653200||nl||
3569740080||3569740255||1109653200||nl||
3569740272||3569740351||1109653200||nl||
3569740400||3569740463||1109653200||nl||
3569740480||3569740495||1109653200||nl||
3569740512||3569740543||1109653200||nl||
3569740560||3569740655||1109653200||nl||
3569740672||3569740703||1109653200||nl||
3569740720||3569740799||1109653200||nl||
3569743584||3569743599||1109653200||nl||
3569743872||3569744047||1109653200||nl||
3569744064||3569744335||1109653200||nl||
3569744352||3569744463||1109653200||nl||
3569744480||3569744543||1109653200||nl||
3569744560||3569744607||1109653200||nl||
3569744624||3569744751||1109653200||nl||
3569744768||3569744975||1109653200||nl||
3569744992||3569745007||1109653200||nl||
3569745024||3569745103||1109653200||nl||
3569745120||3569745167||1109653200||nl||
3569745184||3569745215||1109653200||nl||
3569745232||3569745247||1109653200||nl||
3569745280||3569745359||1109653200||nl||
3569745376||3569745407||1109653200||nl||
3569745664||3569745813||1109653200||nl||
3569745824||3569745839||1109653200||nl||
3569745872||3569745887||1109653200||nl||
3569745904||3569745919||1109653200||nl||
3570073600||3570081791||1109653200||nl||
3570171904||3570204671||1109653200||nl||
3570270208||3570335743||1109653200||nl||
3570892800||3570925567||1109653200||nl||
3571337472||3571337599||1109653200||nl||
3571366400||3571366511||1109653200||nl||
3571379312||3571379315||1109653200||nl||
3572367360||3572432895||1109653200||nl||
3572442496||3572442511||1109653200||nl||
3572572160||3572580351||1109653200||nl||
3574137824||3574137855||1109653200||nl||
3574138560||3574138623||1109653200||nl||
3574202368||3574267903||1109653200||nl||
3574661120||3574693887||1109653200||nl||
3574824960||3574857727||1109653200||nl||
3575580672||3575580927||1109653200||nl||
3575627776||3575628799||1109653200||nl||
3575629184||3575629247||1109653200||nl||
3575633064||3575633071||1109653200||nl||
3575633600||3575633663||1109653200||nl||
3575775232||3575850719||1109653200||nl||
3575850736||3575854079||1109653200||nl||
3575854848||3575857151||1109653200||nl||
3575857408||3575858529||1109653200||nl||
3575858544||3575860299||1109653200||nl||
3575860304||3575866367||1109653200||nl||
3575867136||3575873535||1109653200||nl||
3576561664||3576603135||1109653200||nl||
3576603648||3576604159||1109653200||nl||
3576604416||3576605183||1109653200||nl||
3576605440||3576605695||1109653200||nl||
3576606464||3576606719||1109653200||nl||
3576607744||3576619519||1109653200||nl||
3576620800||3576622335||1109653200||nl||
3576622592||3576623871||1109653200||nl||
3576624128||3576627199||1109653200||nl||
3576889344||3576954879||1109653200||nl||
3577020416||3577085951||1109653200||nl||
3577618448||3577618463||1109653200||nl||
3577643008||3577643231||1109653200||nl||
3577643248||3577643263||1109653200||nl||
3577645440||3577645447||1109653200||nl||
3577645456||3577645503||1109653200||nl||
3577645824||3577645887||1109653200||nl||
3577645904||3577645951||1109653200||nl||
3577646080||3577646207||1109653200||nl||
3577646336||3577646527||1109653200||nl||
3577646592||3577646847||1109653200||nl||
3578363904||3578396671||1109653200||nl||
3578462208||3578527743||1109653200||nl||
3579052032||3579117567||1109653200||nl||
3579480848||3579480855||1109653200||nl||
3579480864||3579480871||1109653200||nl||
3579482624||3579482671||1109653200||nl||
3579482688||3579482927||1109653200||nl||
3579482944||3579482991||1109653200||nl||
3579483152||3579483263||1109653200||nl||
3579483296||3579483311||1109653200||nl||
3579483360||3579483375||1109653200||nl||
3579490720||3579490735||1109653200||nl||
3579491248||3579491263||1109653200||nl||
3579609088||3579707391||1109653200||nl||
3580243968||3580248063||1109653200||nl||
3581150592||3581150719||1109653200||nl||
3581154048||3581154303||1109653200||nl||
3581173760||3581196799||1109653200||nl||
3581197824||3581200127||1109653200||nl||
3581214720||3581231103||1109653200||nl||
3581239296||3581241343||1109653200||nl||
3581279104||3581279199||1109653200||nl||
3581673472||3581935615||1109653200||nl||
3582050304||3582058495||1109653200||nl||
3582107648||3582115839||1109653200||nl||
3582238720||3582255103||1109653200||nl||
3582271488||3582279679||1109653200||nl||
3582386176||3582394367||1109653200||nl||
3582459904||3582468095||1109653200||nl||
3582570484||3582570487||1109653200||nl||
3583032320||3583032831||1109653200||nl||
3583041536||3583049727||1109653200||nl||
3583270912||3583279103||1109653200||nl||
3583303680||3583311871||1109653200||nl||
3583533824||3583534079||1109653200||nl||
3583696896||3583705087||1109653200||nl||
3583770624||3583772351||1109653200||nl||
3583772368||3583778815||1109653200||nl||
3583967232||3583975423||1109653200||nl||
3584082216||3584082303||1109653200||nl||
3584082368||3584082399||1109653200||nl||
3584082944||3584089087||1109653200||nl||
3584089856||3584089871||1109653200||nl||
3584089920||3584089951||1109653200||nl||
3584090624||3584090879||1109653200||nl||
3584090944||3584090959||1109653200||nl||
3584094572||3584094575||1109653200||nl||
3584094894||3584094895||1109653200||nl||
3584095144||3584095151||1109653200||nl||
3584095552||3584095559||1109653200||nl||
3584095696||3584095703||1109653200||nl||
3584095936||3584095999||1109653200||nl||
3584096184||3584096191||1109653200||nl||
3584096224||3584098303||1109653200||nl||
3584204800||3584212991||1109653200||nl||
3584509032||3584509039||1109653200||nl||
3584510624||3584510655||1109653200||nl||
3584671744||3584688127||1109653200||nl||
3584701440||3584701503||1109653200||nl||
3584701704||3584701711||1109653200||nl||
3584701752||3584701823||1109653200||nl||
3584702976||3584703007||1109653200||nl||
3584703064||3584703071||1109653200||nl||
3584703088||3584703095||1109653200||nl||
3584703104||3584703111||1109653200||nl||
3584770048||3584778239||1109653200||nl||
3584786432||3584794623||1109653200||nl||
3584969984||3584970047||1109653200||nl||
3584970304||3584970367||1109653200||nl||
3584970560||3584970623||1109653200||nl||
3584971744||3584971775||1109653200||nl||
3584972032||3584972287||1109653200||nl||
3584972352||3584972383||1109653200||nl||
3584974080||3584974143||1109653200||nl||
3585202432||3585202439||1109653200||nl||
3585202464||3585202543||1109653200||nl||
3585202592||3585202623||1109653200||nl||
3585202704||3585202711||1109653200||nl||
3585202736||3585202759||1109653200||nl||
3585202784||3585202799||1109653200||nl||
3585202944||3585203327||1109653200||nl||
3585441792||3585445207||1109653200||nl||
3585445216||3585449983||1109653200||nl||
3585700344||3585700351||1109653200||nl||
3585835008||3585835831||1109653200||nl||
3585835848||3585835855||1109653200||nl||
3585835880||3585835887||1109653200||nl||
3585835896||3585835919||1109653200||nl||
3585835976||3585837567||1109653200||nl||
3585837696||3585838079||1109653200||nl||
3585838144||3585838207||1109653200||nl||
3585838272||3585839359||1109653200||nl||
3585839616||3585840127||1109653200||nl||
3585841664||3585843199||1109653200||nl||
3585933312||3585941503||1109653200||nl||
3586189312||3586189823||1109653200||nl||
3586237696||3586237951||1109653200||nl||
3586244608||3586246655||1109653200||nl||
3586248704||3586250449||1109653200||nl||
3586250458||3586250751||1109653200||nl||
3586251776||3586252799||1109653200||nl||
3586254848||3586258943||1109653200||nl||
3586259456||3586269215||1109653200||nl||
3586269248||3586269279||1109653200||nl||
3586269312||3586269375||1109653200||nl||
3586269408||3586269423||1109653200||nl||
3586269440||3586269471||1109653200||nl||
3586269488||3586269495||1109653200||nl||
3586269520||3586269535||1109653200||nl||
3586269632||3586269759||1109653200||nl||
3586269776||3586269791||1109653200||nl||
3586269824||3586269855||1109653200||nl||
3586269888||3586269951||1109653200||nl||
3586271232||3586271615||1109653200||nl||
3586272768||3586272799||1109653200||nl||
3586272832||3586272895||1109653200||nl||
3586272960||3586277375||1109653200||nl||
3586392064||3586408447||1109653200||nl||
3586457600||3586473983||1109653200||nl||
3586506752||3586523135||1109653200||nl||
3586752512||3586785279||1109653200||nl||
3586850400||3586850415||1109653200||nl||
3586903424||3586903439||1109653200||nl||
3586910208||3586910463||1109653200||nl||
3586910528||3586910559||1109653200||nl||
3586910592||3586910719||1109653200||nl||
3586965504||3586981887||1109653200||nl||
3587052032||3587052799||1109653200||nl||
3587063808||3587080191||1109653200||nl||
3587112960||3587121151||1109653200||nl||
3587227648||3587244031||1109653200||nl||
3587287360||3587287363||1109653200||nl||
3587287368||3587287387||1109653200||nl||
3587287680||3587287687||1109653200||nl||
3587288708||3587288759||1109653200||nl||
3587291136||3587291139||1109653200||nl||
3587407872||3587424255||1109653200||nl||
3587596288||3587604479||1109653200||nl||
3587850240||3587854335||1109653200||nl||
3587877408||3587877439||1109653200||nl||
3587932160||3587934207||1109653200||nl||
3588096000||3588104191||1109653200||nl||
3588456448||3588464639||1109653200||nl||
3588571136||3588587519||1109653200||nl||
3588866048||3588882431||1109653200||nl||
3589029888||3589029951||1109653200||nl||
3589029984||3589030047||1109653200||nl||
3589030080||3589030655||1109653200||nl||
3589033984||3589034015||1109653200||nl||
3589034112||3589034143||1109653200||nl||
3589034240||3589034271||1109653200||nl||
3589034368||3589034431||1109653200||nl||
3589038080||3589040127||1109653200||nl||
3589042208||3589042367||1109653200||nl||
3589043232||3589043327||1109653200||nl||
3589043456||3589043711||1109653200||nl||
3589044224||3589044319||1109653200||nl||
3589210112||3589220863||1109653200||nl||
3589221120||3589221375||1109653200||nl||
3589222400||3589224447||1109653200||nl||
3589225472||3589226495||1109653200||nl||
3589242880||3589248511||1109653200||nl||
3589248768||3589256191||1109653200||nl||
3589256448||3589258495||1109653200||nl||
3589258752||3589259263||1109653200||nl||
3589270048||3589270079||1109653200||nl||
3589270464||3589270495||1109653200||nl||
3589570560||3589584895||1109653200||nl||
3589585920||3589586943||1109653200||nl||
3589742592||3589744895||1109653200||nl||
3589744960||3589745119||1109653200||nl||
3589745152||3589747047||1109653200||nl||
3589747056||3589747071||1109653200||nl||
3589747104||3589747167||1109653200||nl||
3589747200||3589750783||1109653200||nl||
3589996544||3589996623||1109653200||nl||
3589996632||3590012927||1109653200||nl||
3641068624||3641068631||1109653200||nl||
3641158200||3641158207||1109653200||nl||
3641204736||3641206015||1109653200||nl||
3641206272||3641208831||1109653200||nl||
3641712640||3641713407||1109653200||nl||
3641802752||3641806847||1109653200||nl||
3641851904||3641855999||1109653200||nl||
3641905152||3641909247||1109653200||nl||
3642068992||3642070079||1109653200||nl||
3642070128||3642070143||1109653200||nl||
3642070208||3642070271||1109653200||nl||
3642070528||3642073087||1109653200||nl||
3642093568||3642097663||1109653200||nl||
3642114048||3642118143||1109653200||nl||
3642388480||3642392575||1109653200||nl||
3642552320||3642553375||1109653200||nl||
3642553392||3642553407||1109653200||nl||
3642553464||3642553855||1109653200||nl||
3642554368||3642556415||1109653200||nl||
3644719104||3644829075||1109653200||nl||
3644829080||3644829352||1109653200||nl||
3644829354||3644850175||1109653200||nl||
3644923904||3644932095||1109653200||nl||
3645104128||3645112319||1109653200||nl||
3645124608||3645128703||1109653200||nl||
3645214720||3645218815||1109653200||nl||
3645296640||3645297663||1109653200||nl||
3645297920||3645300735||1109653200||nl||
3645301248||3645303039||1109653200||nl||
3645334208||3645334239||1109653200||nl||
3645334256||3645334271||1109653200||nl||
3645339968||3645340463||1109653200||nl||
3645579264||3645583359||1109653200||nl||
3645640704||3645644799||1109653200||nl||
3645714432||3645718527||1109653200||nl||
3645734912||3645743103||1109653200||nl||
3645763626||3645763626||1109653200||nl||
3645763630||3645763631||1109653200||nl||
3645763634||3645763634||1109653200||nl||
3645763638||3645763638||1109653200||nl||
3645763645||3645763645||1109653200||nl||
3645763651||3645763651||1109653200||nl||
3645763666||3645763666||1109653200||nl||
3645763675||3645763675||1109653200||nl||
3645763685||3645763685||1109653200||nl||
3645763688||3645763690||1109653200||nl||
3645763693||3645763693||1109653200||nl||
3645763697||3645763697||1109653200||nl||
3645763700||3645763700||1109653200||nl||
3645763707||3645763707||1109653200||nl||
3645763709||3645763709||1109653200||nl||
3645763711||3645763715||1109653200||nl||
3645763717||3645763717||1109653200||nl||
3645763719||3645763719||1109653200||nl||
3645763723||3645763723||1109653200||nl||
3645763727||3645763727||1109653200||nl||
3645763747||3645763752||1109653200||nl||
3645763754||3645763755||1109653200||nl||
3645763759||3645763760||1109653200||nl||
3645763763||3645763764||1109653200||nl||
3645763767||3645763768||1109653200||nl||
3645763770||3645763770||1109653200||nl||
3645763774||3645763774||1109653200||nl||
3645763776||3645763776||1109653200||nl||
3645763782||3645763782||1109653200||nl||
3645763784||3645763784||1109653200||nl||
3645763787||3645763787||1109653200||nl||
3645763803||3645763803||1109653200||nl||
3645763810||3645763810||1109653200||nl||
3645763854||3645763855||1109653200||nl||
3645763883||3645763883||1109653200||nl||
3645763898||3645763898||1109653200||nl||
3645763900||3645763900||1109653200||nl||
3645763929||3645763929||1109653200||nl||
3645763937||3645763937||1109653200||nl||
3645763939||3645763939||1109653200||nl||
3645763978||3645763978||1109653200||nl||
3645763985||3645763985||1109653200||nl||
3645763992||3645763992||1109653200||nl||
3645764019||3645764019||1109653200||nl||
3645764106||3645764106||1109653200||nl||
3645764140||3645764140||1109653200||nl||
3645764146||3645764147||1109653200||nl||
3645764163||3645764163||1109653200||nl||
3645764212||3645764212||1109653200||nl||
3645764214||3645764214||1109653200||nl||
3645764220||3645764220||1109653200||nl||
3645764230||3645764230||1109653200||nl||
3645764245||3645764246||1109653200||nl||
3645764258||3645764258||1109653200||nl||
3645764266||3645764266||1109653200||nl||
3645764278||3645764278||1109653200||nl||
3645764282||3645764282||1109653200||nl||
3645764286||3645764286||1109653200||nl||
3645764289||3645764289||1109653200||nl||
3645764291||3645764291||1109653200||nl||
3645764299||3645764299||1109653200||nl||
3645764307||3645764307||1109653200||nl||
3645764332||3645764332||1109653200||nl||
3645764338||3645764338||1109653200||nl||
3645764348||3645764348||1109653200||nl||
3645764363||3645764364||1109653200||nl||
3645764376||3645764377||1109653200||nl||
3645764382||3645764382||1109653200||nl||
3645764389||3645764389||1109653200||nl||
3645764391||3645764391||1109653200||nl||
3645764395||3645764396||1109653200||nl||
3645764398||3645764398||1109653200||nl||
3645764400||3645764401||1109653200||nl||
3645764404||3645764406||1109653200||nl||
3645764412||3645764412||1109653200||nl||
3645764414||3645764417||1109653200||nl||
3645764419||3645764419||1109653200||nl||
3645764434||3645764434||1109653200||nl||
3645764436||3645764436||1109653200||nl||
3645764446||3645764446||1109653200||nl||
3645764463||3645764463||1109653200||nl||
3645765384||3645765387||1109653200||nl||
3645765472||3645765475||1109653200||nl||
3645765500||3645765503||1109653200||nl||
3645765648||3645765651||1109653200||nl||
3645765684||3645765687||1109653200||nl||
3645829120||3645833215||1109653200||nl||
3645877248||3645878271||1109653200||nl||
3647209472||3647602687||1109653200||nl||
3648024576||3648028671||1109653200||nl||
3648077824||3648078079||1109653200||nl||
3648102656||3648102911||1109653200||nl||
3648151552||3648155647||1109653200||nl||
3648241664||3648245759||1109653200||nl||
3648249856||3648253951||1109653200||nl||
3648316416||3648316671||1109653200||nl||
3648380928||3648385023||1109653200||nl||
3648420096||3648420351||1109653200||nl||
3648430080||3648434175||1109653200||nl||
3648454656||3648458751||1109653200||nl||
3648512000||3648516095||1109653200||nl||
3648520192||3648782335||1109653200||nl||
3649830912||3649835007||1109653200||nl||
3649849600||3649850367||1109653200||nl||
3650359296||3650363391||1109653200||nl||
3650375680||3650379775||1109653200||nl||
3650396160||3650404351||1109653200||nl||
3650416640||3650420735||1109653200||nl||
3650428928||3650433023||1109653200||nl||
3650437120||3650441215||1109653200||nl||
3650469888||3650478079||1109653200||nl||
3650789376||3650790143||1109653200||nl||
3651534848||3651600383||1109653200||nl||
3651788800||3651792895||1109653200||nl||
3651796992||3651813375||1109653200||nl||
3651938944||3651938959||1109653200||nl||
3651939632||3651939647||1109653200||nl||
3652032512||3652033791||1109653200||nl||
3652033856||3652033887||1109653200||nl||
3652033968||3652033983||1109653200||nl||
3652034016||3652034047||1109653200||nl||
3652034176||3652034207||1109653200||nl||
3652124928||3652125183||1109653200||nl||
3652133120||3652133375||1109653200||nl||
3652141056||3652141071||1109653200||nl||
3652141120||3652141151||1109653200||nl||
3652141312||3652141567||1109653200||nl||
3652144896||3652145151||1109653200||nl||
3653373952||3653378047||1109653200||nl||
3653394432||3653402623||1109653200||nl||
3653464064||3653468159||1109653200||nl||
3653472256||3653476351||1109653200||nl||
3653492736||3653500927||1109653200||nl||
3653509120||3653513215||1109653200||nl||
3653636096||3653640191||1109653200||nl||
3653681152||3653685247||1109653200||nl||
3656234000||3656234007||1109653200||nl||
