--||--||--||ng||Nigeria
1043917568||1043918079||1109653200||ng||
1043919872||1043921151||1109653200||ng||
1051533312||1051541503||1116818068||ng||
1061763584||1061763839||1109653200||ng||
1063750144||1063750399||1109653200||ng||
1063750464||1063750527||1109653200||ng||
1063750656||1063751679||1109653200||ng||
1064999424||1064999679||1109653200||ng||
1118963472||1118963479||1109653200||ng||
1118965904||1118965911||1109653200||ng||
1118965992||1118966007||1109653200||ng||
1118966080||1118966087||1109653200||ng||
1118975744||1118975999||1109653200||ng||
1118976512||1118976575||1109653200||ng||
1118976640||1118976679||1109653200||ng||
1118976688||1118976695||1109653200||ng||
1118976712||1118976719||1109653200||ng||
1118980096||1118980351||1109653200||ng||
1118981752||1118981759||1109653200||ng||
1118981792||1118981823||1109653200||ng||
1118982176||1118982183||1109653200||ng||
1118982208||1118982231||1109653200||ng||
1118982240||1118982271||1109653200||ng||
1118982288||1118982295||1109653200||ng||
1118982304||1118982327||1109653200||ng||
1118982336||1118982367||1109653200||ng||
1118982400||1118982415||1109653200||ng||
1118982440||1118982447||1109653200||ng||
1118982472||1118982479||1109653200||ng||
1118982496||1118982543||1109653200||ng||
1118982592||1118982599||1109653200||ng||
1118982616||1118982655||1109653200||ng||
1118982784||1118982911||1109653200||ng||
1118983040||1118983047||1109653200||ng||
1118983080||1118983087||1109653200||ng||
1118984792||1118984799||1109653200||ng||
1118985984||1118986111||1109653200||ng||
1347977472||1347977599||1109653200||ng||
1347977728||1347977991||1109653200||ng||
1347978000||1347978175||1109653200||ng||
1347978192||1347978231||1109653200||ng||
1347978248||1347978335||1109653200||ng||
1347978344||1347978351||1109653200||ng||
1347978368||1347978479||1109653200||ng||
1347978496||1347978879||1109653200||ng||
1347979008||1347979143||1109653200||ng||
1347979160||1347979223||1109653200||ng||
1347979232||1347979256||1109653200||ng||
1347979320||1347979327||1109653200||ng||
1347979344||1347979495||1109653200||ng||
1347979528||1347979583||1109653200||ng||
1347979592||1347979631||1109653200||ng||
1347979648||1347979727||1109653200||ng||
1347979744||1347979807||1109653200||ng||
1347979824||1347979967||1109653200||ng||
1347979976||1347979999||1109653200||ng||
1347980032||1347980039||1109653200||ng||
1347980048||1347980079||1109653200||ng||
1347980096||1347980111||1109653200||ng||
1347980128||1347980271||1109653200||ng||
1347980288||1347980415||1109653200||ng||
1347980544||1347980607||1109653200||ng||
1347980624||1347980703||1109653200||ng||
1347981000||1347981031||1109653200||ng||
1347981040||1347981055||1109653200||ng||
1347981184||1347981959||1109653200||ng||
1347982032||1347982055||1109653200||ng||
1347982128||1347982143||1109653200||ng||
1347982232||1347982247||1109653200||ng||
1347982336||1347982847||1109653200||ng||
1347982912||1347983071||1109653200||ng||
1347983088||1347983119||1109653200||ng||
1347983232||1347983295||1109653200||ng||
1347983320||1347983423||1109653200||ng||
1347983488||1347983519||1109653200||ng||
1347983528||1347983551||1109653200||ng||
1347983560||1347983599||1109653200||ng||
1347983616||1347983959||1109653200||ng||
1347983976||1347984423||1109653200||ng||
1347984432||1347984447||1109653200||ng||
1347984640||1347984671||1109653200||ng||
1347984720||1347984791||1109653200||ng||
1347984808||1347984815||1109653200||ng||
1347984824||1347984827||1109653200||ng||
1347984832||1347984839||1109653200||ng||
1347984856||1347984863||1109653200||ng||
1347984872||1347984895||1109653200||ng||
1357317120||1357317631||1109653200||ng||
1357349888||1357350399||1109653200||ng||
1358399488||1358399999||1109653200||ng||
1358400800||1358400863||1109653200||ng||
1358400896||1358401279||1109653200||ng||
1358402320||1358402343||1109653200||ng||
1358402368||1358402399||1109653200||ng||
1358403328||1358403583||1109653200||ng||
1358403840||1358404095||1109653200||ng||
1358404608||1358404611||1109653200||ng||
1358404616||1358404623||1109653200||ng||
1358404656||1358404671||1109653200||ng||
1358404736||1358404751||1109653200||ng||
1358404768||1358404783||1109653200||ng||
1358404864||1358405119||1109653200||ng||
1358405376||1358405631||1109653200||ng||
1358430208||1358434303||1126930817||ng||
1358569472||1358573567||1125208885||ng||
1358899128||1358899135||1109653200||ng||
1358899312||1358899327||1109653200||ng||
1358899424||1358899455||1109653200||ng||
1358900800||1358900863||1109653200||ng||
1358903872||1358903951||1109653200||ng||
1358904000||1358904063||1109653200||ng||
1358904576||1358904701||1109653200||ng||
1358904704||1358904767||1109653200||ng||
1358905096||1358905103||1109653200||ng||
1358905112||1358905119||1109653200||ng||
1358905128||1358905135||1109653200||ng||
1358905152||1358905183||1109653200||ng||
1360142336||1360146431||1109653200||ng||
1360511488||1360511583||1109653200||ng||
1360511616||1360512095||1109653200||ng||
1360512128||1360512767||1109653200||ng||
1360527360||1360531455||1109653200||ng||
1371997440||1371998207||1109653200||ng||
1372014592||1372015871||1109653200||ng||
1372017152||1372018687||1109653200||ng||
1372019200||1372019455||1109653200||ng||
1372020224||1372020735||1109653200||ng||
1372026368||1372026879||1109653200||ng||
1372029440||1372029695||1109653200||ng||
1372029952||1372030975||1109653200||ng||
1372059648||1372060159||1109653200||ng||
1384120320||1384153087||1112584803||ng||
1388388352||1388388391||1109653200||ng||
1388388400||1388388415||1109653200||ng||
1388388424||1388388599||1109653200||ng||
1388388608||1388388623||1109653200||ng||
1388388628||1388388859||1109653200||ng||
1388388868||1388388967||1109653200||ng||
1388388976||1388389099||1109653200||ng||
1388390144||1388391039||1109653200||ng||
1389265056||1389265071||1109653200||ng||
1389265080||1389265087||1109653200||ng||
1389265152||1389265167||1109653200||ng||
1389265232||1389265247||1109653200||ng||
1401882624||1401884671||1109653200||ng||
1407520768||1407522047||1109653200||ng||
1407522304||1407522815||1109653200||ng||
1407523328||1407523583||1109653200||ng||
1407528960||1407529095||1109653200||ng||
1407529152||1407529183||1109653200||ng||
3245212160||3245212671||1109653200||ng||
3250388992||3250405887||1109653200||ng||
3250421760||3250422015||1109653200||ng||
3252408832||3252408839||1109653200||ng||
3252409088||3252409095||1109653200||ng||
3252409600||3252409663||1109653200||ng||
3252410368||3252410623||1109653200||ng||
3252411648||3252411663||1109653200||ng||
3252411904||3252412159||1109653200||ng||
3252412928||3252413439||1109653200||ng||
3252414976||3252415295||1109653200||ng||
3252416512||3252416575||1109653200||ng||
3252417536||3252417791||1109653200||ng||
3252418560||3252418623||1109653200||ng||
3252419072||3252419135||1109653200||ng||
3252425216||3252425279||1109653200||ng||
3252427264||3252427519||1109653200||ng||
3252428288||3252428383||1109653200||ng||
3252432128||3252432255||1109653200||ng||
3252432640||3252432767||1109653200||ng||
3252433408||3252433663||1109653200||ng||
3252434688||3252434943||1109653200||ng||
3252436992||3252437759||1109653200||ng||
3252440320||3252440383||1109653200||ng||
3252453120||3252453183||1109653200||ng||
3252453248||3252453311||1109653200||ng||
3252474880||3252475407||1109653200||ng||
3253607424||3253608447||1109653200||ng||
3272087040||3272087295||1109653200||ng||
3282493440||3282501631||1111112730||ng||
3288444928||3288449023||1130471388||ng||
3288546304||3288547327||1122263814||ng||
3288577024||3288577279||1153190331||ng||
3290288128||3290292223||1143181416||ng||
3291410432||3291412479||1147060872||ng||
3301441536||3301445631||1112508037||ng||
3301457920||3301462015||1113678030||ng||
3301470208||3301474303||1121575511||ng||
3301543936||3301543951||1109653200||ng||
3301629952||3301631999||1119672831||ng||
3301900288||3301904383||1121405316||ng||
3301933056||3301949439||1120885944||ng||
3302752256||3302760447||1142836934||ng||
3493098496||3493098751||1109653200||ng||
3513078784||3513079039||1109653200||ng||
3516899848||3516899855||1109653200||ng||
3516899888||3516899903||1109653200||ng||
3516899936||3516900007||1109653200||ng||
3516900352||3516900607||1109653200||ng||
3516900864||3516901119||1109653200||ng||
3516901888||3516902399||1109653200||ng||
3516902656||3516902911||1109653200||ng||
3516903168||3516903423||1109653200||ng||
3563339776||3563347967||1118980490||ng||
3567617088||3567617119||1109653200||ng||
3567617152||3567617279||1109653200||ng||
3567617792||3567618047||1109653200||ng||
3567619072||3567619075||1109653200||ng||
3567619088||3567619095||1109653200||ng||
3567619136||3567619583||1109653200||ng||
3567620864||3567620927||1109653200||ng||
3567620992||3567621055||1109653200||ng||
3567621904||3567621911||1109653200||ng||
3567621920||3567621951||1109653200||ng||
3567622964||3567622967||1109653200||ng||
3567623056||3567623071||1109653200||ng||
3567626240||3567627008||1109653200||ng||
3582737920||3582738431||1109653200||ng||
3584466944||3584475135||1109653200||ng||
3585425408||3585433599||1109653200||ng||
3585697792||3585698047||1109653200||ng||
3585698304||3585698815||1109653200||ng||
3585700192||3585700223||1109653200||ng||
3585700304||3585700319||1109653200||ng||
3585701504||3585701519||1109653200||ng||
3585701632||3585701887||1109653200||ng||
3585702912||3585703167||1109653200||ng||
3585835840||3585835847||1109653200||ng||
3585839360||3585839615||1109653200||ng||
3588775936||3588776191||1109653200||ng||
3590307936||3590307967||1109653200||ng||
3590308016||3590308023||1109653200||ng||
3590308080||3590308767||1109653200||ng||
3590308776||3590308879||1109653200||ng||
3590308912||3590308951||1109653200||ng||
3590308960||3590308999||1109653200||ng||
3590309184||3590309187||1109653200||ng||
3590309376||3590309503||1109653200||ng||
3590309512||3590309527||1109653200||ng||
3590309536||3590309575||1109653200||ng||
3590309592||3590309599||1109653200||ng||
3590310144||3590310399||1109653200||ng||
3590310912||3590311679||1109653200||ng||
3590312448||3590312895||1109653200||ng||
3590312912||3590312919||1109653200||ng||
3590314656||3590314671||1109653200||ng||
3590314688||3590314703||1109653200||ng||
3590314736||3590314751||1109653200||ng||
3590314776||3590314783||1109653200||ng||
3590314832||3590314863||1109653200||ng||
3590314880||3590314895||1109653200||ng||
3590314928||3590314959||1109653200||ng||
3590314976||3590315007||1109653200||ng||
3590323776||3590323903||1109653200||ng||
3590323912||3590323927||1109653200||ng||
3590323968||3590324223||1109653200||ng||
3628623872||3628625919||1109653200||ng||
3632370560||3632370575||1109653200||ng||
3632373504||3632373759||1109653200||ng||
3632639488||3632639743||1109653200||ng||
3633030216||3633030223||1109653200||ng||
3633031648||3633031655||1109653200||ng||
3633031712||3633031719||1109653200||ng||
3633031744||3633031759||1109653200||ng||
3633031792||3633031807||1109653200||ng||
3633031912||3633031919||1109653200||ng||
3633032224||3633032231||1109653200||ng||
3633033256||3633033263||1109653200||ng||
3633033272||3633033279||1109653200||ng||
3633033296||3633033303||1109653200||ng||
3633033320||3633033335||1109653200||ng||
3633033360||3633033367||1109653200||ng||
3633034520||3633034527||1109653200||ng||
3633034560||3633034751||1109653200||ng||
3633035528||3633035535||1109653200||ng||
3633552992||3633553023||1109653200||ng||
3639396448||3639396463||1109653200||ng||
3639396960||3639396975||1109653200||ng||
3639397632||3639397887||1109653200||ng||
3639402112||3639402175||1109653200||ng||
3640312576||3640312607||1109653200||ng||
3640312640||3640312831||1109653200||ng||
3641353088||3641353151||1109653200||ng||
3641353184||3641353215||1109653200||ng||
3641353728||3641353759||1109653200||ng||
3641353776||3641353807||1109653200||ng||
3641354496||3641355263||1109653200||ng||
3641355520||3641355583||1109653200||ng||
3641357824||3641357855||1109653200||ng||
3641358336||3641358847||1109653200||ng||
3641593856||3641597951||1156385473||ng||
3641670656||3641670783||1109653200||ng||
3642028289||3642028295||1109653200||ng||
3642028304||3642028319||1109653200||ng||
3642028328||3642028503||1109653200||ng||
3642028544||3642028599||1109653200||ng||
3642028608||3642028671||1109653200||ng||
3642028704||3642028735||1109653200||ng||
3642028824||3642028863||1109653200||ng||
3642028960||3642028991||1109653200||ng||
3642070144||3642070207||1109653200||ng||
3645784064||3645788159||1129335774||ng||
3648323584||3648327679||1139372460||ng||
3650225040||3650225079||1109653200||ng||
3650225120||3650225151||1109653200||ng||
3650225216||3650225279||1109653200||ng||
3650225408||3650225791||1109653200||ng||
3650225824||3650225854||1109653200||ng||
3650225920||3650226303||1109653200||ng||
3650226432||3650226687||1109653200||ng||
3650226816||3650227071||1109653200||ng||
3650227200||3650227839||1109653200||ng||
3650227968||3650228095||1109653200||ng||
3650228224||3650228263||1109653200||ng||
3653405696||3653406975||1109653200||ng||
3653407024||3653407031||1109653200||ng||
3653407232||3653407615||1109653200||ng||
3653407704||3653407711||1109653200||ng||
3653408016||3653408023||1109653200||ng||
3653408032||3653408047||1109653200||ng||
3653408080||3653408087||1109653200||ng||
3653408096||3653408111||1109653200||ng||
3653408144||3653408151||1109653200||ng||
3653408160||3653408175||1109653200||ng||
3653408240||3653408247||1109653200||ng||
3653408768||3653409535||1109653200||ng||
3653409792||3653410047||1109653200||ng||
3653410080||3653410095||1109653200||ng||
3653410112||3653410119||1109653200||ng||
3653410128||3653410183||1109653200||ng||
3653410224||3653410271||1109653200||ng||
3653410288||3653410303||1109653200||ng||
