--||--||--||no||Norway
1041051648||1041051839||1109653200||no||
1041052160||1041052175||1109653200||no||
1041268736||1041301503||1109653200||no||
1043505152||1043513343||1157082317||no||
1044316160||1044332543||1127452565||no||
1044451584||1044451839||1109653200||no||
1044453184||1044453263||1109653200||no||
1044454400||1044454415||1109653200||no||
1044454424||1044454427||1109653200||no||
1044454464||1044454495||1109653200||no||
1044454512||1044454559||1109653200||no||
1044454584||1044455423||1109653200||no||
1044774912||1044775359||1109653200||no||
1044775368||1044840447||1109653200||no||
1045020672||1045037055||1109653200||no||
1046028288||1046036479||1109653200||no||
1046216704||1046282239||1109653200||no||
1046585344||1046609919||1109653200||no||
1046855680||1046872063||1109653200||no||
1047625728||1047633919||1109653200||no||
1047997440||1047997503||1109653200||no||
1048633344||1048641535||1109653200||no||
1049460736||1049468927||1109653200||no||
1049894912||1049903103||1109653200||no||
1051770880||1051779071||1109653200||no||
1051951104||1051983871||1109653200||no||
1052309248||1052309503||1109653200||no||
1052369920||1052370175||1109653200||no||
1052377536||1052377599||1109653200||no||
1052378984||1052378991||1109653200||no||
1052399040||1052399103||1109653200||no||
1052416768||1052417071||1109653200||no||
1052417280||1052417359||1109653200||no||
1052417368||1052417535||1109653200||no||
1052434752||1052434783||1109653200||no||
1052451840||1052452159||1109653200||no||
1052452224||1052452351||1109653200||no||
1052460032||1052460127||1109653200||no||
1052460544||1052460799||1109653200||no||
1053338624||1053338919||1109653200||no||
1053338928||1053338983||1109653200||no||
1053338992||1053339007||1109653200||no||
1053339136||1053339551||1109653200||no||
1053339584||1053339623||1109653200||no||
1053339632||1053339647||1109653200||no||
1053900800||1053917183||1109653200||no||
1056546816||1056555007||1109653200||no||
1075576832||1075576967||1109653200||no||
1075576976||1075576991||1109653200||no||
1075577024||1075577343||1109653200||no||
1075577600||1075577775||1109653200||no||
1075577792||1075577855||1109653200||no||
1075578112||1075578623||1109653200||no||
1075578880||1075583147||1109653200||no||
1075583152||1075583503||1109653200||no||
1075583520||1075584079||1109653200||no||
1075584096||1075585023||1109653200||no||
1123813888||1123814015||1109653200||no||
1346420736||1346424831||1109653200||no||
1346449408||1346453503||1109653200||no||
1347250688||1347250691||1109653200||no||
1347250696||1347250735||1109653200||no||
1347424340||1347424351||1109653200||no||
1347427136||1347427327||1109653200||no||
1347846144||1347850239||1109653200||no||
1347866624||1347870719||1148707068||no||
1348018176||1348026367||1109653200||no||
1348149248||1348153343||1109653200||no||
1348198400||1348202495||1109653200||no||
1349451776||1349470207||1109653200||no||
1349471232||1349484031||1109653200||no||
1349486336||1349510143||1109653200||no||
1349510656||1349516287||1109653200||no||
1355415552||1355546623||1109653200||no||
1356070912||1356201983||1109653200||no||
1357338624||1357339647||1109653200||no||
1357381632||1357391615||1109653200||no||
1357391872||1357414399||1109653200||no||
1357840384||1357867735||1109653200||no||
1357867744||1357873151||1109653200||no||
1358831616||1358835711||1109653200||no||
1358987264||1359003647||1109653200||no||
1360512800||1360512807||1109653200||no||
1360666624||1360674815||1109653200||no||
1360732160||1360736255||1109653200||no||
1360863232||1360867327||1109653200||no||
1361036104||1361036111||1109653200||no||
1361043456||1361047551||1109653200||no||
1365073920||1365078015||1109653200||no||
1365090304||1365094399||1109653200||no||
1369571328||1369636863||1109653200||no||
1369833472||1369964543||1109653200||no||
1370423296||1370423383||1109653200||no||
1370423392||1370423531||1109653200||no||
1370423536||1370424703||1109653200||no||
1370424832||1370425239||1109653200||no||
1370425344||1370425599||1109653200||no||
1370431744||1370431887||1109653200||no||
1371471872||1371537407||1109653200||no||
1382212176||1382212191||1109653200||no||
1383350272||1383358463||1109653200||no||
1383407616||1383415807||1109653200||no||
1384513536||1384546303||1109653200||no||
1385316352||1385324543||1109653200||no||
1385373696||1385381887||1109653200||no||
1385463808||1385480191||1109653200||no||
1386479616||1386545151||1109653200||no||
1388494848||1388503039||1109653200||no||
1388625920||1388634111||1109653200||no||
1388773376||1388781567||1109653200||no||
1389772800||1389789183||1109653200||no||
1399586816||1399717887||1109653200||no||
1401538560||1401539327||1109653200||no||
1401539584||1401540607||1109653200||no||
1401839616||1401841663||1109653200||no||
1401901056||1401903103||1153799306||no||
1407410176||1407411711||1109653200||no||
1407412224||1407415295||1109653200||no||
1408368640||1408376831||1109653200||no||
1408466944||1408499711||1109653200||no||
1410383872||1410392063||1109653200||no||
1410621440||1410629631||1109653200||no||
1412431872||1412562943||1109653200||no||
1412743168||1412775935||1109653200||no||
1417019392||1417084927||1109653200||no||
1422458880||1422475263||1109653200||no||
1422524416||1422589951||1109653200||no||
1422729216||1422737407||1109653200||no||
1424654336||1424687103||1109653200||no||
1424785408||1424818175||1109653200||no||
1425244160||1425260543||1109653200||no||
1425506304||1425522687||1109653200||no||
1427308544||1427374079||1139319418||no||
1431846912||1431855103||1109653200||no||
1431896064||1431904255||1109653200||no||
1431945216||1431953407||1109653200||no||
1432215552||1432223743||1109653200||no||
1432297472||1432305663||1109653200||no||
1433436160||1433444351||1109653200||no||
1433509888||1433518079||1109653200||no||
1436811264||1437073407||1109653200||no||
1438924800||1438941183||1109653200||no||
1439170560||1439236095||1109653200||no||
1440546816||1440579583||1109653200||no||
1442578432||1442643967||1109653200||no||
1467351040||1467367423||1129176700||no||
1475231744||1475232767||1144982254||no||
1475870720||1475872767||1124167704||no||
1475872768||1475874815||1130995455||no||
1475875840||1475878911||1149044683||no||
1476149248||1476150271||1144796367||no||
1476151296||1476155391||1136263966||no||
1482162176||1482424319||1147231372||no||
1493831680||1493835775||1159669032||no||
1503789056||1503793151||1147834219||no||
1509425152||1509429247||1155693716||no||
2150039552||2150105087||1109653200||no||
2175860736||2175926271||1109653200||no||
2179989504||2180186111||1109653200||no||
2185428992||2185494527||1109653200||no||
2224422912||2224488447||1109653200||no||
2251227136||2251292671||1109653200||no||
2255945728||2256011263||1109653200||no||
2292056064||2292121599||1109653200||no||
2292449280||2292514815||1109653200||no||
2301558784||2301624319||1109653200||no||
2304573440||2304638975||1109653200||no||
2307194880||2307260415||1109653200||no||
2312699904||2312765439||1109653200||no||
2319319040||2319384575||1109653200||no||
2323382272||2323447807||1109653200||no||
2338455552||2338521087||1109653200||no||
2338914304||2339962879||1109653200||no||
2341535744||2341601279||1109653200||no||
2342780928||2342846463||1109653200||no||
2375090176||2375155711||1109653200||no||
2405498880||2405564415||1109653200||no||
2421424128||2421489663||1109653200||no||
2424242176||2424307711||1109653200||no||
2426667008||2426732543||1109653200||no||
2427453440||2427584511||1109653200||no||
2427650048||2427846655||1109653200||no||
2428567552||2428633087||1109653200||no||
2448922368||2448927487||1109653200||no||
2449604608||2449670143||1109653200||no||
2453340160||2453405695||1109653200||no||
2454192128||2454257663||1109653200||no||
2460745728||2460811263||1109653200||no||
2462056448||2462121983||1109653200||no||
2463432704||2463498239||1109653200||no||
2464153600||2464219135||1109653200||no||
2468174848||2468175359||1109653200||no||
2473525248||2473656319||1109653200||no||
2488401920||2488532991||1109653200||no||
2490761216||2491154431||1109653200||no||
2492203008||2492268543||1109653200||no||
2513502208||2513567743||1109653200||no||
2523529216||2523594751||1109653200||no||
2543648768||2543714303||1109653200||no||
2544828416||2544893951||1109653200||no||
2545614848||2545680383||1109653200||no||
2556035072||2556100607||1109653200||no||
2556231680||2556362751||1109653200||no||
2567897088||2567962623||1109653200||no||
2574123008||2574188543||1109653200||no||
2600730624||2600796159||1109653200||no||
2604072960||2604138495||1109653200||no||
2614165504||2614231039||1109653200||no||
2615345152||2615410687||1109653200||no||
2620653568||2620719103||1109653200||no||
2624847872||2624913407||1109653200||no||
2649554944||2649620479||1109653200||no||
2650341376||2650406911||1109653200||no||
2653159424||2653421567||1109653200||no||
2658140160||2658205695||1109653200||no||
2660564992||2660696063||1109653200||no||
2671378432||2671443967||1109653200||no||
2672885760||2672951295||1109653200||no||
2676097024||2676162559||1109653200||no||
2678194176||2678259711||1109653200||no||
2678784000||2678849535||1109653200||no||
2681733120||2681798655||1109653200||no||
2688745472||2688876543||1109653200||no||
2701393920||2701459455||1109653200||no||
2736914432||2736979967||1109653200||no||
2746089472||2746155007||1109653200||no||
2870411264||2870476799||1109653200||no||
2870583296||2870584319||1109653200||no||
3223994624||3223994879||1109653200||no||
3224567808||3224571903||1109653200||no||
3225701376||3225709567||1109653200||no||
3226561792||3226562047||1109653200||no||
3226738688||3226739199||1109653200||no||
3227237632||3227237887||1109653200||no||
3227310080||3227310335||1109653200||no||
3227795200||3227795455||1109653200||no||
3228055808||3228056319||1109653200||no||
3228238080||3228238335||1109653200||no||
3228267008||3228267263||1109653200||no||
3228328960||3228329471||1109653200||no||
3228508416||3228508671||1109653200||no||
3228531712||3228532223||1109653200||no||
3229285888||3229286143||1109653200||no||
3229879040||3229879295||1109653200||no||
3229949952||3229950207||1109653200||no||
3229958144||3229958399||1109653200||no||
3230084608||3230084863||1109653200||no||
3230109440||3230109695||1109653200||no||
3230137600||3230137855||1109653200||no||
3230296320||3230297343||1109653200||no||
3230309120||3230309375||1109653200||no||
3230835456||3230837503||1109653200||no||
3230843136||3230843391||1109653200||no||
3230851840||3230852095||1109653200||no||
3230854656||3230855167||1109653200||no||
3231010304||3231010815||1109653200||no||
3231015936||3231016191||1109653200||no||
3231016448||3231016703||1109653200||no||
3231087616||3231087871||1109653200||no||
3231104000||3231104255||1109653200||no||
3231106304||3231106559||1109653200||no||
3231109376||3231109631||1109653200||no||
3231112960||3231113215||1109653200||no||
3231120384||3231120639||1109653200||no||
3231120896||3231121151||1109653200||no||
3231188480||3231188735||1109653200||no||
3231215360||3231215615||1109653200||no||
3231302144||3231302399||1109653200||no||
3231383808||3231385343||1109653200||no||
3231514880||3231515647||1109653200||no||
3231547648||3231547903||1109653200||no||
3231673344||3231673599||1109653200||no||
3231717120||3231717375||1109653200||no||
3231743488||3231743743||1109653200||no||
3231768832||3231769087||1109653200||no||
3233573120||3233573375||1109653200||no||
3233692160||3233692671||1109653200||no||
3233701632||3233701887||1109653200||no||
3233725952||3233726975||1109653200||no||
3238067200||3238067455||1109653200||no||
3238622208||3238622463||1109653200||no||
3239264256||3239264767||1109653200||no||
3239451648||3239451903||1109653200||no||
3239468544||3239468799||1109653200||no||
3239508480||3239508735||1109653200||no||
3239550720||3239550975||1109653200||no||
3239568640||3239568895||1109653200||no||
3239708672||3239708927||1109653200||no||
3239796224||3239796735||1109653200||no||
3239898112||3239898367||1109653200||no||
3239968768||3239969023||1109653200||no||
3240699648||3240699903||1109653200||no||
3242197976||3242197987||1109653200||no||
3242524672||3242590207||1109653200||no||
3242655744||3242721279||1109653200||no||
3242917888||3242950655||1109653200||no||
3243900928||3243966463||1109653200||no||
3243999232||3244031999||1109653200||no||
3245133824||3245134079||1109653200||no||
3245199872||3245200127||1109653200||no||
3245201664||3245201919||1109653200||no||
3248226304||3248233215||1109653200||no||
3248233472||3248235007||1109653200||no||
3248235264||3248357375||1109653200||no||
3248488448||3248525311||1109653200||no||
3248525824||3248619519||1109653200||no||
3250099456||3250099711||1109653200||no||
3250589632||3250589695||1109653200||no||
3250692096||3250692351||1109653200||no||
3251183616||3251183871||1109653200||no||
3251194368||3251194879||1109653200||no||
3251231744||3251232767||1109653200||no||
3251661312||3251661567||1109653200||no||
3251896320||3252289535||1109653200||no||
3252404224||3252405759||1109653200||no||
3252421120||3252424703||1109653200||no||
3252446208||3252446591||1109653200||no||
3252446704||3252446711||1109653200||no||
3252446720||3252446751||1109653200||no||
3252446816||3252447231||1109653200||no||
3252448000||3252448255||1109653200||no||
3252448512||3252448767||1109653200||no||
3252450048||3252450831||1109653200||no||
3252451840||3252451855||1109653200||no||
3252451968||3252451999||1109653200||no||
3252452096||3252452127||1109653200||no||
3252452352||3252452415||1109653200||no||
3252452832||3252452863||1109653200||no||
3252453376||3252454527||1109653200||no||
3252459520||3252465663||1109653200||no||
3252931584||3252932095||1109653200||no||
3253974784||3253974847||1109653200||no||
3255234048||3255234303||1109653200||no||
3255473920||3255474175||1109653200||no||
3256025088||3256054271||1109653200||no||
3256054528||3256057855||1109653200||no||
3256238080||3256246271||1109653200||no||
3256417280||3256417791||1109653200||no||
3256731648||3256732671||1109653200||no||
3258231296||3258232831||1109653200||no||
3258250496||3258250751||1109653200||no||
3258251008||3258251775||1109653200||no||
3258341376||3258341391||1109653200||no||
3258341888||3258341951||1109653200||no||
3258343424||3258351615||1109653200||no||
3258353664||3258354687||1109653200||no||
3258972160||3258974207||1109653200||no||
3259353088||3259353855||1109653200||no||
3259355136||3259359231||1109653200||no||
3259654400||3259654431||1109653200||no||
3262473004||3262473007||1109653200||no||
3262477580||3262477583||1109653200||no||
3262478116||3262478116||1109653200||no||
3262478369||3262478369||1109653200||no||
3262478426||3262478426||1109653200||no||
3262478788||3262478788||1109653200||no||
3262478972||3262478972||1109653200||no||
3262479009||3262479009||1109653200||no||
3262479145||3262479145||1109653200||no||
3262479213||3262479213||1109653200||no||
3262479284||3262479284||1109653200||no||
3262479343||3262479343||1109653200||no||
3262479347||3262479347||1109653200||no||
3262479391||3262479391||1109653200||no||
3262479568||3262479568||1109653200||no||
3262479618||3262479618||1109653200||no||
3262479648||3262479648||1109653200||no||
3262479763||3262479763||1109653200||no||
3262479861||3262479861||1109653200||no||
3262479913||3262479913||1109653200||no||
3262480083||3262480083||1109653200||no||
3262480162||3262480162||1109653200||no||
3262480191||3262480191||1109653200||no||
3262480296||3262480296||1109653200||no||
3264151552||3264184319||1109653200||no||
3264410624||3264411647||1109653200||no||
3264664576||3264665087||1109653200||no||
3264825344||3264825599||1109653200||no||
3264846464||3264846591||1109653200||no||
3264847200||3264847231||1109653200||no||
3267035136||3267100671||1109653200||no||
3267552000||3267552255||1109653200||no||
3267556096||3267556351||1109653200||no||
3267556608||3267556863||1109653200||no||
3267557376||3267557631||1109653200||no||
3267633152||3267633855||1109653200||no||
3267633920||3267634175||1109653200||no||
3267642624||3267642879||1109653200||no||
3267671808||3267672063||1109653200||no||
3267760640||3267761151||1109653200||no||
3267761920||3267762175||1109653200||no||
3267763712||3267763967||1109653200||no||
3267764224||3267764479||1109653200||no||
3267765776||3267765791||1109653200||no||
3267765824||3267765855||1109653200||no||
3267766032||3267766047||1109653200||no||
3267766304||3267766319||1109653200||no||
3267766352||3267766367||1109653200||no||
3267766384||3267766415||1109653200||no||
3267785728||3267785983||1109653200||no||
3267787008||3267787263||1109653200||no||
3267787520||3267787775||1109653200||no||
3267788032||3267788287||1109653200||no||
3268771840||3268772735||1109653200||no||
3268772752||3268788223||1109653200||no||
3270131968||3270132223||1109653200||no||
3270132992||3270133023||1109653200||no||
3270136928||3270136959||1109653200||no||
3270136992||3270137055||1109653200||no||
3270137344||3270138111||1109653200||no||
3270140928||3270141439||1109653200||no||
3270142208||3270142463||1109653200||no||
3270144000||3270144767||1109653200||no||
3270146816||3270147327||1109653200||no||
3270147584||3270148095||1109653200||no||
3270164992||3270165247||1109653200||no||
3270166528||3270167807||1109653200||no||
3270169088||3270169343||1109653200||no||
3270170112||3270170623||1109653200||no||
3270173184||3270173951||1109653200||no||
3270174720||3270174975||1109653200||no||
3270175744||3270175999||1109653200||no||
3270176768||3270177023||1109653200||no||
3270247952||3270247955||1109653200||no||
3271032832||3271098367||1109653200||no||
3271381248||3271381503||1109653200||no||
3271391744||3271391999||1109653200||no||
3271589888||3271688191||1109653200||no||
3272654592||3272654719||1109653200||no||
3272769536||3272802303||1109653200||no||
3273261056||3273261567||1109653200||no||
3273436160||3273436671||1109653200||no||
3274390528||3274391551||1109653200||no||
3276079104||3276095487||1109653200||no||
3276185600||3276193791||1109653200||no||
3276491360||3276491391||1109653200||no||
3276523776||3276523935||1109653200||no||
3276523968||3276524031||1109653200||no||
3276753056||3276753071||1109653200||no||
3276755776||3276755791||1109653200||no||
3276757120||3276757135||1109653200||no||
3276762976||3276763007||1109653200||no||
3276784896||3276785151||1109653200||no||
3276786176||3276786431||1109653200||no||
3276788992||3276789247||1109653200||no||
3278119968||3278119975||1109653200||no||
3278938528||3278938531||1109653200||no||
3278938680||3278938683||1109653200||no||
3278942768||3278942768||1109653200||no||
3278942856||3278942856||1109653200||no||
3278942967||3278942967||1109653200||no||
3278943376||3278943376||1109653200||no||
3278944202||3278944202||1109653200||no||
3278945868||3278945868||1109653200||no||
3279356040||3279356047||1109653200||no||
3279356064||3279356127||1109653200||no||
3279356160||3279356415||1109653200||no||
3279356928||3279357439||1109653200||no||
3280016576||3280016607||1109653200||no||
3280347136||3280355327||1109653200||no||
3280666624||3280732159||1109653200||no||
3281976192||3281976319||1109653200||no||
3281977344||3282042879||1109653200||no||
3282242224||3282242227||1109653200||no||
3282429312||3282429343||1109653200||no||
3283181568||3283182591||1109653200||no||
3283208704||3283209215||1109653200||no||
3283560192||3283560447||1109653200||no||
3283566848||3283567103||1109653200||no||
3283607360||3283607423||1109653200||no||
3283652608||3283652863||1109653200||no||
3283653248||3283653311||1109653200||no||
3284926464||3284991999||1109653200||no||
3285459712||3285459967||1109653200||no||
3285516544||3285516671||1109653200||no||
3285529600||3285529631||1109653200||no||
3285535232||3285535743||1109653200||no||
3285535908||3285535911||1109653200||no||
3285538240||3285538271||1109653200||no||
3285557792||3285557823||1109653200||no||
3285559936||3285560063||1109653200||no||
3285561216||3285561343||1109653200||no||
3285561600||3285561619||1109653200||no||
3285561648||3285561663||1109653200||no||
3285561728||3285561791||1109653200||no||
3285561952||3285561967||1109653200||no||
3285562112||3285562367||1109653200||no||
3285564512||3285564543||1109653200||no||
3285633024||3285635071||1109653200||no||
3286302720||3286310911||1109653200||no||
3287665152||3287665407||1109653200||no||
3288252416||3288260607||1109653200||no||
3427770112||3427770367||1109653200||no||
3427778560||3427779071||1109653200||no||
3427785472||3427785727||1109653200||no||
3427788800||3427789567||1109653200||no||
3557040128||3557048319||1109653200||no||
3557916672||3557924863||1109653200||no||
3557982208||3557990399||1109653200||no||
3558129664||3558137855||1109653200||no||
3558851472||3558851479||1109653200||no||
3558965248||3558973439||1109653200||no||
3559251968||3559260159||1109653200||no||
3559759872||3559768063||1109653200||no||
3560890368||3560898559||1109653200||no||
3560940692||3560940695||1109653200||no||
3560941520||3560941523||1109653200||no||
3560941648||3560941651||1109653200||no||
3560941740||3560941743||1109653200||no||
3560941812||3560941815||1109653200||no||
3560942424||3560942427||1109653200||no||
3560943040||3560943043||1109653200||no||
3560943160||3560943160||1109653200||no||
3560943428||3560943428||1109653200||no||
3560943439||3560943439||1109653200||no||
3560943466||3560943466||1109653200||no||
3560943574||3560943574||1109653200||no||
3560943733||3560943733||1109653200||no||
3560943760||3560943760||1109653200||no||
3560943839||3560943839||1109653200||no||
3561439232||3561447423||1109653200||no||
3562610688||3562618879||1109653200||no||
3565002752||3565007247||1109653200||no||
3565007252||3565027327||1109653200||no||
3565093392||3565093399||1109653200||no||
3567861760||3567878143||1109653200||no||
3568988160||3568990177||1109653200||no||
3569018880||3569025023||1109653200||no||
3574154176||3574154239||1109653200||no||
3574154496||3574154623||1109653200||no||
3575632640||3575632655||1109653200||no||
3575634368||3575634399||1109653200||no||
3575635200||3575635455||1109653200||no||
3575638304||3575638335||1109653200||no||
3576606976||3576607231||1109653200||no||
3576623872||3576624127||1109653200||no||
3577612416||3577612543||1109653200||no||
3577646208||3577646335||1109653200||no||
3577652736||3577652743||1109653200||no||
3577652752||3577652767||1109653200||no||
3577652864||3577652943||1109653200||no||
3577652992||3577653119||1109653200||no||
3579361536||3579361791||1109653200||no||
3579362048||3579362063||1109653200||no||
3579362304||3579362559||1109653200||no||
3579362816||3579363327||1109653200||no||
3580233728||3580235263||1109653200||no||
3582869504||3582877695||1109653200||no||
3583090688||3583098879||1109653200||no||
3583361024||3583369215||1109653200||no||
3583475712||3583483903||1109653200||no||
3583959040||3583967231||1109653200||no||
3584090112||3584090623||1109653200||no||
3584090880||3584090943||1109653200||no||
3584090960||3584094571||1109653200||no||
3584094576||3584094893||1109653200||no||
3584094896||3584095143||1109653200||no||
3584095152||3584095551||1109653200||no||
3584095560||3584095695||1109653200||no||
3584095704||3584095935||1109653200||no||
3584096000||3584096183||1109653200||no||
3584096192||3584096223||1109653200||no||
3584139264||3584147455||1109653200||no||
3584155648||3584163839||1109653200||no||
3584221184||3584229375||1109653200||no||
3584516096||3584524287||1109653200||no||
3584868352||3584876543||1109653200||no||
3585286144||3585292543||1109653200||no||
3585292800||3585294335||1109653200||no||
3585654784||3585662975||1109653200||no||
3585843200||3585851391||1109653200||no||
3585867776||3585875967||1109653200||no||
3585900544||3585908735||1109653200||no||
3586850816||3586867199||1109653200||no||
3588308992||3588321023||1109653200||no||
3588321088||3588325375||1109653200||no||
3588661248||3588669439||1109653200||no||
3588898816||3588915199||1109653200||no||
3589046272||3589079039||1109653200||no||
3589226496||3589230415||1109653200||no||
3589230432||3589230759||1109653200||no||
3589230776||3589242879||1109653200||no||
3589444632||3589444639||1109653200||no||
3641212928||3641221119||1109653200||no||
3641507840||3641516031||1109653200||no||
3641573376||3641577471||1109653200||no||
3641769984||3641774079||1109653200||no||
3641823232||3641827327||1109653200||no||
3641884672||3641888767||1109653200||no||
3642101760||3642105855||1109653200||no||
3642190592||3642190623||1109653200||no||
3642384384||3642388479||1109653200||no||
3642712064||3642716159||1109653200||no||
3644973056||3644977151||1109653200||no||
3645136896||3645145087||1109653200||no||
3645300736||3645301247||1109653200||no||
3645303040||3645304831||1109653200||no||
3645710336||3645714431||1109653200||no||
3645763683||3645763683||1109653200||no||
3645764125||3645764125||1109653200||no||
3645764208||3645764208||1109653200||no||
3645765172||3645765175||1109653200||no||
3645792256||3645796351||1109653200||no||
3648278528||3648282623||1109653200||no||
3648397312||3648405503||1109653200||no||
3650125824||3650129919||1109653200||no||
3650150400||3650158591||1109653200||no||
3650392064||3650396159||1109653200||no||
3650449408||3650453503||1109653200||no||
3651686400||3651690495||1109653200||no||
3651829760||3651833855||1109653200||no||
3652055040||3652059135||1109653200||no||
3653513216||3653517311||1109653200||no||
3653570560||3653574655||1109653200||no||
3653705736||3653705863||1109653200||no||
3653705872||3653705895||1109653200||no||
3653705904||3653706175||1109653200||no||
3653706192||3653706271||1109653200||no||
3653706304||3653706495||1109653200||no||
3653706752||3653709311||1109653200||no||
3653709824||3653710847||1109653200||no||
3653710912||3653712895||1109653200||no||
3653713408||3653713919||1109653200||no||
3654613248||3654614015||1109653200||no||
