--||--||--||pk||Pakistan
977371136||977387519||1148350218||pk||
977387520||977395711||1125880895||pk||
1023770624||1023778815||1109653200||pk||
1049711616||1049712127||1109653200||pk||
1053345280||1053345375||1109653200||pk||
1053345408||1053345471||1109653200||pk||
1064171576||1064171583||1109653200||pk||
1064171608||1064171615||1109653200||pk||
1064171920||1064171927||1109653200||pk||
1072923392||1072923647||1109653200||pk||
1072927744||1072927999||1109653200||pk||
1072928512||1072928767||1109653200||pk||
1072930304||1072930815||1109653200||pk||
1072931328||1072931583||1109653200||pk||
1072938752||1072939007||1109653200||pk||
1079382016||1079383039||1109653200||pk||
1079383296||1079383551||1109653200||pk||
1079385344||1079385599||1109653200||pk||
1079386112||1079386623||1109653200||pk||
1079387136||1079387647||1109653200||pk||
1079396352||1079397375||1109653200||pk||
1079397888||1079398399||1109653200||pk||
1114533120||1114533375||1109653200||pk||
1120279040||1120280575||1109653200||pk||
1120291584||1120292863||1109653200||pk||
1120294912||1120296959||1109653200||pk||
1120299008||1120301055||1109653200||pk||
1357350912||1357351935||1109653200||pk||
1357352960||1357355007||1109653200||pk||
1357359872||1357359999||1109653200||pk||
1357360128||1357360255||1109653200||pk||
1357371392||1357372927||1109653200||pk||
1358398464||1358399487||1109653200||pk||
1358400000||1358400007||1109653200||pk||
1358403584||1358403591||1109653200||pk||
1358403632||1358403679||1109653200||pk||
1358403688||1358403711||1109653200||pk||
1358404096||1358404607||1109653200||pk||
2082324480||2082340863||1153624448||pk||
2110865408||2110881791||1152846351||pk||
3248235008||3248235263||1109653200||pk||
3259636736||3259636991||1109653200||pk||
3276527616||3276527743||1109653200||pk||
3276527872||3276527999||1109653200||pk||
3276535552||3276535807||1109653200||pk||
3276790784||3276790943||1109653200||pk||
3278942544||3278942547||1109653200||pk||
3285928960||3285929215||1109653200||pk||
3285945600||3285945695||1109653200||pk||
3285946624||3285947135||1109653200||pk||
3285948672||3285948927||1109653200||pk||
3285951568||3285951583||1109653200||pk||
3285951600||3285951631||1109653200||pk||
3285952000||3285952127||1109653200||pk||
3285952256||3285952767||1109653200||pk||
3285953024||3285953279||1109653200||pk||
3285954048||3285954559||1109653200||pk||
3285954816||3285955071||1109653200||pk||
3285956096||3285956607||1109653200||pk||
3285956864||3285957119||1109653200||pk||
3288549376||3288549631||1109653200||pk||
3389227520||3389228031||1109653200||pk||
3389358080||3389366271||1109653200||pk||
3389933056||3389933567||1109653200||pk||
3391500288||3391504383||1109653200||pk||
3391901696||3391905791||1109653200||pk||
3391983616||3391987711||1109653200||pk||
3392866304||3392868351||1109653200||pk||
3392880640||3392888831||1109653200||pk||
3393003520||3393011711||1109653200||pk||
3393146880||3393150975||1109653200||pk||
3393175552||3393183743||1109653200||pk||
3393521664||3393523711||1109653200||pk||
3393527808||3393535999||1109653200||pk||
3394478080||3394482175||1109653200||pk||
3394565632||3394565887||1109653200||pk||
3394719744||3394732031||1109653200||pk||
3394772992||3394777087||1109653200||pk||
3394985984||3394990079||1109653200||pk||
3395031040||3395035135||1109653200||pk||
3397120000||3397124095||1109653200||pk||
3397173248||3397177343||1109653200||pk||
3397218304||3397230591||1109653200||pk||
3397722112||3397726207||1109653200||pk||
3397730304||3397734399||1109653200||pk||
3397812224||3397816319||1109653200||pk||
3398295552||3398303743||1109653200||pk||
3398344704||3398352895||1109653200||pk||
3398672384||3398680575||1109653200||pk||
3399147520||3399155711||1109653200||pk||
3399547904||3399548159||1109653200||pk||
3399696384||3399712767||1109653200||pk||
3399868416||3399876607||1109653200||pk||
3399917568||3399921663||1109653200||pk||
3400437248||3400437375||1109653200||pk||
3400438816||3400438831||1109653200||pk||
3400439296||3400439551||1109653200||pk||
3400441056||3400441063||1109653200||pk||
3400441088||3400441151||1109653200||pk||
3400761344||3400769535||1109653200||pk||
3411132416||3411144703||1109653200||pk||
3411161088||3411165183||1109653200||pk||
3411640320||3411648511||1109653200||pk||
3412275200||3412279295||1109653200||pk||
3412434944||3412443135||1109653200||pk||
3414163456||3414171647||1109653200||pk||
3414227968||3414230015||1109653200||pk||
3414294528||3414302719||1109653200||pk||
3414555648||3414556671||1109653200||pk||
3414621184||3414638591||1109653200||pk||
3416932352||3416936447||1109653200||pk||
3417260032||3417264127||1109653200||pk||
3417268224||3417272319||1109653200||pk||
3419906048||3419914239||1109653200||pk||
3526885376||3526893567||1109653200||pk||
3561977856||3561978367||1109653200||pk||
3567620624||3567620631||1109653200||pk||
3567620640||3567620679||1109653200||pk||
3567620696||3567620719||1109653200||pk||
3567623728||3567623759||1109653200||pk||
3567623768||3567623775||1109653200||pk||
3567623792||3567623839||1109653200||pk||
3567623936||3567624191||1109653200||pk||
3567625728||3567625983||1109653200||pk||
3639396416||3639396431||1109653200||pk||
3639401472||3639401495||1109653200||pk||
3639401648||3639401655||1109653200||pk||
3639401688||3639401727||1109653200||pk||
3639402016||3639402039||1109653200||pk||
3639402056||3639402071||1109653200||pk||
3639402080||3639402095||1109653200||pk||
3639402176||3639402191||1109653200||pk||
3639402200||3639402207||1109653200||pk||
3645562880||3645563135||1109653200||pk||
3652006144||3652006335||1109653200||pk||
