--||--||--||ps||Palestine
1382465536||1382481919||1109653200||ps||
1389166592||1389199359||1109653200||ps||
1389690880||1389707263||1109653200||ps||
1408499712||1408532479||1109653200||ps||
1433493504||1433501695||1109653200||ps||
1433559040||1433567231||1109653200||ps||
3228830208||3228831743||1109653200||ps||
3255230720||3255230975||1109653200||ps||
3276066816||3276067327||1109653200||ps||
3557744640||3557752831||1109653200||ps||
3558957056||3558965247||1109653200||ps||
3563732992||3563741183||1109653200||ps||
3565093056||3565093087||1109653200||ps||
3583534080||3583534801||1109653200||ps||
3583537664||3583537919||1109653200||ps||
3583538688||3583539519||1109653200||ps||
3583539968||3583540096||1109653200||ps||
3583540224||3583541247||1109653200||ps||
3589554176||3589570559||1109653200||ps||
3642032128||3642036223||1109653200||ps||
3645038592||3645046783||1109653200||ps||
3645779968||3645784063||1109653200||ps||
