--||--||--||py||Paraguay
1114529792||1114530815||1109653200||py||
1114531840||1114533119||1109653200||py||
1118966848||1118966911||1109653200||py||
1120736208||1120736223||1109653200||py||
3191111680||3191115775||1147147495||py||
3355559936||3355561983||1137898181||py||
3355703296||3355705343||1145418856||py||
3356034048||3356035071||1109653200||py||
3356156928||3356157951||1109653200||py||
3358264064||3358264319||1109653200||py||
3358558208||3358558975||1109653200||py||
3359472640||3359473663||1109653200||py||
3359498240||3359502335||1109653200||py||
3361021952||3361026047||1109653200||py||
3361026048||3361030143||1130209955||py||
3362553856||3362557951||1109653200||py||
3363112064||3363112079||1109653200||py||
3363112128||3363112143||1109653200||py||
3386441728||3386449919||1122091496||py||
3388800256||3388800511||1109653200||py||
3493081600||3493082623||1109653200||py||
