--||--||--||pe||Peru
1066584064||1066586111||1109653200||pe||
1078739968||1078740991||1109653200||pe||
1078746112||1078747135||1109653200||pe||
1078749184||1078750231||1109653200||pe||
1078750240||1078751231||1109653200||pe||
1078755328||1078757375||1109653200||pe||
1078773760||1078775807||1109653200||pe||
2709782528||2709848063||1109653200||pe||
2756556544||2756557311||1109653200||pe||
3190292736||3190292991||1149336011||pe||
3190294272||3190294527||1160453484||pe||
3190295040||3190295295||1157248929||pe||
3190295296||3190295551||1158892576||pe||
3190296064||3190296319||1157687383||pe||
3190296320||3190296575||1156644395||pe||
3190298368||3190298623||1154741094||pe||
3190298624||3190298879||1154657277||pe||
3190298880||3190299135||1156994937||pe||
3190299904||3190300159||1151208991||pe||
3190300416||3190300671||1153457281||pe||
3190300928||3190301183||1152325941||pe||
3190301184||3190301439||1156226432||pe||
3190301952||3190302207||1149991151||pe||
3190302208||3190302463||1161837621||pe||
3190302976||3190303231||1154657297||pe||
3190304000||3190304255||1149654092||pe||
3190304256||3190304511||1152846451||pe||
3190304512||3190304767||1153258807||pe||
3190305536||3190305791||1149336035||pe||
3190305792||3190306047||1152065749||pe||
3190306304||3190306559||1155176242||pe||
3190306560||3190306815||1154576431||pe||
3190307584||3190307839||1151294938||pe||
3190307840||3190308095||1152678462||pe||
3190309120||3190309375||1157952954||pe||
3190309888||3190310143||1151817118||pe||
3190310656||3190310911||1158892596||pe||
3190311680||3190311935||1153107900||pe||
3190311936||3190312191||1155958430||pe||
3190312192||3190312447||1156821761||pe||
3190312448||3190312703||1149991194||pe||
3190313216||3190313471||1161150924||pe||
3190314240||3190314495||1152602968||pe||
3190317056||3190317311||1152933417||pe||
3190317312||3190317567||1152933507||pe||
3190317568||3190317823||1152933527||pe||
3190317824||3190318079||1152933541||pe||
3190318080||3190318335||1152933560||pe||
3190318336||3190318591||1152933577||pe||
3190318592||3190318847||1152933590||pe||
3190318848||3190319103||1152933607||pe||
3190319104||3190319359||1152933622||pe||
3190319360||3190319615||1152933636||pe||
3190319616||3190319871||1152933648||pe||
3190319872||3190320127||1152933663||pe||
3190320128||3190320383||1152933678||pe||
3190320384||3190320639||1152933693||pe||
3190320640||3190320895||1152933708||pe||
3190320896||3190321151||1152933728||pe||
3190321152||3190323199||1155348053||pe||
3190323200||3190324223||1159669138||pe||
3190324224||3190324735||1151295009||pe||
3190324992||3190325247||1152602991||pe||
3190325248||3190358015||1153533374||pe||
3190358016||3190390783||1157249034||pe||
3227931648||3227931903||1109653200||pe||
3257401344||3257401599||1149047121||pe||
3257401600||3257401855||1149047121||pe||
3257401856||3257402111||1149047121||pe||
3257402112||3257402367||1149047121||pe||
3257402368||3257402623||1149047121||pe||
3257402624||3257402879||1149047121||pe||
3257402880||3257403135||1149047121||pe||
3257403136||3257403391||1149047121||pe||
3257403392||3257403647||1149047121||pe||
3257403648||3257403903||1149047121||pe||
3257403904||3257404159||1149047121||pe||
3257404160||3257404415||1149047121||pe||
3257404416||3257404671||1149047121||pe||
3257404672||3257404927||1149047121||pe||
3257404928||3257405183||1149047121||pe||
3257405184||3257405439||1149047121||pe||
3257405440||3257405695||1149047121||pe||
3257405696||3257405951||1149047121||pe||
3257405952||3257406207||1149047121||pe||
3257406208||3257406463||1149047121||pe||
3257406464||3257406719||1149047121||pe||
3257406720||3257406975||1149047121||pe||
3257406976||3257407231||1149047121||pe||
3257407232||3257407487||1149047121||pe||
3257407488||3257407743||1149047121||pe||
3257407744||3257407999||1149047121||pe||
3257408000||3257408255||1149047121||pe||
3257408256||3257408511||1149047121||pe||
3257408512||3257408767||1149047121||pe||
3257408768||3257409023||1149047121||pe||
3257409024||3257409279||1149047121||pe||
3257409280||3257409535||1149047121||pe||
3257409536||3257409791||1149047121||pe||
3257409792||3257410047||1149047121||pe||
3257410048||3257410303||1149047121||pe||
3257410304||3257410559||1149047121||pe||
3257410560||3257410815||1149047121||pe||
3257410816||3257411071||1149047121||pe||
3257411072||3257411327||1149047121||pe||
3257411328||3257411583||1149047121||pe||
3257411584||3257411839||1149047121||pe||
3257411840||3257412095||1149047121||pe||
3257412096||3257412351||1149047121||pe||
3257412352||3257412607||1149047121||pe||
3257412608||3257412863||1149047121||pe||
3257412864||3257413119||1149047121||pe||
3257413120||3257413375||1149047121||pe||
3257413376||3257413631||1149047121||pe||
3257413632||3257413887||1149047121||pe||
3257413888||3257414143||1149047121||pe||
3257414144||3257414399||1149047121||pe||
3257414400||3257414655||1149047121||pe||
3257414656||3257414911||1149047121||pe||
3257414912||3257415167||1149047121||pe||
3257415168||3257415423||1149047121||pe||
3257415424||3257415679||1149047121||pe||
3257415680||3257415935||1149047121||pe||
3257415936||3257416191||1149047121||pe||
3257416192||3257416447||1149047121||pe||
3257416448||3257416703||1149047121||pe||
3257416704||3257416959||1149047121||pe||
3257416960||3257417215||1149047121||pe||
3257417216||3257417471||1149047121||pe||
3257417472||3257417727||1149047121||pe||
3257417728||3257417983||1149047121||pe||
3257417984||3257418239||1149047121||pe||
3257418240||3257418495||1149047121||pe||
3257418496||3257418751||1149047121||pe||
3257418752||3257419007||1149047121||pe||
3257419008||3257419263||1149047121||pe||
3257419264||3257419519||1149047121||pe||
3257419520||3257419775||1149047121||pe||
3257419776||3257420031||1149047121||pe||
3257420032||3257420287||1149047121||pe||
3257420288||3257420543||1149047121||pe||
3257420544||3257420799||1149047121||pe||
3257420800||3257421055||1149047121||pe||
3257421056||3257421311||1149047121||pe||
3257421312||3257421567||1149047121||pe||
3257421568||3257421823||1149047121||pe||
3257421824||3257422079||1149047121||pe||
3257422080||3257422335||1149047121||pe||
3257422336||3257422591||1149047121||pe||
3257422592||3257422847||1149047121||pe||
3257422848||3257423103||1149047121||pe||
3257423104||3257423359||1149047121||pe||
3257423360||3257423615||1149047121||pe||
3257423616||3257423871||1149047121||pe||
3257423872||3257424127||1149047121||pe||
3257424128||3257424383||1149047121||pe||
3257424384||3257424639||1149047121||pe||
3257424640||3257424895||1149047121||pe||
3257424896||3257425151||1149047121||pe||
3257425152||3257425407||1149047121||pe||
3257425408||3257425663||1149047121||pe||
3257425664||3257425919||1149047121||pe||
3257425920||3257426175||1149047121||pe||
3257426176||3257426431||1149047121||pe||
3257426432||3257426687||1149047121||pe||
3257426688||3257426943||1149047121||pe||
3257426944||3257427199||1149047121||pe||
3257427200||3257427455||1149047121||pe||
3257427456||3257427711||1149047121||pe||
3257427712||3257427967||1149047121||pe||
3257427968||3257428223||1149047121||pe||
3257428224||3257428479||1149047121||pe||
3257428480||3257428735||1149047121||pe||
3257428736||3257428991||1149047121||pe||
3257428992||3257429247||1149047121||pe||
3257429248||3257429503||1149047121||pe||
3257429504||3257429759||1149047121||pe||
3257429760||3257430015||1149047121||pe||
3257430016||3257430271||1149047121||pe||
3257430272||3257430527||1149047121||pe||
3257430528||3257430783||1149047121||pe||
3257430784||3257431039||1149047121||pe||
3257431040||3257431295||1149047121||pe||
3257431296||3257431551||1149047121||pe||
3257431552||3257431807||1149047121||pe||
3257431808||3257432063||1149047121||pe||
3257432064||3257432319||1149047121||pe||
3257432320||3257432575||1149047121||pe||
3257432576||3257432831||1149047121||pe||
3257432832||3257433087||1149047121||pe||
3257433088||3257433343||1149047121||pe||
3257433344||3257433599||1149047121||pe||
3257433600||3257433855||1149047121||pe||
3257433856||3257434111||1149047121||pe||
3262476056||3262476059||1109653200||pe||
3262478012||3262478015||1109653200||pe||
3278941428||3278941431||1109653200||pe||
3278941596||3278941599||1109653200||pe||
3278944673||3278944673||1109653200||pe||
3278944708||3278944708||1109653200||pe||
3278945012||3278945015||1109653200||pe||
3278945780||3278945783||1109653200||pe||
3355470592||3355470847||1109653200||pe||
3355471360||3355471615||1109653200||pe||
3355473408||3355473919||1109653200||pe||
3355478016||3355478271||1109653200||pe||
3355479552||3355479807||1109653200||pe||
3355485184||3355487743||1109653200||pe||
3355553792||3355555839||1109653200||pe||
3355668992||3355669247||1109653200||pe||
3355754496||3355770879||1109653200||pe||
3356114944||3356123135||1109653200||pe||
3356131840||3356132351||1109653200||pe||
3356146688||3356146943||1109653200||pe||
3356162560||3356162815||1109653200||pe||
3356172288||3356172543||1109653200||pe||
3356172800||3356174335||1109653200||pe||
3356176384||3356180479||1109653200||pe||
3356491776||3356493823||1109653200||pe||
3357057024||3357065215||1109653200||pe||
3357499392||3357507583||1109653200||pe||
3357868032||3357933567||1109653200||pe||
3358151680||3358152703||1109653200||pe||
3358154752||3358158847||1109653200||pe||
3358562304||3358563327||1109653200||pe||
3358570752||3358571263||1109653200||pe||
3358577152||3358577407||1109653200||pe||
3358580224||3358580735||1109653200||pe||
3358588928||3358654463||1109653200||pe||
3359375360||3359440895||1109653200||pe||
3359539200||3359559679||1109653200||pe||
3359561728||3359561983||1153019784||pe||
3361275904||3361284095||1109653200||pe||
3362390016||3362422783||1109653200||pe||
3362488320||3362504703||1109653200||pe||
3362545664||3362549759||1109653200||pe||
3362652160||3362664447||1109653200||pe||
3363373056||3363438591||1109653200||pe||
3363504128||3363512319||1109653200||pe||
3363553792||3363554047||1109653200||pe||
3387293696||3387326463||1120336932||pe||
3387326464||3387326591||1128112749||pe||
3387326592||3387326719||1130037117||pe||
3387326720||3387326975||1133489853||pe||
3387326976||3387327231||1156302588||pe||
3387327232||3387327487||1143262461||pe||
3387327488||3387327743||1148439662||pe||
3387328000||3387328255||1139120927||pe||
3387328256||3387328511||1138342345||pe||
3387328512||3387328767||1134806081||pe||
3387328768||3387329023||1138603097||pe||
3387329024||3387329151||1130734586||pe||
3387329152||3387329279||1130383028||pe||
3387329280||3387329535||1132464114||pe||
3387329536||3387329791||1137380264||pe||
3387329792||3387330047||1138856027||pe||
3387330304||3387330559||1139809313||pe||
3387330560||3387330687||1127877395||pe||
3387330688||3387330815||1127877423||pe||
3387330816||3387331071||1136870778||pe||
3387331072||3387331327||1135581004||pe||
3387331328||3387331583||1141706404||pe||
3387331584||3387331839||1135052471||pe||
3387331840||3387332095||1134806103||pe||
3387332096||3387332351||1133489828||pe||
3387332352||3387332607||1137998589||pe||
3387333120||3387333375||1139120948||pe||
3387333376||3387333631||1140412868||pe||
3387333632||3387333887||1148955519||pe||
3387333888||3387334143||1150864233||pe||
3387334656||3387334911||1138603122||pe||
3387334912||3387335167||1139204359||pe||
3387335168||3387335423||1131677720||pe||
3387335424||3387335679||1139462961||pe||
3387335936||3387336191||1150600863||pe||
3387336704||3387336959||1138941425||pe||
3387336960||3387337215||1144982385||pe||
3387337216||3387337471||1138941446||pe||
3387337472||3387337727||1131772916||pe||
3387337728||3387337983||1134806128||pe||
3387337984||3387338239||1131860251||pe||
3387338240||3387338495||1134806185||pe||
3387338496||3387338751||1154487314||pe||
3387338752||3387339007||1139319567||pe||
3387339008||3387339263||1132553304||pe||
3387339264||3387339519||1138856051||pe||
3387339776||3387340031||1138603146||pe||
3387340032||3387340287||1138603170||pe||
3387340288||3387340543||1138079690||pe||
3387340544||3387340799||1137071644||pe||
3387341056||3387341311||1138684601||pe||
3387341312||3387341567||1141276085||pe||
3387341568||3387341823||1134806210||pe||
3387341824||3387342079||1134806239||pe||
3387342080||3387342335||1141189086||pe||
3387342336||3387342591||1138079712||pe||
3387342592||3387342847||1139120972||pe||
3387342848||3387343103||1133842194||pe||
3387343104||3387343359||1133766105||pe||
3387343360||3387346943||1137732248||pe||
3387346944||3387348991||1135315921||pe||
3387348992||3387349247||1139023216||pe||
3387349248||3387349503||1139023234||pe||
3387349504||3387349759||1139023251||pe||
3387349760||3387350015||1139023272||pe||
3387350016||3387350527||1140673632||pe||
3387350528||3387350783||1144188490||pe||
3387351040||3387355135||1136264209||pe||
3387355136||3387357183||1135315945||pe||
3387357184||3387357439||1150176823||pe||
3387357440||3387357695||1150176838||pe||
3387357696||3387357951||1150176851||pe||
3387357952||3387358207||1150176865||pe||
3387358720||3387358975||1148008504||pe||
3387358976||3387359231||1143262495||pe||
3387949056||3388014591||1109653200||pe||
3459371008||3459373055||1109653200||pe||
3465177088||3465179135||1109653200||pe||
3470754304||3470754559||1109653200||pe||
3474053120||3474055167||1109653200||pe||
3478114304||3478118399||1109653200||pe||
3509387264||3509420031||1109653200||pe||
3560943936||3560943939||1109653200||pe||
3560944276||3560944279||1109653200||pe||
3560945676||3560945679||1109653200||pe||
3560946195||3560946195||1109653200||pe||
3560946205||3560946205||1109653200||pe||
3560946215||3560946215||1109653200||pe||
3560946346||3560946346||1109653200||pe||
3560946536||3560946539||1109653200||pe||
3560946552||3560946555||1109653200||pe||
3637067776||3637069823||1109653200||pe||
3639902208||3639903755||1109653200||pe||
3639903760||3639904031||1109653200||pe||
3639904036||3639912127||1109653200||pe||
3639912144||3639914767||1109653200||pe||
3639914776||3639918591||1109653200||pe||
