--||--||--||pl||Poland
1040424960||1040433151||1109653200||pl||
1041563648||1041596415||1109653200||pl||
1042120704||1042153471||1109653200||pl||
1042317312||1042350079||1109653200||pl||
1043907584||1043908607||1109653200||pl||
1044758528||1044774911||1109653200||pl||
1045921792||1045954559||1109653200||pl||
1046036480||1046052863||1109653200||pl||
1046290432||1046315007||1109653200||pl||
1047306240||1047314431||1109653200||pl||
1047494656||1047527423||1109653200||pl||
1048133632||1048158207||1109653200||pl||
1048690688||1048707071||1109653200||pl||
1049477120||1049493503||1109653200||pl||
1049903104||1049911295||1109653200||pl||
1050244936||1050244943||1109653200||pl||
1051578296||1051578303||1109653200||pl||
1051918336||1051918847||1109653200||pl||
1051919360||1051941119||1109653200||pl||
1051941632||1051941887||1109653200||pl||
1051942144||1051942911||1109653200||pl||
1052049408||1052057599||1109653200||pl||
1052090368||1052098559||1109653200||pl||
1052447744||1052447871||1109653200||pl||
1052448000||1052448127||1109653200||pl||
1055490048||1055522815||1109653200||pl||
1056210944||1056219135||1109653200||pl||
1345323008||1345847295||1109653200||pl||
1346691072||1346695167||1109653200||pl||
1346904064||1346908159||1109653200||pl||
1346945024||1346949119||1109653200||pl||
1347805184||1347809279||1109653200||pl||
1354683392||1354684159||1109653200||pl||
1357875264||1357875279||1109653200||pl||
1357875712||1357875967||1109653200||pl||
1357876224||1357876239||1109653200||pl||
1357876272||1357876303||1109653200||pl||
1357876320||1357876339||1109653200||pl||
1357876344||1357876351||1109653200||pl||
1357876384||1357876399||1109653200||pl||
1357876416||1357876479||1109653200||pl||
1357876992||1357877247||1109653200||pl||
1357889536||1357890815||1109653200||pl||
1357890824||1357890827||1109653200||pl||
1357890864||1357890943||1109653200||pl||
1357891328||1357891391||1109653200||pl||
1357891400||1357891423||1109653200||pl||
1357891680||1357891839||1109653200||pl||
1357892096||1357893375||1109653200||pl||
1357893392||1357893631||1109653200||pl||
1357946880||1357955071||1109653200||pl||
1358004224||1358008319||1109653200||pl||
1358200832||1358209023||1109653200||pl||
1358278656||1358278911||1133591158||pl||
1358279168||1358279679||1150768749||pl||
1358281216||1358281727||1158724324||pl||
1358495744||1358499839||1109653200||pl||
1358692352||1358696447||1109653200||pl||
1359380480||1359396863||1109653200||pl||
1359970304||1360003071||1109653200||pl||
1360183296||1360191487||1109653200||pl||
1360379904||1360383999||1109653200||pl||
1360658432||1360666623||1109653200||pl||
1361036048||1361036055||1109653200||pl||
1361037000||1361037007||1109653200||pl||
1361037696||1361037703||1109653200||pl||
1369563136||1369567231||1109653200||pl||
1369997312||1370030079||1109653200||pl||
1371201536||1371205631||1109653200||pl||
1371406336||1371471871||1109653200||pl||
1372717056||1372749823||1109653200||pl||
1373306880||1373372415||1109653200||pl||
1383284736||1383292927||1109653200||pl||
1384841216||1384857599||1109653200||pl||
1384873984||1384890367||1109653200||pl||
1385136128||1385152511||1109653200||pl||
1385250816||1385259007||1109653200||pl||
1385357312||1385365503||1109653200||pl||
1386217472||1386283007||1109653200||pl||
1387331584||1387397119||1109653200||pl||
1388650496||1388658687||1109653200||pl||
1389527040||1389543423||1109653200||pl||
1389789184||1389805567||1109653200||pl||
1392508928||1394606079||1109653200||pl||
1396981760||1396989951||1109653200||pl||
1398870016||1398872063||1109653200||pl||
1401479168||1401481215||1109653200||pl||
1401817088||1401819135||1109653200||pl||
1401829376||1401831423||1109653200||pl||
1401833472||1401835519||1109653200||pl||
1401841664||1401847807||1109653200||pl||
1401853952||1401855999||1109653200||pl||
1401858048||1401868287||1109653200||pl||
1401870336||1401872383||1109653200||pl||
1401876480||1401878527||1109653200||pl||
1401890816||1401892863||1120625000||pl||
1401905152||1401907199||1147659264||pl||
1401962496||1401978879||1109653200||pl||
1402044416||1402060799||1109653200||pl||
1402413056||1402417151||1109653200||pl||
1403535360||1403551743||1109653200||pl||
1404014592||1404026879||1109653200||pl||
1406951424||1406959615||1109653200||pl||
1407582208||1407614943||1109653200||pl||
1408106496||1408172031||1109653200||pl||
1408385024||1408393215||1109653200||pl||
1408442368||1408444415||1109653200||pl||
1408460800||1408462847||1109653200||pl||
1409941504||1410007039||1109653200||pl||
1410834432||1410842623||1109653200||pl||
1411780608||1411784703||1148270156||pl||
1411796992||1411801087||1157514001||pl||
1411801088||1411805183||1156045967||pl||
1411940352||1411973119||1109653200||pl||
1422512128||1422516223||1109653200||pl||
1422721024||1422729215||1109653200||pl||
1422761984||1422770175||1109653200||pl||
1422770176||1422778367||1129176917||pl||
1424621568||1424625663||1109653200||pl||
1424629760||1424637951||1109653200||pl||
1424650240||1424654335||1109653200||pl||
1426800640||1426817023||1109653200||pl||
1426997248||1427013631||1149653712||pl||
1427931136||1427932159||1146886991||pl||
1427932160||1427933183||1154740822||pl||
1427933184||1427933695||1130079396||pl||
1427934208||1427935231||1121575357||pl||
1427936256||1427936767||1160452276||pl||
1427937280||1427937791||1138602842||pl||
1427937792||1427938303||1133070464||pl||
1431937024||1431945215||1109653200||pl||
1433452544||1433460735||1109653200||pl||
1433731584||1433731839||1149335636||pl||
1434451968||1434517503||1109653200||pl||
1438760960||1438777343||1109653200||pl||
1439088640||1439105023||1109653200||pl||
1440448512||1440481279||1109653200||pl||
1440579584||1440645119||1109653200||pl||
1441325312||1441325567||1118510324||pl||
1441325824||1441326079||1152933027||pl||
1441636352||1441644543||1124944450||pl||
1442775040||1442779135||1109653200||pl||
1446985728||1446989823||1123133072||pl||
1446989824||1446993919||1160452391||pl||
1446993920||1447002111||1126744891||pl||
1447002112||1447010303||1139023123||pl||
1450139648||1450147839||1144616860||pl||
1465909248||1465925631||1142140414||pl||
1466114048||1466122239||1145418154||pl||
1466130432||1466138623||1155693487||pl||
1466241024||1466245119||1140753748||pl||
1466499072||1466564607||1140753769||pl||
1472987136||1473118207||1137297229||pl||
1473118208||1473249279||1127360379||pl||
1475287040||1475289087||1138602946||pl||
1475295232||1475297279||1149740724||pl||
1475303424||1475305471||1146712435||pl||
1475336192||1475338239||1146455985||pl||
1475789312||1475789823||1150428610||pl||
1475790848||1475791871||1129605717||pl||
1475887104||1475890431||1127020648||pl||
1475890432||1475895295||1143939054||pl||
1476042752||1476046847||1139462879||pl||
1486618624||1486635007||1144188244||pl||
1486635008||1486651391||1157514103||pl||
1489439232||1489439487||1159161558||pl||
1489459456||1489459711||1160452776||pl||
1489461504||1489461759||1160452798||pl||
1489462272||1489462527||1160890576||pl||
1503068160||1503076351||1149335932||pl||
1503723520||1503731711||1149654065||pl||
1503744000||1503746047||1154740982||pl||
1504378880||1504444415||1154372145||pl||
1506318336||1506320383||1155262669||pl||
1508122624||1508123647||1156644283||pl||
1508147200||1508155391||1160453239||pl||
1508163584||1508179967||1157514122||pl||
2448228352||2448293887||1109653200||pl||
2488336384||2488401919||1109653200||pl||
2510028800||2510094335||1109653200||pl||
2533228544||2533294079||1109653200||pl||
2568159232||2568224767||1109653200||pl||
2610823168||2610888703||1109653200||pl||
2618359808||2618425343||1109653200||pl||
2635661312||2635726847||1109653200||pl||
2644377600||2644443135||1109653200||pl||
2655125504||2655191039||1109653200||pl||
2655715328||2655780863||1109653200||pl||
3226865152||3226865407||1109653200||pl||
3227967744||3227967999||1109653200||pl||
3229381632||3229381887||1109653200||pl||
3230137856||3230138111||1109653200||pl||
3230870016||3230870271||1109653200||pl||
3230895360||3230895615||1109653200||pl||
3230991104||3230991359||1109653200||pl||
3231082496||3231082751||1109653200||pl||
3231284992||3231285247||1109653200||pl||
3231739392||3231739647||1109653200||pl||
3233605888||3233607167||1109653200||pl||
3234023424||3234023679||1109653200||pl||
3234032128||3234032383||1109653200||pl||
3237325056||3237325311||1109653200||pl||
3238019072||3238035455||1109653200||pl||
3238063104||3238063359||1109653200||pl||
3238064640||3238064895||1109653200||pl||
3238623488||3238623743||1109653200||pl||
3238624000||3238624255||1109653200||pl||
3239076608||3239076863||1109653200||pl||
3239078656||3239078911||1109653200||pl||
3239109888||3239110143||1109653200||pl||
3239110656||3239110911||1109653200||pl||
3239112448||3239112959||1109653200||pl||
3239116544||3239116799||1109653200||pl||
3239120384||3239120639||1109653200||pl||
3239127296||3239127551||1109653200||pl||
3239130624||3239131135||1109653200||pl||
3239134976||3239135231||1109653200||pl||
3239138304||3239138559||1109653200||pl||
3239160832||3239161087||1109653200||pl||
3239168768||3239169023||1109653200||pl||
3239171072||3239171327||1109653200||pl||
3239171584||3239171839||1109653200||pl||
3239173888||3239174143||1109653200||pl||
3239266304||3239266815||1109653200||pl||
3239274496||3239275007||1109653200||pl||
3239279104||3239280127||1109653200||pl||
3239283712||3239285759||1109653200||pl||
3239289856||3239290879||1109653200||pl||
3239302144||3239303167||1109653200||pl||
3239445760||3239446015||1109653200||pl||
3239465728||3239465983||1109653200||pl||
3239467776||3239468031||1109653200||pl||
3239487744||3239487999||1109653200||pl||
3239489280||3239489535||1109653200||pl||
3239522304||3239522559||1109653200||pl||
3239523072||3239523327||1109653200||pl||
3239523840||3239524095||1109653200||pl||
3239525632||3239525887||1109653200||pl||
3239526144||3239526399||1109653200||pl||
3239542016||3239542271||1109653200||pl||
3239554560||3239554815||1109653200||pl||
3239579136||3239579391||1109653200||pl||
3239581696||3239581951||1109653200||pl||
3239625728||3239628799||1109653200||pl||
3239631872||3239632895||1109653200||pl||
3239638016||3239639039||1109653200||pl||
3239641088||3239643135||1109653200||pl||
3239668736||3239669247||1109653200||pl||
3239682048||3239682559||1109653200||pl||
3239683584||3239684607||1109653200||pl||
3239688192||3239689215||1109653200||pl||
3239690496||3239690751||1109653200||pl||
3239697920||3239698431||1109653200||pl||
3239712000||3239712255||1109653200||pl||
3239713024||3239713279||1109653200||pl||
3239740160||3239740415||1109653200||pl||
3239760384||3239760895||1109653200||pl||
3239761664||3239761919||1109653200||pl||
3239762944||3239763199||1109653200||pl||
3239773440||3239773951||1109653200||pl||
3239774208||3239774463||1109653200||pl||
3239793152||3239793663||1109653200||pl||
3239795200||3239795711||1109653200||pl||
3239821312||3239821823||1109653200||pl||
3239822848||3239823359||1109653200||pl||
3239824384||3239824895||1109653200||pl||
3239825920||3239826431||1109653200||pl||
3239837696||3239837951||1109653200||pl||
3239859200||3239859455||1109653200||pl||
3239861504||3239861759||1109653200||pl||
3239875584||3239875839||1109653200||pl||
3239878144||3239878399||1109653200||pl||
3239885568||3239885823||1109653200||pl||
3239889664||3239889919||1109653200||pl||
3239895552||3239895807||1109653200||pl||
3239896576||3239896831||1109653200||pl||
3239898880||3239899135||1109653200||pl||
3239902208||3239902463||1109653200||pl||
3239915520||3239915775||1109653200||pl||
3239916288||3239916543||1109653200||pl||
3239955712||3239955967||1109653200||pl||
3239956224||3239956479||1109653200||pl||
3239968512||3239968767||1109653200||pl||
3239996672||3239996927||1109653200||pl||
3240009728||3240009983||1109653200||pl||
3240718336||3240718847||1109653200||pl||
3240720384||3240721407||1109653200||pl||
3240748544||3240749055||1109653200||pl||
3240809216||3240809471||1109653200||pl||
3240811008||3240811263||1109653200||pl||
3240813568||3240814591||1109653200||pl||
3240840448||3240840703||1109653200||pl||
3240867072||3240867327||1109653200||pl||
3240882176||3240883199||1109653200||pl||
3240988160||3240988167||1109653200||pl||
3241867520||3241867775||1120624830||pl||
3241869312||3241934847||1109653200||pl||
3243251968||3243252223||1109653200||pl||
3243966464||3243974655||1109653200||pl||
3245089280||3245089791||1109653200||pl||
3245125888||3245126143||1109653200||pl||
3245130240||3245130495||1109653200||pl||
3245132288||3245132543||1109653200||pl||
3245133312||3245133567||1109653200||pl||
3245136896||3245137151||1109653200||pl||
3245138944||3245139455||1109653200||pl||
3245169408||3245169919||1109653200||pl||
3245175552||3245175807||1109653200||pl||
3245177600||3245177855||1109653200||pl||
3245178624||3245178879||1109653200||pl||
3245200384||3245200639||1109653200||pl||
3245203200||3245203455||1109653200||pl||
3245203712||3245204223||1109653200||pl||
3245208576||3245209087||1109653200||pl||
3245236736||3245237247||1109653200||pl||
3245242368||3245243391||1109653200||pl||
3245246720||3245246975||1109653200||pl||
3245248000||3245248255||1109653200||pl||
3245270016||3245271039||1109653200||pl||
3245282816||3245283327||1109653200||pl||
3245283840||3245284351||1109653200||pl||
3245284864||3245285375||1109653200||pl||
3245286400||3245287423||1109653200||pl||
3245287680||3245287935||1109653200||pl||
3245314048||3245315071||1109653200||pl||
3245319680||3245319935||1109653200||pl||
3245321728||3245321983||1109653200||pl||
3245337600||3245337855||1109653200||pl||
3247074816||3247075071||1109653200||pl||
3247076864||3247077119||1109653200||pl||
3247081472||3247083519||1109653200||pl||
3247099904||3247100927||1109653200||pl||
3247108096||3247109119||1109653200||pl||
3247876096||3247876351||1109653200||pl||
3247900672||3247901695||1109653200||pl||
3247904768||3247905791||1109653200||pl||
3247907840||3247908863||1109653200||pl||
3247910912||3247912959||1109653200||pl||
3247915008||3247917055||1109653200||pl||
3247918080||3247919103||1109653200||pl||
3247923200||3247925247||1109653200||pl||
3247927296||3247928319||1131860182||pl||
3248371744||3248371751||1109653200||pl||
3248750848||3248752383||1109653200||pl||
3248754688||3248758783||1109653200||pl||
3249704704||3249704959||1109653200||pl||
3249709312||3249709567||1109653200||pl||
3249710080||3249710335||1109653200||pl||
3249710848||3249711103||1109653200||pl||
3249722624||3249723135||1109653200||pl||
3249729536||3249730559||1109653200||pl||
3250418688||3250419199||1140753819||pl||
3250626560||3250634751||1109653200||pl||
3250667520||3250675711||1109653200||pl||
3250697472||3250697727||1109653200||pl||
3251180032||3251180543||1109653200||pl||
3251184128||3251184383||1109653200||pl||
3251187712||3251188735||1109653200||pl||
3251202304||3251202559||1109653200||pl||
3251210240||3251211263||1109653200||pl||
3251217408||3251217663||1109653200||pl||
3251218176||3251218431||1109653200||pl||
3252318976||3252319231||1109653200||pl||
3252362240||3252362495||1109653200||pl||
3252934656||3252936703||1109653200||pl||
3253603328||3253605375||1109653200||pl||
3253610496||3253611519||1109653200||pl||
3253616640||3253617663||1109653200||pl||
3253618688||3253619711||1109653200||pl||
3253646336||3253647359||1150686242||pl||
3253651456||3253652479||1151817150||pl||
3253681152||3253682175||1138855979||pl||
3253686272||3253687295||1125208853||pl||
3253697536||3253698559||1135919451||pl||
3253718016||3253718527||1141358996||pl||
3253888000||3253888255||1109653200||pl||
3253889024||3253889279||1109653200||pl||
3253964288||3253964799||1109653200||pl||
3253965312||3253966335||1109653200||pl||
3255234816||3255235071||1109653200||pl||
3255235840||3255236351||1109653200||pl||
3255238400||3255238655||1109653200||pl||
3255315712||3255316223||1109653200||pl||
3255386624||3255387135||1109653200||pl||
3255389696||3255390207||1109653200||pl||
3255393280||3255393791||1109653200||pl||
3255412304||3255412339||1109653200||pl||
3255426816||3255427071||1109653200||pl||
3255484416||3255484671||1109653200||pl||
3256413696||3256414207||1109653200||pl||
3256415232||3256415743||1109653200||pl||
3256713216||3256727551||1109653200||pl||
3256792576||3256792831||1120624937||pl||
3257542656||3257542911||1109653200||pl||
3257543424||3257544447||1109653200||pl||
3257562112||3257563647||1109653200||pl||
3258366976||3258367999||1109653200||pl||
3258941440||3258943487||1109653200||pl||
3259354880||3259355135||1109653200||pl||
3260547840||3260548095||1109653200||pl||
3260550144||3260550399||1109653200||pl||
3260809216||3260874751||1109653200||pl||
3261775872||3261776383||1109653200||pl||
3261777920||3261778431||1109653200||pl||
3261780480||3261780991||1109653200||pl||
3261781504||3261782015||1109653200||pl||
3262287872||3262289919||1109653200||pl||
3262415360||3262416895||1109653200||pl||
3262417408||3262417919||1109653200||pl||
3262428672||3262429183||1109653200||pl||
3262431232||3262431743||1109653200||pl||
3262445568||3262446079||1116362030||pl||
3262475880||3262475883||1109653200||pl||
3262476068||3262476071||1109653200||pl||
3262477196||3262477199||1109653200||pl||
3262477356||3262477359||1109653200||pl||
3262478096||3262478096||1109653200||pl||
3262478105||3262478105||1109653200||pl||
3262478152||3262478152||1109653200||pl||
3262478169||3262478169||1109653200||pl||
3262478183||3262478183||1109653200||pl||
3262478185||3262478185||1109653200||pl||
3262478338||3262478338||1109653200||pl||
3262478414||3262478414||1109653200||pl||
3262478551||3262478551||1109653200||pl||
3262478553||3262478553||1109653200||pl||
3262478631||3262478631||1109653200||pl||
3262478656||3262478656||1109653200||pl||
3262478675||3262478675||1109653200||pl||
3262478692||3262478692||1109653200||pl||
3262478732||3262478732||1109653200||pl||
3262478768||3262478768||1109653200||pl||
3262478781||3262478781||1109653200||pl||
3262478795||3262478795||1109653200||pl||
3262478800||3262478800||1109653200||pl||
3262478812||3262478812||1109653200||pl||
3262480237||3262480237||1109653200||pl||
3262509056||3262509567||1154657361||pl||
3263090432||3263090687||1109653200||pl||
3263091200||3263091455||1109653200||pl||
3263092736||3263092991||1109653200||pl||
3263094016||3263094527||1109653200||pl||
3263096064||3263096319||1109653200||pl||
3263098368||3263098623||1109653200||pl||
3264307200||3264311295||1109653200||pl||
3264312320||3264312575||1109653200||pl||
3264322560||3264322815||1109653200||pl||
3264329728||3264330751||1109653200||pl||
3264340224||3264340479||1109653200||pl||
3264340992||3264341503||1109653200||pl||
3264378880||3264379135||1109653200||pl||
3264380928||3264381951||1109653200||pl||
3264399360||3264400383||1109653200||pl||
3264403456||3264404479||1109653200||pl||
3264411648||3264413695||1109653200||pl||
3264567296||3264567551||1109653200||pl||
3264603136||3264604159||1109653200||pl||
3264606208||3264606463||1109653200||pl||
3264634880||3264636927||1109653200||pl||
3264652800||3264653311||1109653200||pl||
3264657408||3264657919||1109653200||pl||
3264660480||3264660991||1109653200||pl||
3264663040||3264663551||1109653200||pl||
3264669184||3264669695||1109653200||pl||
3264671232||3264671743||1109653200||pl||
3264673280||3264673791||1109653200||pl||
3264674304||3264674815||1109653200||pl||
3264840960||3264841471||1109653200||pl||
3264847616||3264847679||1109653200||pl||
3264850432||3264850687||1109653200||pl||
3264862208||3264862463||1109653200||pl||
3266641920||3266707455||1109653200||pl||
3266781184||3266789375||1109653200||pl||
3267683328||3267683359||1109653200||pl||
3267683368||3267683487||1109653200||pl||
3267683520||3267683527||1109653200||pl||
3267683536||3267683575||1109653200||pl||
3268182016||3268198399||1109653200||pl||
3270649600||3270649855||1109653200||pl||
3270652928||3270653183||1109653200||pl||
3270655488||3270655743||1109653200||pl||
3270666240||3270667263||1109653200||pl||
3270911936||3270911967||1109653200||pl||
3270926848||3270927103||1109653200||pl||
3270928896||3270929919||1109653200||pl||
3270933504||3270934015||1109653200||pl||
3272106240||3272106495||1109653200||pl||
3272106752||3272107007||1109653200||pl||
3272107264||3272107519||1109653200||pl||
3272108544||3272109055||1109653200||pl||
3272113408||3272113663||1109653200||pl||
3272114176||3272122367||1109653200||pl||
3272418688||3272419327||1109653200||pl||
3272420864||3272420991||1109653200||pl||
3272628224||3272629247||1127452752||pl||
3272896000||3272896511||1109653200||pl||
3273266688||3273267711||1109653200||pl||
3273435648||3273436159||1109653200||pl||
3273437696||3273438207||1109653200||pl||
3273438720||3273439231||1109653200||pl||
3273871360||3273871615||1109653200||pl||
3274050560||3274051583||1109653200||pl||
3274055424||3274055679||1109653200||pl||
3274168320||3274168831||1109653200||pl||
3274373376||3274373631||1109653200||pl||
3274582016||3274583039||1109653200||pl||
3274688768||3274689023||1109653200||pl||
3274689280||3274689535||1109653200||pl||
3274695424||3274695679||1109653200||pl||
3274698496||3274698751||1109653200||pl||
3274700288||3274700543||1109653200||pl||
3275623424||3275623935||1109653200||pl||
3275628032||3275628543||1109653200||pl||
3276062720||3276063231||1109653200||pl||
3276071424||3276071935||1109653200||pl||
3276072960||3276073471||1109653200||pl||
3276099584||3276100607||1109653200||pl||
3276110848||3276111871||1109653200||pl||
3276136448||3276137471||1162351491||pl||
3276137472||3276138495||1109653200||pl||
3276525528||3276525535||1109653200||pl||
3276681216||3276681727||1109653200||pl||
3276785608||3276785615||1109653200||pl||
3276793760||3276793791||1109653200||pl||
3276799456||3276799471||1109653200||pl||
3276858624||3276858879||1122337223||pl||
3276972032||3276980223||1109653200||pl||
3277177600||3277178111||1109653200||pl||
3277178624||3277178879||1109653200||pl||
3277181184||3277181439||1109653200||pl||
3277185792||3277186047||1109653200||pl||
3277186304||3277186559||1109653200||pl||
3277189376||3277189631||1109653200||pl||
3277189888||3277190143||1109653200||pl||
3277191424||3277191679||1109653200||pl||
3277766656||3277774847||1109653200||pl||
3277842944||3277843455||1109653200||pl||
3278938264||3278938267||1109653200||pl||
3278939448||3278939451||1109653200||pl||
3278939472||3278939475||1109653200||pl||
3278939888||3278939891||1109653200||pl||
3278942096||3278942099||1109653200||pl||
3278942766||3278942766||1109653200||pl||
3278942876||3278942876||1109653200||pl||
3278943070||3278943070||1109653200||pl||
3278943331||3278943331||1109653200||pl||
3278943383||3278943383||1109653200||pl||
3278943392||3278943392||1109653200||pl||
3278943593||3278943593||1109653200||pl||
3278943602||3278943602||1109653200||pl||
3278943624||3278943624||1109653200||pl||
3278943693||3278943693||1109653200||pl||
3278943703||3278943703||1109653200||pl||
3278943727||3278943727||1109653200||pl||
3278943822||3278943822||1109653200||pl||
3278943857||3278943857||1109653200||pl||
3278943882||3278943882||1109653200||pl||
3278943896||3278943896||1109653200||pl||
3278943915||3278943915||1109653200||pl||
3278943969||3278943969||1109653200||pl||
3278944016||3278944016||1109653200||pl||
3278944069||3278944069||1109653200||pl||
3278944209||3278944209||1109653200||pl||
3279069184||3279077375||1109653200||pl||
3279159296||3279169279||1109653200||pl||
3279169536||3279290367||1109653200||pl||
3279952896||3279953919||1109653200||pl||
3279974400||3279976447||1109653200||pl||
3279989760||3279990271||1109653200||pl||
3279991808||3279992319||1109653200||pl||
3280004096||3280004607||1109653200||pl||
3280007680||3280008191||1109653200||pl||
3280464896||3280465919||1109653200||pl||
3280470016||3280535551||1109653200||pl||
3280588800||3280589311||1109653200||pl||
3280598528||3280599039||1109653200||pl||
3280771072||3280772095||1109653200||pl||
3280788480||3280789503||1109653200||pl||
3280792576||3280793599||1109653200||pl||
3281338368||3281338623||1109653200||pl||
3281339392||3281339647||1109653200||pl||
3281341696||3281341951||1109653200||pl||
3281344000||3281344255||1109653200||pl||
3281346304||3281346559||1109653200||pl||
3281347072||3281347327||1109653200||pl||
3281347584||3281347839||1109653200||pl||
3281352192||3281352447||1109653200||pl||
3281353728||3281353983||1109653200||pl||
3281379328||3281383423||1109653200||pl||
3281387520||3281453055||1109653200||pl||
3282089984||3282090495||1155613291||pl||
3282305024||3282370559||1109653200||pl||
3283173376||3283174399||1109653200||pl||
3283178496||3283179519||1109653200||pl||
3283182592||3283183615||1109653200||pl||
3283207168||3283207679||1109653200||pl||
3283210752||3283211263||1109653200||pl||
3283566592||3283566719||1109653200||pl||
3283812352||3283877887||1109653200||pl||
3284992000||3285057535||1109653200||pl||
3285086208||3285088255||1109653200||pl||
3285516928||3285516991||1109653200||pl||
3285527812||3285527815||1109653200||pl||
3285553248||3285553263||1109653200||pl||
3285561408||3285561471||1109653200||pl||
3285563520||3285563647||1109653200||pl||
3285570208||3285570223||1109653200||pl||
3285580832||3285580847||1109653200||pl||
3285637120||3285639167||1109653200||pl||
3285737472||3285745663||1109653200||pl||
3285951680||3285951743||1109653200||pl||
3286311936||3286312447||1149654133||pl||
3286320128||3286321151||1109653200||pl||
3286322176||3286323199||1109653200||pl||
3286326272||3286327295||1109653200||pl||
3286333440||3286334463||1109653200||pl||
3286348800||3286349823||1109653200||pl||
3286356992||3286358015||1109653200||pl||
3286366208||3286367231||1109653200||pl||
3286902784||3286903039||1152556566||pl||
3286928640||3286928895||1109653200||pl||
3286934528||3286934783||1109653200||pl||
3286940928||3286941183||1109653200||pl||
3287217920||3287218175||1143779785||pl||
3287434240||3287434751||1109653200||pl||
3287439872||3287440895||1109653200||pl||
3287442432||3287442943||1109653200||pl||
3287444480||3287444991||1109653200||pl||
3287446528||3287447039||1109653200||pl||
3287448576||3287449087||1109653200||pl||
3287476224||3287477247||1109653200||pl||
3287481344||3287482367||1128829204||pl||
3287630848||3287631359||1109653200||pl||
3287634944||3287635455||1109653200||pl||
3287637504||3287638015||1109653200||pl||
3287664128||3287664383||1109653200||pl||
3287665408||3287665919||1109653200||pl||
3287667968||3287668223||1109653200||pl||
3287668992||3287669247||1109653200||pl||
3287670272||3287670527||1109653200||pl||
3287670784||3287671039||1109653200||pl||
3287671296||3287671551||1109653200||pl||
3287730176||3287730431||1109653200||pl||
3344552704||3344552959||1109653200||pl||
3409418496||3409418751||1109653200||pl||
3556925440||3556933631||1109653200||pl||
3557687296||3557703679||1109653200||pl||
3558948864||3558957055||1109653200||pl||
3559309312||3559317503||1109653200||pl||
3559776256||3559784447||1109653200||pl||
3560161280||3560169471||1109653200||pl||
3560939676||3560939679||1109653200||pl||
3560940628||3560940631||1109653200||pl||
3560940720||3560940723||1109653200||pl||
3560941004||3560941007||1109653200||pl||
3560942272||3560942275||1109653200||pl||
3560942876||3560942879||1109653200||pl||
3560943000||3560943003||1109653200||pl||
3560943036||3560943039||1109653200||pl||
3560943096||3560943099||1109653200||pl||
3560943164||3560943164||1109653200||pl||
3560943179||3560943179||1109653200||pl||
3560943195||3560943195||1109653200||pl||
3560943214||3560943214||1109653200||pl||
3560943233||3560943233||1109653200||pl||
3560943244||3560943244||1109653200||pl||
3560943312||3560943312||1109653200||pl||
3560943451||3560943451||1109653200||pl||
3560943593||3560943593||1109653200||pl||
3560943637||3560943637||1109653200||pl||
3560943667||3560943667||1109653200||pl||
3560943684||3560943684||1109653200||pl||
3560943713||3560943713||1109653200||pl||
3560943743||3560943743||1109653200||pl||
3560943745||3560943745||1109653200||pl||
3560943764||3560943764||1109653200||pl||
3561070592||3561078783||1109653200||pl||
3561308160||3561316351||1109653200||pl||
3561709568||3561717759||1109653200||pl||
3561758720||3561766911||1109653200||pl||
3561840640||3561848831||1109653200||pl||
3561938944||3561947135||1109653200||pl||
3562364928||3562373119||1109653200||pl||
3562471424||3562479615||1109653200||pl||
3562528768||3562536959||1109653200||pl||
3563716608||3563724799||1109653200||pl||
3563749376||3563765759||1109653200||pl||
3563945984||3563954175||1109653200||pl||
3564814336||3564822527||1109653200||pl||
3564970288||3564970295||1109653200||pl||
3565027328||3565035519||1109653200||pl||
3565109248||3565117439||1109653200||pl||
3567255552||3567321087||1109653200||pl||
3568599040||3568631807||1109653200||pl||
3568697344||3568730111||1109653200||pl||
3568848792||3568848799||1109653200||pl||
3568992256||3569000447||1109653200||pl||
3569287168||3569352703||1109653200||pl||
3570106368||3570139135||1109653200||pl||
3572760576||3572826111||1109653200||pl||
3574693888||3574726655||1109653200||pl||
3575185408||3575250943||1109653200||pl||
3575626520||3575626527||1109653200||pl||
3575635120||3575635135||1109653200||pl||
3575638624||3575638639||1109653200||pl||
3575639024||3575639039||1109653200||pl||
3576607232||3576607487||1109653200||pl||
3577667584||3577667743||1109653200||pl||
3578331136||3578339327||1109653200||pl||
3578527744||3578658815||1109653200||pl||
3578740736||3578757119||1109653200||pl||
3580266496||3580272639||1109653200||pl||
3582361600||3582377983||1109653200||pl||
3582402560||3582410751||1109653200||pl||
3582517248||3582525439||1109653200||pl||
3583123456||3583131647||1109653200||pl||
3583311872||3583320063||1109653200||pl||
3583746048||3583754239||1109653200||pl||
3583795200||3583803391||1109653200||pl||
3583950848||3583959039||1109653200||pl||
3584122880||3584131071||1109653200||pl||
3584860160||3584868351||1109653200||pl||
3584933888||3584942079||1109653200||pl||
3585376256||3585384447||1109653200||pl||
3585458176||3585466367||1109653200||pl||
3585605632||3585613823||1109653200||pl||
3585753088||3585761279||1109653200||pl||
3586146304||3586162687||1109653200||pl||
3586359296||3586375679||1109653200||pl||
3586637824||3586654207||1109653200||pl||
3587287340||3587287343||1109653200||pl||
3587287404||3587287411||1109653200||pl||
3587287476||3587287479||1109653200||pl||
3587287544||3587287551||1109653200||pl||
3587287564||3587287571||1109653200||pl||
3587719168||3587735551||1109653200||pl||
3587854336||3587866623||1109653200||pl||
3588145152||3588161535||1109653200||pl||
3588440064||3588456447||1109653200||pl||
3588685824||3588702207||1109653200||pl||
3588734976||3588751359||1109653200||pl||
3589160960||3589177343||1109653200||pl||
3589341184||3589373951||1109653200||pl||
3589827696||3589827711||1109653200||pl||
3641056368||3641056375||1109653200||pl||
3641221120||3641229311||1109653200||pl||
3641286656||3641294847||1109653200||pl||
3641409536||3641417727||1109653200||pl||
3641778176||3641782271||1109653200||pl||
3641925632||3641929727||1109653200||pl||
3642051328||3642052863||1109653200||pl||
3642527744||3642531839||1109653200||pl||
3642654720||3642662911||1109653200||pl||
3645095936||3645104127||1109653200||pl||
3645255680||3645259775||1109653200||pl||
3645521920||3645526015||1109653200||pl||
3645583360||3645587455||1109653200||pl||
3645665280||3645669375||1109653200||pl||
3645763610||3645763610||1109653200||pl||
3645763876||3645763876||1109653200||pl||
3645763924||3645763924||1109653200||pl||
3645763987||3645763987||1109653200||pl||
3645764008||3645764008||1109653200||pl||
3645764102||3645764102||1109653200||pl||
3645764108||3645764108||1109653200||pl||
3645764123||3645764123||1109653200||pl||
3645764139||3645764139||1109653200||pl||
3645764175||3645764175||1109653200||pl||
3645764229||3645764229||1109653200||pl||
3645764300||3645764300||1109653200||pl||
3645765220||3645765223||1109653200||pl||
3645765260||3645765263||1109653200||pl||
3645765268||3645765271||1109653200||pl||
3645765344||3645765347||1109653200||pl||
3645870080||3645874175||1109653200||pl||
3646947328||3647209471||1109653200||pl||
3648098304||3648102399||1109653200||pl||
3648118784||3648122879||1109653200||pl||
3648282624||3648286719||1109653200||pl||
3648356352||3648360447||1109653200||pl||
3648471040||3648475135||1109653200||pl||
3650142208||3650150399||1109653200||pl||
3650265088||3650269183||1109653200||pl||
3650482176||3650486271||1109653200||pl||
3650682880||3650748415||1109653200||pl||
3651698688||3651702783||1109653200||pl||
3651715072||3651719167||1109653200||pl||
3651985408||3651993599||1109653200||pl||
3652034560||3652046847||1109653200||pl||
3653582848||3653586943||1109653200||pl||
3653607424||3653611519||1109653200||pl||
