--||--||--||ro||Romania
1046880560||1046880567||1109653200||ro||
1052396864||1052396927||1109653200||ro||
1052403424||1052403455||1109653200||ro||
1052498432||1052498495||1109653200||ro||
1054457856||1054474239||1109653200||ro||
1055342592||1055358975||1109653200||ro||
1123815680||1123815935||1109653200||ro||
1347039232||1347043327||1109653200||ro||
1347837952||1347846143||1109653200||ro||
1348468736||1348548607||1109653200||ro||
1348549632||1348599807||1109653200||ro||
1359773696||1359806463||1109653200||ro||
1360150528||1360158719||1109653200||ro||
1360433152||1360434175||1141706462||ro||
1360531968||1360532479||1162264844||ro||
1360533504||1360533759||1150864014||ro||
1360534528||1360534783||1151383641||ro||
1360535040||1360535295||1152325272||ro||
1361036112||1361036119||1109653200||ro||
1364787200||1364791295||1109653200||ro||
1370750976||1370767359||1109653200||ro||
1370771456||1370772479||1109653200||ro||
1370772992||1370882047||1109653200||ro||
1371799552||1371834367||1109653200||ro||
1371836416||1371865087||1109653200||ro||
1380712448||1380802559||1109653200||ro||
1380804608||1380933631||1109653200||ro||
1380937728||1380974591||1109653200||ro||
1384710144||1384726527||1109653200||ro||
1389395968||1389412351||1109653200||ro||
1398884352||1398886399||1109653200||ro||
1399291904||1399324671||1109653200||ro||
1401888768||1401890815||1151894902||ro||
1403437056||1403445247||1109653200||ro||
1404010496||1404014591||1109653200||ro||
1408464896||1408466943||1109653200||ro||
1424523264||1424556031||1109653200||ro||
1424646144||1424650239||1109653200||ro||
1425227776||1425244159||1109653200||ro||
1425473536||1425506303||1109653200||ro||
1426653184||1426669567||1109653200||ro||
1433927680||1434189823||1109653200||ro||
1436473344||1436475391||1109653200||ro||
1438253056||1438318591||1109653200||ro||
1439432704||1439498239||1109653200||ro||
1445068800||1445199871||1122613730||ro||
1446445056||1446453247||1120887300||ro||
1446453248||1446457343||1126590876||ro||
1446457344||1446459391||1146369314||ro||
1446467840||1446468095||1156226207||ro||
1446468352||1446468607||1140579392||ro||
1446468608||1446469119||1139983516||ro||
1446471680||1446471935||1147751082||ro||
1446472448||1446472703||1146280053||ro||
1446477824||1446478079||1143180810||ro||
1446479616||1446479871||1134804022||ro||
1446480128||1446480383||1120887321||ro||
1446480640||1446480895||1137645330||ro||
1446481664||1446481919||1147580819||ro||
1446482688||1446482943||1142492808||ro||
1446483456||1446483711||1151208752||ro||
1446483712||1446483967||1152556282||ro||
1446484736||1446484991||1138342242||ro||
1446487296||1446487551||1148878252||ro||
1446487552||1446487807||1138684388||ro||
1446491136||1446491647||1145417813||ro||
1446491648||1446491903||1159668980||ro||
1446491904||1446492159||1136871024||ro||
1446492928||1446493183||1143692266||ro||
1446497792||1446498303||1153799365||ro||
1446500608||1446500863||1150511917||ro||
1446504448||1446504703||1142836181||ro||
1446504960||1446505215||1155526557||ro||
1446505472||1446505727||1131509184||ro||
1446505728||1446505983||1139771138||ro||
1446507264||1446507519||1131860207||ro||
1446507776||1446508031||1144369313||ro||
1446509376||1446509439||1126239152||ro||
1449656320||1449657087||1127021000||ro||
1449657088||1449657343||1127021035||ro||
1449657344||1449657599||1127021063||ro||
1449657600||1449657855||1127021082||ro||
1449657856||1449658367||1127021103||ro||
1449658368||1449658623||1127021126||ro||
1449658624||1449658879||1127021177||ro||
1449658880||1449659135||1127021195||ro||
1449659136||1449659391||1127021236||ro||
1449659392||1449659647||1127021255||ro||
1449659648||1449659903||1127021281||ro||
1449659904||1449660159||1127021301||ro||
1449660160||1449660415||1127021320||ro||
1449660416||1449662463||1125717067||ro||
1449662464||1449663487||1127022138||ro||
1449663488||1449663999||1127022168||ro||
1449664000||1449664511||1127022188||ro||
1449664512||1449668607||1127022216||ro||
1449668608||1449672703||1127022237||ro||
1449672704||1449676799||1127022276||ro||
1449676800||1449678847||1126325727||ro||
1449678848||1449679103||1127022296||ro||
1449679104||1449679359||1127022317||ro||
1449679360||1449679615||1127022413||ro||
1449679616||1449680895||1127022705||ro||
1449680896||1449682943||1123301684||ro||
1449682944||1449684991||1124588311||ro||
1449684992||1449685759||1123133103||ro||
1449685760||1449686015||1127022835||ro||
1449686016||1449686271||1127022863||ro||
1449686272||1449686527||1127022884||ro||
1449686528||1449687039||1127022904||ro||
1449687040||1449687295||1127022923||ro||
1449687296||1449687551||1127022942||ro||
1449687552||1449688063||1127022963||ro||
1449688064||1449688319||1127022988||ro||
1449688320||1449688575||1127023013||ro||
1449688576||1449689087||1122263278||ro||
1449689088||1449690111||1127061732||ro||
1449690112||1449690623||1127061753||ro||
1449690624||1449690879||1127061774||ro||
1449690880||1449691135||1127061801||ro||
1449691136||1449693183||1127061821||ro||
1449693184||1449695231||1127061847||ro||
1449695232||1449697279||1127061872||ro||
1449697280||1449698303||1127061892||ro||
1449698304||1449699327||1127061915||ro||
1449699328||1449701375||1127061940||ro||
1449701376||1449702399||1127061967||ro||
1449702400||1449703167||1127061986||ro||
1449703168||1449703423||1127062009||ro||
1449703424||1449705471||1127062029||ro||
1449705472||1449705727||1127062059||ro||
1449705728||1449705983||1127062082||ro||
1449705984||1449706239||1122263350||ro||
1449706240||1449706495||1127021156||ro||
1449706496||1449707519||1121180979||ro||
1449707520||1449709567||1127020200||ro||
1449709568||1449709823||1127020940||ro||
1449709824||1449710079||1127020962||ro||
1449710080||1449710591||1119043794||ro||
1449711616||1449712639||1137071709||ro||
1449712640||1449713663||1133591230||ro||
1449713920||1449714175||1150080992||ro||
1449714176||1449714431||1142058000||ro||
1449714688||1449715199||1134804000||ro||
1449715712||1449717759||1124416384||ro||
1449717760||1449718783||1127062105||ro||
1449718784||1449719807||1118900031||ro||
1449719808||1449720319||1127062127||ro||
1449720320||1449720831||1127062154||ro||
1449720832||1449721343||1127062177||ro||
1449721344||1449721855||1127062202||ro||
1449721856||1449722111||1127100708||ro||
1449722112||1449722367||1127100708||ro||
1449722368||1449722623||1127100708||ro||
1449722624||1449722879||1127100708||ro||
1449722880||1449723135||1127100708||ro||
1449723136||1449723391||1127100708||ro||
1449723392||1449723647||1127100708||ro||
1449723648||1449723903||1127100708||ro||
1449723904||1449724159||1127100708||ro||
1449724160||1449724415||1127100708||ro||
1449724416||1449724671||1127100708||ro||
1449724672||1449724927||1127100708||ro||
1449724928||1449725183||1127100708||ro||
1449725184||1449725439||1127100708||ro||
1449725440||1449725695||1127100708||ro||
1449725696||1449725951||1127100708||ro||
1449725952||1449726207||1127100708||ro||
1449726208||1449726463||1127100708||ro||
1449726464||1449726719||1127100708||ro||
1449726720||1449726975||1127100708||ro||
1449726976||1449727231||1127100708||ro||
1449727232||1449727487||1127100708||ro||
1449727488||1449727743||1127100708||ro||
1449727744||1449727999||1127100708||ro||
1449728000||1449728255||1127100708||ro||
1449728256||1449728511||1127100708||ro||
1449728512||1449728767||1127100708||ro||
1449728768||1449729023||1127100708||ro||
1449729024||1449729279||1127100708||ro||
1449729280||1449729535||1127100708||ro||
1449729536||1449729791||1127100708||ro||
1449729792||1449730047||1127100708||ro||
1449730048||1449730303||1127100708||ro||
1449730304||1449730559||1127100708||ro||
1449730560||1449730815||1127100708||ro||
1449730816||1449731071||1127100708||ro||
1449731072||1449731327||1127100708||ro||
1449731328||1449731583||1127100708||ro||
1449731584||1449731839||1127100708||ro||
1449731840||1449732095||1127100708||ro||
1449732096||1449732351||1127100708||ro||
1449732352||1449732607||1127100708||ro||
1449732608||1449732863||1127100708||ro||
1449732864||1449733119||1127100708||ro||
1449733120||1449733375||1127100708||ro||
1449733376||1449733631||1127100708||ro||
1449733632||1449733887||1127100708||ro||
1449733888||1449734143||1127100708||ro||
1449734144||1449734399||1127100708||ro||
1449734400||1449734655||1127100708||ro||
1449734656||1449734911||1127100708||ro||
1449734912||1449735167||1127100708||ro||
1449735168||1449735423||1127100708||ro||
1449735424||1449735679||1127100708||ro||
1449735680||1449735935||1127100708||ro||
1449735936||1449736191||1127100708||ro||
1449736192||1449736447||1127100708||ro||
1449736448||1449736703||1127100708||ro||
1449736704||1449736959||1127100708||ro||
1449736960||1449737215||1127100708||ro||
1449737216||1449737471||1127100708||ro||
1449737472||1449737727||1127100708||ro||
1449737728||1449737983||1127100708||ro||
1449737984||1449738239||1127100708||ro||
1449738240||1449738495||1127100708||ro||
1449738496||1449738751||1127100708||ro||
1449738752||1449739007||1127100708||ro||
1449739008||1449739263||1127100708||ro||
1449739264||1449739519||1127100708||ro||
1449739520||1449739775||1127100708||ro||
1449739776||1449740031||1127100708||ro||
1449740032||1449740287||1127100708||ro||
1449740288||1449740543||1127100708||ro||
1449740544||1449740799||1127100708||ro||
1449740800||1449741055||1127100708||ro||
1449741056||1449741311||1127100708||ro||
1449741312||1449741567||1127100708||ro||
1449741568||1449741823||1127100708||ro||
1449741824||1449742079||1127100708||ro||
1449742080||1449742335||1127100708||ro||
1449742336||1449742591||1127100708||ro||
1449742592||1449742847||1127100708||ro||
1449742848||1449743103||1127100708||ro||
1449743104||1449743359||1127100708||ro||
1449743360||1449743615||1127100708||ro||
1449743616||1449743871||1127100708||ro||
1449743872||1449744127||1127100708||ro||
1449744128||1449744383||1127100708||ro||
1449744384||1449744639||1127100708||ro||
1449744640||1449744895||1127100708||ro||
1449744896||1449745151||1127100708||ro||
1449745152||1449745407||1127100708||ro||
1449745408||1449745663||1127100708||ro||
1449745664||1449745919||1127100708||ro||
1449745920||1449746175||1127100708||ro||
1449746176||1449746431||1127100708||ro||
1449746432||1449746687||1127100708||ro||
1449746688||1449746943||1127100708||ro||
1449746944||1449747199||1127100708||ro||
1449747200||1449747455||1127100708||ro||
1449747456||1449747711||1127100708||ro||
1449747712||1449747967||1127100708||ro||
1449747968||1449748223||1127100708||ro||
1449748224||1449748479||1127100708||ro||
1449748480||1449748735||1127100708||ro||
1449748736||1449748991||1127100708||ro||
1449748992||1449749247||1127100708||ro||
1449749248||1449749503||1127100708||ro||
1449749504||1449749759||1127100708||ro||
1449749760||1449750015||1127100708||ro||
1449750016||1449750271||1127100708||ro||
1449750272||1449750527||1127100708||ro||
1449750528||1449750783||1127100708||ro||
1449750784||1449751039||1127100708||ro||
1449751040||1449751295||1127100708||ro||
1449751296||1449751551||1127100708||ro||
1449751552||1449751807||1127100708||ro||
1449751808||1449752063||1127100708||ro||
1449752064||1449752319||1127100708||ro||
1449752320||1449752575||1127100708||ro||
1449752576||1449752831||1127100708||ro||
1449752832||1449753087||1127100708||ro||
1449753088||1449753343||1127100708||ro||
1449753344||1449753599||1127100708||ro||
1449753600||1449753855||1127100708||ro||
1449753856||1449754111||1127100708||ro||
1449754112||1449754367||1127100708||ro||
1449754368||1449754623||1127100708||ro||
1449754624||1449754879||1127100708||ro||
1449754880||1449755135||1127100708||ro||
1449755136||1449755391||1127100708||ro||
1449755392||1449755647||1127100708||ro||
1449755648||1449755903||1127100708||ro||
1449755904||1449756159||1127100708||ro||
1449756160||1449756415||1127100708||ro||
1449756416||1449756671||1127100708||ro||
1449756672||1449756927||1127100708||ro||
1449756928||1449757183||1127100708||ro||
1449757184||1449757439||1127100708||ro||
1449757440||1449757695||1127100708||ro||
1449757696||1449757951||1127100708||ro||
1449757952||1449758207||1127100708||ro||
1449758208||1449758463||1127100708||ro||
1449758464||1449758719||1127100708||ro||
1449758720||1449758975||1127100708||ro||
1449758976||1449759231||1127100708||ro||
1449759232||1449759487||1127100708||ro||
1449759488||1449759743||1127100708||ro||
1449759744||1449759999||1127100708||ro||
1449760000||1449760255||1127100708||ro||
1449760256||1449760511||1127100708||ro||
1449760512||1449760767||1127100708||ro||
1449760768||1449761023||1127100708||ro||
1449761024||1449761279||1127100708||ro||
1449761280||1449761535||1127100708||ro||
1449761536||1449761791||1127100708||ro||
1449761792||1449762047||1127100708||ro||
1449762048||1449762303||1127100708||ro||
1449762304||1449762559||1127100708||ro||
1449762560||1449762815||1127100708||ro||
1449762816||1449763071||1127100708||ro||
1449763072||1449763327||1127100708||ro||
1449763328||1449763583||1127100708||ro||
1449763584||1449763839||1127100708||ro||
1449763840||1449764095||1127100708||ro||
1449764096||1449764351||1127100708||ro||
1449764352||1449764607||1127100708||ro||
1449764608||1449764863||1127100708||ro||
1449764864||1449765119||1127100708||ro||
1449765120||1449765375||1127100708||ro||
1449765376||1449765631||1127100708||ro||
1449765632||1449765887||1127100708||ro||
1449765888||1449766143||1127100708||ro||
1449766144||1449766399||1127100708||ro||
1449766400||1449766655||1127100708||ro||
1449766656||1449766911||1127100708||ro||
1449766912||1449767167||1127100708||ro||
1449767168||1449767423||1127100708||ro||
1449767424||1449767679||1127100708||ro||
1449767680||1449767935||1127100708||ro||
1449767936||1449768191||1127100708||ro||
1449768192||1449768447||1127100708||ro||
1449768448||1449768703||1127100708||ro||
1449768704||1449768959||1127100708||ro||
1449768960||1449769215||1127100708||ro||
1449769216||1449769471||1127100708||ro||
1449769472||1449769727||1127100708||ro||
1449769728||1449769983||1127100708||ro||
1449769984||1449770239||1127100708||ro||
1449770240||1449770495||1127100708||ro||
1449770496||1449770751||1127100708||ro||
1449770752||1449771007||1127100708||ro||
1449771008||1449771263||1127100708||ro||
1449771264||1449771519||1127100708||ro||
1449771520||1449771775||1127100708||ro||
1449771776||1449772031||1127100708||ro||
1449772032||1449772287||1127100708||ro||
1449772288||1449772543||1127100708||ro||
1449772544||1449772799||1127100708||ro||
1449772800||1449773055||1127100708||ro||
1449773056||1449773311||1127100708||ro||
1449773312||1449773567||1127100708||ro||
1449773568||1449773823||1127100708||ro||
1449773824||1449774079||1127100708||ro||
1449774080||1449774335||1127100708||ro||
1449774336||1449774591||1127100708||ro||
1449774592||1449774847||1127100708||ro||
1449774848||1449775103||1127100708||ro||
1449775104||1449775359||1127100708||ro||
1449775360||1449775615||1127100708||ro||
1449775616||1449775871||1127100708||ro||
1449775872||1449776127||1127100708||ro||
1449776128||1449776383||1127100708||ro||
1449776384||1449776639||1127100708||ro||
1449776640||1449776895||1127100708||ro||
1449776896||1449777151||1127100708||ro||
1449777152||1449777407||1127100708||ro||
1449777408||1449777663||1127100708||ro||
1449777664||1449777919||1127100708||ro||
1449777920||1449778175||1127100708||ro||
1449778176||1449778431||1127100708||ro||
1449778432||1449778687||1127100708||ro||
1449778688||1449778943||1127100708||ro||
1449778944||1449779199||1127100708||ro||
1449779200||1449779455||1127100708||ro||
1449779456||1449779711||1127100708||ro||
1449779712||1449779967||1127100708||ro||
1449779968||1449780223||1127100708||ro||
1449780224||1449780479||1127100708||ro||
1449780480||1449780735||1127100708||ro||
1449780736||1449780991||1127100708||ro||
1449780992||1449781247||1127100708||ro||
1449781248||1449781503||1127100708||ro||
1449781504||1449781759||1127100708||ro||
1449781760||1449782015||1127100708||ro||
1449782016||1449782271||1127100708||ro||
1449782272||1449782527||1127100708||ro||
1449782528||1449782783||1127100708||ro||
1449782784||1449783039||1127100708||ro||
1449783040||1449783295||1127100708||ro||
1449783296||1449783551||1127100708||ro||
1449783552||1449783807||1127100708||ro||
1449783808||1449784063||1127100708||ro||
1449784064||1449784319||1127100708||ro||
1449784320||1449784575||1127100708||ro||
1449784576||1449784831||1127100708||ro||
1449784832||1449785087||1127100708||ro||
1449785088||1449785343||1127100708||ro||
1449785344||1449785599||1127100708||ro||
1449785600||1449785855||1127100708||ro||
1449785856||1449786111||1127100708||ro||
1449786112||1449786367||1127100708||ro||
1449786368||1449786623||1127100708||ro||
1449786624||1449786879||1127100708||ro||
1449786880||1449787135||1127100708||ro||
1449787136||1449787391||1127100708||ro||
1449787392||1449787647||1127100708||ro||
1449787648||1449787903||1127100708||ro||
1449787904||1449788159||1127100708||ro||
1449788160||1449788415||1127100708||ro||
1449788416||1449788671||1127100708||ro||
1449788672||1449788927||1127100708||ro||
1449788928||1449789183||1127100708||ro||
1449789184||1449789439||1127100708||ro||
1449789440||1449789695||1127100708||ro||
1449789696||1449789951||1127100708||ro||
1449789952||1449790207||1127100708||ro||
1449790208||1449790463||1127100708||ro||
1449790464||1449790719||1127100708||ro||
1449790720||1449790975||1127100708||ro||
1449790976||1449791231||1127100708||ro||
1449791232||1449791487||1127100708||ro||
1449791488||1449791743||1127100708||ro||
1449791744||1449791999||1127100708||ro||
1449792000||1449792255||1127100708||ro||
1449792256||1449792511||1127100708||ro||
1449792512||1449792767||1127100708||ro||
1449792768||1449793023||1127100708||ro||
1449793024||1449793279||1127100708||ro||
1449793280||1449793535||1127100708||ro||
1449793536||1449793791||1127100708||ro||
1449793792||1449794047||1127100708||ro||
1449794048||1449794303||1127100708||ro||
1449794304||1449794559||1127100708||ro||
1449794560||1449794815||1127100708||ro||
1449794816||1449795071||1127100708||ro||
1449795072||1449795327||1127100708||ro||
1449795328||1449795583||1127100708||ro||
1449795584||1449795839||1127100708||ro||
1449795840||1449796095||1127100708||ro||
1449796096||1449796351||1127100708||ro||
1449796352||1449796607||1127100708||ro||
1449796608||1449796863||1127100708||ro||
1449796864||1449797119||1127100708||ro||
1449797120||1449797375||1127100708||ro||
1449797376||1449797631||1127100708||ro||
1449797632||1449797887||1127100708||ro||
1449797888||1449798143||1127100708||ro||
1449798144||1449798399||1127100708||ro||
1449798400||1449798655||1127100708||ro||
1449798656||1449798911||1127100708||ro||
1449798912||1449799167||1127100708||ro||
1449799168||1449799423||1127100708||ro||
1449799424||1449799679||1127100708||ro||
1449799680||1449799935||1127100708||ro||
1449799936||1449800191||1127100708||ro||
1449800192||1449800447||1127100708||ro||
1449800448||1449800703||1127100708||ro||
1449800704||1449800959||1127100708||ro||
1449800960||1449801215||1127100708||ro||
1449801216||1449801471||1127100708||ro||
1449801472||1449801727||1127100708||ro||
1449801728||1449801983||1127100708||ro||
1449801984||1449802239||1127100708||ro||
1449802240||1449802495||1127100708||ro||
1449802496||1449802751||1127100708||ro||
1449802752||1449803007||1127100708||ro||
1449803008||1449803263||1127100708||ro||
1449803264||1449803519||1127100708||ro||
1449803520||1449803775||1127100708||ro||
1449803776||1449804031||1127100708||ro||
1449804032||1449804287||1127100708||ro||
1449804288||1449804543||1127100708||ro||
1449804544||1449804799||1127100708||ro||
1449804800||1449805055||1127100708||ro||
1449805056||1449805311||1127100708||ro||
1449805312||1449805567||1127100708||ro||
1449805568||1449805823||1127100708||ro||
1449805824||1449806079||1127100708||ro||
1449806080||1449806335||1127100708||ro||
1449806336||1449806591||1127100708||ro||
1449806592||1449806847||1127100708||ro||
1449806848||1449807103||1127100708||ro||
1449807104||1449807359||1127100708||ro||
1449807360||1449807615||1127100708||ro||
1449807616||1449807871||1127100708||ro||
1449807872||1449808127||1127100708||ro||
1449808128||1449808383||1127100708||ro||
1449808384||1449808639||1127100708||ro||
1449808640||1449808895||1127100708||ro||
1449808896||1449809151||1127100708||ro||
1449809152||1449809407||1127100708||ro||
1449809408||1449809663||1127100708||ro||
1449809664||1449809919||1127100708||ro||
1449809920||1449810175||1127100708||ro||
1449810176||1449810431||1127100708||ro||
1449810432||1449810687||1127100708||ro||
1449810688||1449810943||1127100708||ro||
1449810944||1449811199||1127100708||ro||
1449811200||1449811455||1127100708||ro||
1449811456||1449811711||1127100708||ro||
1449811712||1449811967||1127100708||ro||
1449811968||1449812223||1127100708||ro||
1449812224||1449812479||1127100708||ro||
1449812480||1449812735||1127100708||ro||
1449812736||1449812991||1127100708||ro||
1449812992||1449813247||1127100708||ro||
1449813248||1449813503||1127100708||ro||
1449813504||1449813759||1127100708||ro||
1449813760||1449814015||1127100708||ro||
1449814016||1449814271||1127100708||ro||
1449814272||1449814527||1127100708||ro||
1449814528||1449814783||1127100708||ro||
1449814784||1449815039||1127100708||ro||
1449815040||1449815295||1127100708||ro||
1449815296||1449815551||1127100708||ro||
1449815552||1449815807||1127100708||ro||
1449815808||1449816063||1127100708||ro||
1449816064||1449816319||1127100708||ro||
1449816320||1449816575||1127100708||ro||
1449816576||1449816831||1127100708||ro||
1449816832||1449817087||1127100708||ro||
1449817088||1449817343||1127100708||ro||
1449817344||1449817599||1127100708||ro||
1449817600||1449817855||1127100708||ro||
1449817856||1449818111||1127100708||ro||
1449818112||1449818367||1127100708||ro||
1449818368||1449818623||1127100708||ro||
1449818624||1449818879||1127100708||ro||
1449818880||1449819135||1127100708||ro||
1449819136||1449819391||1127100708||ro||
1449819392||1449819647||1127100708||ro||
1449819648||1449819903||1127100708||ro||
1449819904||1449820159||1127100708||ro||
1449820160||1449820415||1127100708||ro||
1449820416||1449820671||1127100708||ro||
1449820672||1449820927||1127100708||ro||
1449820928||1449821183||1127100708||ro||
1449821184||1449821439||1127100708||ro||
1449821440||1449821695||1127100708||ro||
1449821696||1449821951||1127100708||ro||
1449821952||1449822207||1127100708||ro||
1449822208||1449822463||1127100708||ro||
1449822464||1449822719||1127100708||ro||
1449822720||1449822975||1127100708||ro||
1449822976||1449823231||1127100708||ro||
1449823232||1449823487||1127100708||ro||
1449823488||1449823743||1127100708||ro||
1449823744||1449823999||1127100708||ro||
1449824000||1449824255||1127100708||ro||
1449824256||1449824511||1127100708||ro||
1449824512||1449824767||1127100708||ro||
1449824768||1449825023||1127100708||ro||
1449825024||1449825279||1127100708||ro||
1449825280||1449825535||1127100708||ro||
1449825536||1449825791||1127100708||ro||
1449825792||1449826047||1127100708||ro||
1449826048||1449826303||1127100708||ro||
1449826304||1449826559||1127100708||ro||
1449826560||1449826815||1127100708||ro||
1449826816||1449827071||1127100708||ro||
1449827072||1449827327||1127100708||ro||
1449827328||1449827583||1127100708||ro||
1449827584||1449827839||1127100708||ro||
1449827840||1449828095||1127100708||ro||
1449828096||1449828351||1127100708||ro||
1449828352||1449828607||1127100708||ro||
1449828608||1449828863||1127100708||ro||
1449828864||1449829119||1127100708||ro||
1449829120||1449829375||1127100708||ro||
1449829376||1449829631||1127100708||ro||
1449829632||1449829887||1127100708||ro||
1449829888||1449830143||1127100708||ro||
1449830144||1449830399||1127100708||ro||
1449830400||1449830655||1127100708||ro||
1449830656||1449830911||1127100708||ro||
1449830912||1449831167||1127100708||ro||
1449831168||1449831423||1127100708||ro||
1449831424||1449831679||1127100708||ro||
1449831680||1449831935||1127100708||ro||
1449831936||1449832191||1127100708||ro||
1449832192||1449832447||1127100708||ro||
1449832448||1449832703||1127100708||ro||
1449832704||1449832959||1127100708||ro||
1449832960||1449833215||1127100708||ro||
1449833216||1449833471||1127100708||ro||
1449833472||1449833727||1127100708||ro||
1449833728||1449833983||1127100708||ro||
1449833984||1449834239||1127100708||ro||
1449834240||1449834495||1127100708||ro||
1449834496||1449834751||1127100708||ro||
1449834752||1449835007||1127100708||ro||
1449835008||1449835263||1127100708||ro||
1449835264||1449835519||1127100708||ro||
1449835520||1449835775||1127100708||ro||
1449835776||1449836031||1127100708||ro||
1449836032||1449836287||1127100708||ro||
1449836288||1449836543||1127100708||ro||
1449836544||1449836799||1127100708||ro||
1449836800||1449837055||1127100708||ro||
1449837056||1449837311||1127100708||ro||
1449837312||1449837567||1127100708||ro||
1449837568||1449837823||1127100708||ro||
1449837824||1449838079||1127100708||ro||
1449838080||1449838335||1127100708||ro||
1449838336||1449838591||1127100708||ro||
1449838592||1449838847||1127100708||ro||
1449838848||1449839103||1127100708||ro||
1449839104||1449839359||1127100708||ro||
1449839360||1449839615||1127100708||ro||
1449839616||1449839871||1127100708||ro||
1449839872||1449840127||1127100708||ro||
1449840128||1449840383||1127100708||ro||
1449840384||1449840639||1127100708||ro||
1449852928||1449853183||1127100708||ro||
1449853184||1449853439||1127100708||ro||
1449853440||1449853695||1127100708||ro||
1449853696||1449853951||1127100708||ro||
1449853952||1449854207||1127100708||ro||
1449854208||1449854463||1127100708||ro||
1449854464||1449854719||1127100708||ro||
1449854720||1449854975||1127100708||ro||
1449854976||1449855231||1127100708||ro||
1449855232||1449855487||1127100708||ro||
1449855488||1449855743||1127100708||ro||
1449855744||1449855999||1127100708||ro||
1449856000||1449856255||1127100708||ro||
1449856256||1449856511||1127100708||ro||
1449856512||1449856767||1127100708||ro||
1449856768||1449857023||1127100708||ro||
1449857024||1449857279||1127100708||ro||
1449857280||1449857535||1127100708||ro||
1449857536||1449857791||1127100708||ro||
1449857792||1449858047||1127100708||ro||
1449858048||1449858303||1127100708||ro||
1449858304||1449858559||1127100708||ro||
1449858560||1449858815||1127100708||ro||
1449858816||1449859071||1127100708||ro||
1449859072||1449859327||1127100708||ro||
1449859328||1449859583||1127100708||ro||
1449859584||1449859839||1127100708||ro||
1449859840||1449860095||1127100708||ro||
1449860096||1449860351||1127100708||ro||
1449860352||1449860607||1127100708||ro||
1449860608||1449860863||1127100708||ro||
1449860864||1449861119||1127100708||ro||
1449861120||1449861375||1127100708||ro||
1449861376||1449861631||1127100708||ro||
1449861632||1449861887||1127100708||ro||
1449861888||1449862143||1127100708||ro||
1449862144||1449862399||1127100708||ro||
1449862400||1449862655||1127100708||ro||
1449862656||1449862911||1127100708||ro||
1449862912||1449863167||1127100708||ro||
1449863168||1449863423||1127100708||ro||
1449863424||1449863679||1127100708||ro||
1449863680||1449863935||1127100708||ro||
1449863936||1449864191||1127100708||ro||
1449864192||1449864447||1127100708||ro||
1449864448||1449864703||1127100708||ro||
1449864704||1449864959||1127100708||ro||
1449864960||1449865215||1127100708||ro||
1449865216||1449865471||1127100708||ro||
1449865472||1449865727||1127100708||ro||
1449865728||1449865983||1127100708||ro||
1449865984||1449866239||1127100708||ro||
1449866240||1449866495||1127100708||ro||
1449866496||1449866751||1127100708||ro||
1449866752||1449867007||1127100708||ro||
1449867008||1449867263||1127100708||ro||
1449867264||1449867519||1127100708||ro||
1449867520||1449867775||1127100708||ro||
1449867776||1449868031||1127100708||ro||
1449868032||1449868287||1127100708||ro||
1449868288||1449868543||1127100708||ro||
1449868544||1449868799||1127100708||ro||
1449868800||1449869055||1127100708||ro||
1449869056||1449869311||1127100708||ro||
1449869312||1449869567||1127100708||ro||
1449869568||1449869823||1127100708||ro||
1449869824||1449870079||1127100708||ro||
1449870080||1449870335||1127100708||ro||
1449870336||1449870591||1127100708||ro||
1449870592||1449870847||1127100708||ro||
1449870848||1449871103||1127100708||ro||
1449871104||1449871359||1127100708||ro||
1449871360||1449871615||1127100708||ro||
1449871616||1449871871||1127100708||ro||
1449871872||1449872127||1127100708||ro||
1449872128||1449872383||1127100708||ro||
1449872384||1449872639||1127100708||ro||
1449872640||1449872895||1127100708||ro||
1449872896||1449873151||1127100708||ro||
1449873152||1449873407||1127100708||ro||
1449873408||1449873663||1127100708||ro||
1449873664||1449873919||1127100708||ro||
1449873920||1449874175||1127100708||ro||
1449874176||1449874431||1127100708||ro||
1449874432||1449874687||1127100708||ro||
1449874688||1449874943||1127100708||ro||
1449874944||1449875199||1127100708||ro||
1449875200||1449875455||1127100708||ro||
1449875456||1449875711||1127100709||ro||
1449875712||1449875967||1127100709||ro||
1449875968||1449876223||1127100709||ro||
1449876224||1449876479||1127100709||ro||
1449876480||1449876735||1127100709||ro||
1449876736||1449876991||1127100709||ro||
1449876992||1449877247||1127100709||ro||
1449877248||1449877503||1127100709||ro||
1449877504||1449877759||1127100709||ro||
1449877760||1449878015||1127100709||ro||
1449878016||1449878271||1127100709||ro||
1449878272||1449878527||1127100709||ro||
1449878528||1449878783||1127100709||ro||
1449878784||1449879039||1127100709||ro||
1449879040||1449879295||1127100709||ro||
1449879296||1449879551||1127100709||ro||
1449879552||1449879807||1127100709||ro||
1449879808||1449880063||1127100709||ro||
1449880064||1449880319||1127100709||ro||
1449880320||1449880575||1127100709||ro||
1449880576||1449880831||1127100709||ro||
1449880832||1449881087||1127100709||ro||
1449881088||1449881343||1127100709||ro||
1449881344||1449881599||1127100709||ro||
1449881600||1449881855||1127100709||ro||
1449881856||1449882111||1127100709||ro||
1449882112||1449882367||1127100709||ro||
1449882368||1449882623||1127100709||ro||
1449882624||1449882879||1127100709||ro||
1449882880||1449883135||1127100709||ro||
1449883136||1449883391||1127100709||ro||
1449883392||1449883647||1127100709||ro||
1449883648||1449883903||1127100709||ro||
1449883904||1449884159||1127100709||ro||
1449884160||1449884415||1127100709||ro||
1449884416||1449884671||1127100709||ro||
1449884672||1449884927||1127100709||ro||
1449884928||1449885183||1127100709||ro||
1449885184||1449885439||1127100709||ro||
1449885440||1449885695||1127100709||ro||
1449885696||1449885951||1127100709||ro||
1449885952||1449886207||1127100709||ro||
1449886208||1449886463||1127100709||ro||
1449886464||1449886719||1127100709||ro||
1449886720||1449886975||1127100709||ro||
1449886976||1449887231||1127100709||ro||
1449887232||1449887487||1127100709||ro||
1449887488||1449887743||1127100709||ro||
1449887744||1449887999||1127100709||ro||
1449888000||1449888255||1127100709||ro||
1449888256||1449888511||1127100709||ro||
1449888512||1449888767||1127100709||ro||
1449888768||1449889023||1127100709||ro||
1449889024||1449889279||1127100709||ro||
1449889280||1449889535||1127100709||ro||
1449889536||1449889791||1127100709||ro||
1449889792||1449890047||1127100709||ro||
1449890048||1449890303||1127100709||ro||
1449890304||1449890559||1127100709||ro||
1449890560||1449890815||1127100709||ro||
1449890816||1449891071||1127100709||ro||
1449891072||1449891327||1127100709||ro||
1449891328||1449891583||1127100709||ro||
1449891584||1449891839||1127100709||ro||
1449891840||1449892095||1127100709||ro||
1449892096||1449892351||1127100709||ro||
1449892352||1449892607||1127100709||ro||
1449892608||1449892863||1127100709||ro||
1449892864||1449893119||1127100709||ro||
1449893120||1449893375||1127100709||ro||
1449893376||1449893631||1127100709||ro||
1449893632||1449893887||1127100709||ro||
1449893888||1449894143||1127100709||ro||
1449894144||1449894399||1127100709||ro||
1449894400||1449894655||1127100709||ro||
1449894656||1449894911||1127100709||ro||
1449894912||1449895167||1127100709||ro||
1449895168||1449895423||1127100709||ro||
1449895424||1449895679||1127100709||ro||
1449895680||1449895935||1127100709||ro||
1449895936||1449896191||1127100709||ro||
1449896192||1449896447||1127100709||ro||
1449896448||1449896703||1127100709||ro||
1449896704||1449896959||1127100709||ro||
1449896960||1449897215||1127100709||ro||
1449897216||1449897471||1127100709||ro||
1449897472||1449897727||1127100709||ro||
1449897728||1449897983||1127100709||ro||
1449897984||1449898239||1127100709||ro||
1449898240||1449898495||1127100709||ro||
1449898496||1449898751||1127100709||ro||
1449898752||1449899007||1127100709||ro||
1449899008||1449899263||1127100709||ro||
1449899264||1449899519||1127100709||ro||
1449899520||1449899775||1127100709||ro||
1449899776||1449900031||1127100709||ro||
1449900032||1449900287||1127100709||ro||
1449900288||1449900543||1127100709||ro||
1449900544||1449900799||1127100709||ro||
1449900800||1449901055||1127100709||ro||
1449901056||1449901311||1127100709||ro||
1449901312||1449901567||1127100709||ro||
1449901568||1449901823||1127100709||ro||
1449901824||1449902079||1127100709||ro||
1449902080||1449902335||1127100709||ro||
1449902336||1449902591||1127100709||ro||
1449902592||1449902847||1127100709||ro||
1449902848||1449903103||1127100709||ro||
1449903104||1449903359||1127100709||ro||
1449903360||1449903615||1127100709||ro||
1449903616||1449903871||1127100709||ro||
1449903872||1449904127||1127100709||ro||
1449904128||1449904383||1127100709||ro||
1449904384||1449904639||1127100709||ro||
1449904640||1449904895||1127100709||ro||
1449904896||1449905151||1127100709||ro||
1449905152||1449905407||1127100709||ro||
1449905408||1449905663||1127100709||ro||
1449905664||1449905919||1127100709||ro||
1449905920||1449906175||1127100709||ro||
1449906176||1449906431||1127100709||ro||
1449906432||1449906687||1127100709||ro||
1449906688||1449906943||1127100709||ro||
1449906944||1449907199||1127100709||ro||
1449907200||1449907455||1127100709||ro||
1449907456||1449907711||1127100709||ro||
1449907712||1449907967||1127100709||ro||
1449907968||1449908223||1127100709||ro||
1449908224||1449908479||1127100709||ro||
1449908480||1449908735||1127100709||ro||
1449908736||1449908991||1127100709||ro||
1449908992||1449909247||1127100709||ro||
1449909248||1449909503||1127100709||ro||
1449909504||1449909759||1127100709||ro||
1449909760||1449910015||1127100709||ro||
1449910016||1449910271||1127100709||ro||
1449910272||1449910527||1127100709||ro||
1449910528||1449910783||1127100709||ro||
1449910784||1449911039||1127100709||ro||
1449911040||1449911295||1127100709||ro||
1449911296||1449911551||1127100709||ro||
1449911552||1449911807||1127100709||ro||
1449911808||1449912063||1127100709||ro||
1449912064||1449912319||1127100709||ro||
1449912320||1449912575||1127100709||ro||
1449912576||1449912831||1127100709||ro||
1449912832||1449913087||1127100709||ro||
1449913088||1449913343||1127100709||ro||
1449913344||1449913599||1127100709||ro||
1449913600||1449913855||1127100709||ro||
1449913856||1449914111||1127100709||ro||
1449914112||1449914367||1127100709||ro||
1449914368||1449914623||1127100709||ro||
1449914624||1449914879||1127100709||ro||
1449914880||1449915135||1127100709||ro||
1449915136||1449915391||1127100709||ro||
1449915392||1449915647||1127100709||ro||
1449915648||1449915903||1127100709||ro||
1449915904||1449916159||1127100709||ro||
1449916160||1449916415||1127100709||ro||
1449916416||1449916671||1127100709||ro||
1449916672||1449916927||1127100709||ro||
1449916928||1449917183||1127100709||ro||
1449917184||1449917439||1127100709||ro||
1449917440||1449917695||1127100709||ro||
1449917696||1449917951||1127100709||ro||
1449917952||1449918207||1127100709||ro||
1449918208||1449918463||1127100709||ro||
1450704896||1451229183||1114533767||ro||
1475177472||1475177727||1147923391||ro||
1475321856||1475323903||1151894990||ro||
1486749696||1486815231||1143692691||ro||
1495271424||1495273471||1148089990||ro||
1495273472||1495275519||1151461398||ro||
1495277568||1495278591||1162191003||ro||
1495278592||1495279615||1157248713||ro||
1495280640||1495281663||1147923447||ro||
1495281664||1495283711||1150081061||ro||
1495283712||1495285759||1149218220||ro||
1495289856||1495291903||1156904042||ro||
1495291904||1495293951||1147231429||ro||
1495296000||1495297023||1156302043||ro||
1495298048||1495300095||1149476622||ro||
1495300096||1495300607||1147146983||ro||
1495303168||1495304191||1154830614||ro||
1495310336||1495312383||1150511941||ro||
1495315456||1495315967||1155613147||ro||
1495315968||1495316479||1150335238||ro||
1495316992||1495317247||1148350320||ro||
1495322112||1495322623||1151118572||ro||
1495322624||1495324671||1152644364||ro||
1495336448||1495336959||1160452976||ro||
1495351296||1495353343||1147231454||ro||
1495356160||1495356415||1150428636||ro||
1495357440||1495359487||1156994817||ro||
1495363584||1495364607||1157248756||ro||
1495369728||1495371775||1147402332||ro||
1495376384||1495376639||1152644391||ro||
1495377408||1495377919||1154142906||ro||
1495379968||1495384063||1150948673||ro||
1495386112||1495386367||1158288808||ro||
1495388160||1495391231||1150176455||ro||
1495391232||1495392255||1159242335||ro||
1495392256||1495394303||1158821933||ro||
1495400448||1495402495||1149740751||ro||
1495404544||1495405567||1150081093||ro||
1495406080||1495406335||1149133729||ro||
1495406592||1495407615||1148878595||ro||
1495412736||1495416831||1155871601||ro||
1495416832||1495418879||1153258217||ro||
1495420928||1495421951||1147402361||ro||
1495421952||1495422975||1158288834||ro||
1495422976||1495425023||1148008415||ro||
1495426048||1495426559||1158034383||ro||
1495429120||1495431167||1149133751||ro||
1495432192||1495433215||1155175882||ro||
1495433216||1495437311||1161834819||ro||
1495439104||1495439359||1148270231||ro||
1495439360||1495441407||1155008717||ro||
1495441920||1495442175||1156994837||ro||
1495443456||1495444223||1156470966||ro||
1495451648||1495452671||1149044772||ro||
1495457792||1495458815||1153456844||ro||
1495461888||1495463935||1153456876||ro||
1495468032||1495470079||1160890662||ro||
1495481856||1495482111||1149991108||ro||
1495482368||1495484415||1148270260||ro||
1495485440||1495485695||1151597745||ro||
1495496704||1495497727||1162017095||ro||
1495500032||1495500287||1153107499||ro||
1495507968||1495508991||1156904064||ro||
1495513088||1495515135||1155175905||ro||
1495517184||1495519231||1150864167||ro||
1495529728||1495529983||1155693669||ro||
1495536640||1495536895||1160452993||ro||
1495541760||1495543807||1157687306||ro||
1495549952||1495550207||1152065700||ro||
1495552000||1495554047||1157952614||ro||
1495555584||1495556095||1154309807||ro||
1495556096||1495558143||1162351355||ro||
1495569408||1495569919||1156739262||ro||
1495578624||1495579647||1153799504||ro||
1495579648||1495580671||1153799480||ro||
1495591936||1495592959||1156904084||ro||
1495607296||1495609343||1151597781||ro||
1495609344||1495611391||1156821629||ro||
1495612928||1495613439||1158821964||ro||
1495614464||1495615487||1156226393||ro||
1495615488||1495617535||1161921552||ro||
1495638016||1495640063||1158034408||ro||
1495648256||1495649279||1159490322||ro||
1495666688||1495668735||1161757238||ro||
1495669504||1495669759||1162264976||ro||
1500693248||1500693503||1154372125||ro||
1500694528||1500694783||1158822114||ro||
1500696320||1500696575||1159161694||ro||
1501036544||1501298687||1152325399||ro||
1502085120||1502216191||1148707444||ro||
1504018432||1504051199||1148350351||ro||
2371158016||2371223551||1109653200||ro||
3229680384||3229680895||1109653200||ro||
3231846400||3231846655||1109653200||ro||
3238060288||3238060543||1109653200||ro||
3239089152||3239089407||1109653200||ro||
3239090176||3239090431||1109653200||ro||
3239105792||3239106047||1109653200||ro||
3239107072||3239107327||1109653200||ro||
3239107840||3239108095||1109653200||ro||
3239112960||3239113215||1109653200||ro||
3239134720||3239134975||1109653200||ro||
3239166720||3239166975||1109653200||ro||
3239173120||3239173375||1109653200||ro||
3239278592||3239279103||1109653200||ro||
3239292928||3239293951||1109653200||ro||
3239297024||3239298047||1109653200||ro||
3239468288||3239468543||1109653200||ro||
3239468800||3239469055||1109653200||ro||
3239480576||3239480831||1109653200||ro||
3239488768||3239489023||1109653200||ro||
3239575552||3239575807||1109653200||ro||
3239583488||3239583743||1109653200||ro||
3239667712||3239668223||1109653200||ro||
3239669760||3239670271||1109653200||ro||
3239708416||3239708671||1109653200||ro||
3239709184||3239709439||1109653200||ro||
3239739648||3239739903||1109653200||ro||
3239762688||3239762943||1109653200||ro||
3239790080||3239791103||1109653200||ro||
3239793664||3239794175||1109653200||ro||
3239876352||3239876607||1109653200||ro||
3240721920||3240722431||1109653200||ro||
3240744960||3240745471||1109653200||ro||
3240752128||3240754175||1109653200||ro||
3240840704||3240840959||1109653200||ro||
3245093888||3245094911||1109653200||ro||
3245140480||3245140991||1109653200||ro||
3245318400||3245318655||1109653200||ro||
3245335808||3245336063||1109653200||ro||
3245336576||3245336831||1109653200||ro||
3247068416||3247068671||1109653200||ro||
3247071488||3247072255||1109653200||ro||
3247073024||3247073279||1109653200||ro||
3247089664||3247090687||1109653200||ro||
3247095808||3247097855||1109653200||ro||
3247101952||3247102975||1109653200||ro||
3247905792||3247906815||1109653200||ro||
3249704192||3249704447||1109653200||ro||
3249710336||3249710591||1109653200||ro||
3249725440||3249725951||1109653200||ro||
3250716672||3250716927||1146193462||ro||
3250749952||3250750463||1109653200||ro||
3251180544||3251181055||1109653200||ro||
3251186688||3251186943||1109653200||ro||
3251216640||3251216895||1109653200||ro||
3251234816||3251235839||1109653200||ro||
3252813824||3252830207||1109653200||ro||
3252832256||3252832767||1109653200||ro||
3252834304||3252862975||1109653200||ro||
3253075968||3253207039||1109653200||ro||
3253600256||3253601279||1109653200||ro||
3253614592||3253615615||1109653200||ro||
3253662720||3253663743||1136870214||ro||
3253682176||3253683199||1142058335||ro||
3253699072||3253699583||1131335053||ro||
3253701120||3253701631||1144286301||ro||
3253706240||3253706751||1145936350||ro||
3253708288||3253708799||1131509209||ro||
3253709824||3253710335||1130037048||ro||
3253725184||3253725695||1139204311||ro||
3253730304||3253730815||1147751160||ro||
3253893120||3253893375||1109653200||ro||
3254657024||3254665215||1109653200||ro||
3254707712||3254708223||1109653200||ro||
3254710784||3254711295||1109653200||ro||
3255232000||3255232255||1109653200||ro||
3255392768||3255393279||1109653200||ro||
3255412480||3255412735||1109653200||ro||
3256411136||3256411647||1109653200||ro||
3256412672||3256413183||1109653200||ro||
3256787200||3256787455||1128311023||ro||
3257558016||3257559551||1109653200||ro||
3257564672||3257565183||1109653200||ro||
3258351616||3258352639||1109653200||ro||
3258427648||3258427903||1109653200||ro||
3258947584||3258948607||1109653200||ro||
3260548608||3260548863||1109653200||ro||
3260559616||3260559647||1109653200||ro||
3260559712||3260559719||1109653200||ro||
3260596736||3260597247||1150081537||ro||
3260598784||3260599295||1135919588||ro||
3261472768||3261503487||1109653200||ro||
3261503936||3261530111||1109653200||ro||
3261661184||3261669375||1109653200||ro||
3261687808||3261689855||1109653200||ro||
3261778944||3261779455||1109653200||ro||
3261780992||3261781503||1109653200||ro||
3261783552||3261784063||1109653200||ro||
3262416896||3262417407||1109653200||ro||
3262417920||3262418431||1109653200||ro||
3262425088||3262425599||1109653200||ro||
3262430720||3262431231||1109653200||ro||
3262433280||3262433791||1109653200||ro||
3262437376||3262437887||1109653200||ro||
3262442496||3262443007||1109653200||ro||
3262475824||3262475839||1109653200||ro||
3262506496||3262507007||1151706802||ro||
3262507520||3262508031||1144023116||ro||
3263076352||3263076863||1131773077||ro||
3263078400||3263079423||1125880923||ro||
3263082496||3263083519||1135919619||ro||
3263084544||3263085567||1118116961||ro||
3263089152||3263089407||1109653200||ro||
3263089920||3263090175||1109653200||ro||
3263093760||3263094015||1109653200||ro||
3263095552||3263095807||1109653200||ro||
3263099904||3263100159||1109653200||ro||
3264184832||3264185343||1157338795||ro||
3264313344||3264313599||1109653200||ro||
3264322304||3264322559||1109653200||ro||
3264323328||3264323583||1109653200||ro||
3264334336||3264334847||1144369471||ro||
3264343552||3264343807||1109653200||ro||
3264380160||3264380415||1109653200||ro||
3264653824||3264654335||1109653200||ro||
3264657920||3264658431||1109653200||ro||
3264659968||3264660479||1109653200||ro||
3264665600||3264666111||1109653200||ro||
3264672256||3264672767||1109653200||ro||
3264675328||3264675839||1109653200||ro||
3264864256||3264872447||1109653200||ro||
3266355200||3266363391||1109653200||ro||
3267657472||3267657479||1109653200||ro||
3267657488||3267657567||1109653200||ro||
3267657664||3267657679||1109653200||ro||
3267657688||3267657695||1109653200||ro||
3270208768||3270209023||1109653200||ro||
3270241536||3270242559||1109653200||ro||
3270243328||3270243839||1109653200||ro||
3270245888||3270246143||1109653200||ro||
3270928128||3270928383||1109653200||ro||
3271406336||3271406591||1109653200||ro||
3272015872||3272019967||1109653200||ro||
3272108288||3272108543||1109653200||ro||
3272111872||3272112383||1109653200||ro||
3272421376||3272421887||1109653200||ro||
3272622080||3272623103||1146369402||ro||
3272894976||3272895487||1109653200||ro||
3273433600||3273434111||1109653200||ro||
3273437184||3273437695||1109653200||ro||
3273439232||3273439743||1109653200||ro||
3273440256||3273440767||1109653200||ro||
3273881088||3273881343||1109653200||ro||
3274686976||3274687231||1109653200||ro||
3274692096||3274692351||1109653200||ro||
3274699264||3274699519||1109653200||ro||
3274912896||3274913023||1109653200||ro||
3275591680||3275592063||1109653200||ro||
3275592192||3275592959||1109653200||ro||
3275593344||3275593855||1109653200||ro||
3275593984||3275595007||1109653200||ro||
3276679680||3276680191||1109653200||ro||
3277177344||3277177599||1109653200||ro||
3277179136||3277179391||1109653200||ro||
3277181696||3277181951||1109653200||ro||
3277188864||3277189119||1109653200||ro||
3277841408||3277841919||1109653200||ro||
3277848064||3277848575||1109653200||ro||
3279988736||3279989247||1109653200||ro||
3279993856||3279994367||1109653200||ro||
3280587776||3280588287||1109653200||ro||
3281339136||3281339391||1109653200||ro||
3281340416||3281340671||1109653200||ro||
3281352448||3281352703||1109653200||ro||
3282083840||3282084351||1141014043||ro||
3282090496||3282091007||1139204334||ro||
3282095104||3282096127||1109653200||ro||
3283214336||3283214847||1109653200||ro||
3284049664||3284049919||1109653200||ro||
3285089280||3285090303||1109653200||ro||
3286312960||3286313471||1143181354||ro||
3286316544||3286317055||1124588642||ro||
3286319104||3286320127||1109653200||ro||
3286324224||3286325247||1109653200||ro||
3286330368||3286331391||1109653200||ro||
3286338560||3286339583||1109653200||ro||
3286920192||3286921215||1109653200||ro||
3286925824||3286926079||1109653200||ro||
3286933760||3286934015||1109653200||ro||
3286935808||3286936063||1109653200||ro||
3286936576||3286936831||1109653200||ro||
3286937856||3286938111||1109653200||ro||
3286938880||3286939391||1109653200||ro||
3286940672||3286940927||1109653200||ro||
3286941440||3286941695||1109653200||ro||
3287436800||3287437311||1109653200||ro||
3287439360||3287439871||1109653200||ro||
3287479296||3287480319||1109653200||ro||
3287634432||3287634943||1109653200||ro||
3287635968||3287636479||1109653200||ro||
3287668224||3287668479||1109653200||ro||
3287669760||3287670015||1109653200||ro||
3287674624||3287674879||1109653200||ro||
3287677696||3287677951||1109653200||ro||
3559096320||3559103231||1109653200||ro||
3559103488||3559104511||1109653200||ro||
3560333312||3560341503||1109653200||ro||
3562897408||3562905599||1109653200||ro||
3566354432||3566370815||1109653200||ro||
3576605184||3576605439||1109653200||ro||
3577665824||3577665855||1109653200||ro||
3583664128||3583680511||1109653200||ro||
3583877120||3583882239||1109653200||ro||
3583882752||3583885311||1109653200||ro||
3584352256||3584360447||1109653200||ro||
3588833280||3588848767||1109653200||ro||
3588848776||3588849663||1109653200||ro||
3641360384||3641368575||1109653200||ro||
3641532416||3641536511||1109653200||ro||
3641901056||3641905151||1109653200||ro||
3645480960||3645485055||1109653200||ro||
3648245760||3648249855||1109653200||ro||
3650879488||3650912255||1109653200||ro||
