--||--||--||ru||Russia
1040547840||1040580607||1109653200||ru||
1041244160||1041252351||1109653200||ru||
1041252864||1041253119||1109653200||ru||
1041253376||1041268735||1109653200||ru||
1042350080||1042415615||1109653200||ru||
1044185088||1044193279||1109653200||ru||
1044332544||1044348927||1127452689||ru||
1044381696||1044389887||1109653200||ru||
1044709376||1044717567||1109653200||ru||
1045168128||1045233663||1109653200||ru||
1045716992||1045725183||1109653200||ru||
1046069248||1046085631||1109653200||ru||
1046904832||1046937599||1109653200||ru||
1047068672||1047085055||1109653200||ru||
1047101440||1047109631||1109653200||ru||
1047371776||1047379967||1109653200||ru||
1047552000||1047560191||1109653200||ru||
1047601152||1047625727||1109653200||ru||
1047871488||1047887871||1109653200||ru||
1047920640||1047986175||1109653200||ru||
1048944640||1048952831||1109653200||ru||
1049419776||1049427967||1109653200||ru||
1049444352||1049460735||1109653200||ru||
1049919488||1049927679||1109653200||ru||
1049944064||1049952255||1109653200||ru||
1050165248||1050173439||1109653200||ru||
1050198016||1050206207||1109653200||ru||
1051009024||1051017215||1109653200||ru||
1051254784||1051262975||1109653200||ru||
1051795456||1051803647||1109653200||ru||
1052057600||1052065791||1109653200||ru||
1052180480||1052213247||1109653200||ru||
1052356736||1052356799||1109653200||ru||
1052401632||1052401663||1109653200||ru||
1052811264||1052819455||1109653200||ru||
1052827648||1052835839||1109653200||ru||
1053663232||1053671423||1109653200||ru||
1054089216||1054097407||1109653200||ru||
1054146560||1054179327||1109653200||ru||
1054449664||1054457855||1109653200||ru||
1055326208||1055334399||1109653200||ru||
1055367168||1055375359||1109653200||ru||
1160973824||1160973839||1109653200||ru||
1346375680||1346379775||1109653200||ru||
1346392064||1346400255||1109653200||ru||
1346441216||1346445311||1109653200||ru||
1346519040||1346527231||1109653200||ru||
1346539520||1346543615||1109653200||ru||
1346580480||1346584575||1109653200||ru||
1346621440||1346625535||1109653200||ru||
1346629632||1346637823||1109653200||ru||
1346695168||1346699263||1109653200||ru||
1346736128||1346740223||1109653200||ru||
1346744320||1346748415||1109653200||ru||
1346789376||1346793471||1109653200||ru||
1346822144||1346826239||1109653200||ru||
1346838528||1346842623||1109653200||ru||
1346871296||1346879487||1109653200||ru||
1346883584||1346887679||1109653200||ru||
1346891776||1346895871||1109653200||ru||
1346899968||1346904063||1109653200||ru||
1346924544||1346928639||1109653200||ru||
1346949120||1346957311||1109653200||ru||
1346965504||1346969599||1109653200||ru||
1346977792||1346985983||1109653200||ru||
1347002368||1347003519||1109653200||ru||
1347003528||1347006463||1109653200||ru||
1347010560||1347014655||1109653200||ru||
1347112960||1347117055||1109653200||ru||
1347125248||1347129343||1109653200||ru||
1347190784||1347194879||1109653200||ru||
1347203072||1347204095||1129176849||ru||
1347204096||1347204351||1156045906||ru||
1347313664||1347321855||1109653200||ru||
1347338240||1347342335||1109653200||ru||
1347371008||1347375103||1109653200||ru||
1347399680||1347403775||1128057015||ru||
1347416064||1347420159||1155526466||ru||
1347444736||1347452927||1109653200||ru||
1347538944||1347543039||1124588255||ru||
1347559424||1347567615||1109653200||ru||
1347571712||1347572735||1146192812||ru||
1347592192||1347599615||1109653200||ru||
1347599872||1347600383||1109653200||ru||
1347674112||1347678207||1109653200||ru||
1347710976||1347711999||1131167701||ru||
1347784704||1347786751||1129605832||ru||
1347874816||1347875839||1142140328||ru||
1347875840||1347876863||1130383080||ru||
1347876864||1347878911||1141275918||ru||
1347887104||1347891199||1109653200||ru||
1347928064||1347932159||1109653200||ru||
1347956736||1347957247||1138079336||ru||
1347957504||1347958015||1130383292||ru||
1347958528||1347958783||1161055209||ru||
1347958784||1347959039||1161055191||ru||
1347959808||1347960319||1153104577||ru||
1347960320||1347960575||1151978122||ru||
1348009984||1348014079||1109653200||ru||
1348042752||1348050943||1109653200||ru||
1348076304||1348076311||1109653200||ru||
1348091904||1348095999||1109653200||ru||
1348105216||1348105727||1125981804||ru||
1348190208||1348194303||1109653200||ru||
1348206592||1348218879||1109653200||ru||
1348231168||1348235263||1109653200||ru||
1348247552||1348251647||1109653200||ru||
1348255744||1348259839||1109653200||ru||
1348260864||1348261375||1145935448||ru||
1348268032||1348268543||1130079333||ru||
1348268544||1348269055||1129176880||ru||
1348269056||1348272127||1130079363||ru||
1348286464||1348287487||1149133399||ru||
1348296704||1348300799||1109653200||ru||
1348317184||1348317439||1144616834||ru||
1348318208||1348318719||1151294864||ru||
1348354048||1348358143||1109653200||ru||
1348411392||1348415487||1109653200||ru||
1357709312||1357736447||1109653200||ru||
1357736704||1357742079||1109653200||ru||
1357914112||1357918207||1109653200||ru||
1357930496||1357938687||1109653200||ru||
1357959168||1357962239||1130908126||ru||
1357968384||1357968895||1129520103||ru||
1357983744||1357984767||1156821544||ru||
1358053376||1358061567||1109653200||ru||
1358102528||1358106623||1109653200||ru||
1358118912||1358123007||1109653200||ru||
1358127104||1358131199||1109653200||ru||
1358176256||1358180351||1109653200||ru||
1358225408||1358229503||1109653200||ru||
1358295040||1358296063||1144187967||ru||
1358303232||1358307327||1109653200||ru||
1358315520||1358323711||1109653200||ru||
1358372864||1358376959||1109653200||ru||
1358389248||1358393343||1109653200||ru||
1358528512||1358530815||1109653200||ru||
1358531072||1358536703||1109653200||ru||
1358540800||1358542079||1161055283||ru||
1358577664||1358581759||1109653200||ru||
1358581760||1358585855||1143692197||ru||
1358602240||1358614527||1109653200||ru||
1358614528||1358616575||1151034415||ru||
1358618624||1358622719||1109653200||ru||
1358639104||1358641151||1147580761||ru||
1358641408||1358641663||1148350261||ru||
1358655488||1358657535||1142835992||ru||
1358659584||1358663679||1109653200||ru||
1358725120||1358733311||1109653200||ru||
1358757888||1358761983||1109653200||ru||
1358807040||1358811135||1109653200||ru||
1358815232||1358819327||1109653200||ru||
1358848000||1358856191||1109653200||ru||
1358909440||1358911487||1143938872||ru||
1358921728||1358929919||1109653200||ru||
1358934016||1358934271||1161312317||ru||
1359069184||1359101951||1109653200||ru||
1359183872||1359200255||1109653200||ru||
1359265792||1359282175||1109653200||ru||
1359298560||1359314943||1109653200||ru||
1359544320||1359547391||1109653200||ru||
1359547904||1359548159||1109653200||ru||
1359548416||1359552511||1109653200||ru||
1359552768||1359553599||1109653200||ru||
1359553632||1359577087||1109653200||ru||
1359806464||1359839231||1109653200||ru||
1360003072||1360007167||1109653200||ru||
1360023552||1360027647||1109653200||ru||
1360031744||1360039935||1109653200||ru||
1360068608||1360072703||1109653200||ru||
1360105472||1360109567||1148523064||ru||
1360166912||1360175103||1109653200||ru||
1360216064||1360220159||1109653200||ru||
1360232448||1360236543||1109653200||ru||
1360289792||1360293887||1109653200||ru||
1360306176||1360310271||1109653200||ru||
1360314368||1360318463||1109653200||ru||
1360388096||1360392191||1109653200||ru||
1360396288||1360400383||1109653200||ru||
1360445440||1360453631||1109653200||ru||
1360486400||1360498687||1109653200||ru||
1360512848||1360512855||1109653200||ru||
1360512872||1360512895||1109653200||ru||
1360512904||1360512911||1109653200||ru||
1360548864||1360549375||1159161513||ru||
1360560128||1360564223||1109653200||ru||
1360592896||1360596991||1109653200||ru||
1360605184||1360609279||1141706164||ru||
1360609280||1360613375||1109653200||ru||
1360625664||1360629759||1109653200||ru||
1360633856||1360637951||1109653200||ru||
1360691200||1360699391||1109653200||ru||
1360787968||1360788223||1153799275||ru||
1360789504||1360793599||1109653200||ru||
1360830464||1360838655||1109653200||ru||
1360891136||1360891391||1109653200||ru||
1360933376||1360933887||1160452135||ru||
1360965632||1360967679||1138141871||ru||
1360969728||1360977919||1109653200||ru||
1364750336||1364752383||1147060427||ru||
1364775168||1364775423||1146192844||ru||
1364803584||1364807679||1109653200||ru||
1364807680||1364809215||1155347993||ru||
1364809728||1364810751||1154740797||ru||
1364852736||1364856831||1109653200||ru||
1364926464||1364934655||1109653200||ru||
1365118976||1365119231||1149133573||ru||
1365119232||1365119743||1155526486||ru||
1365123072||1365127167||1109653200||ru||
1365147648||1365155839||1109653200||ru||
1365188608||1365192703||1109653200||ru||
1365213184||1365217279||1109653200||ru||
1370488832||1370507263||1109653200||ru||
1370507520||1370619903||1109653200||ru||
1371734016||1371799551||1109653200||ru||
1372061696||1372065791||1109653200||ru||
1372066816||1372067071||1141706184||ru||
1372143616||1372147711||1109653200||ru||
1372782592||1372815359||1109653200||ru||
1373503488||1373519871||1109653200||ru||
1373520384||1373569023||1109653200||ru||
1382072320||1382088703||1109653200||ru||
1382137856||1382154239||1109653200||ru||
1382318080||1382334463||1109653200||ru||
1383071744||1383073087||1109653200||ru||
1383073136||1383073279||1109653200||ru||
1383073344||1383073535||1109653200||ru||
1383073664||1383074815||1109653200||ru||
1383075072||1383079935||1109653200||ru||
1383202816||1383219199||1109653200||ru||
1383227392||1383243775||1109653200||ru||
1383321600||1383325695||1109653200||ru||
1383333888||1383350271||1109653200||ru||
1383415808||1383423999||1109653200||ru||
1383440384||1383448575||1109653200||ru||
1383497728||1383505919||1109653200||ru||
1383563264||1383571455||1109653200||ru||
1384742912||1384759295||1109653200||ru||
1384775680||1384792063||1109653200||ru||
1384923136||1384939519||1109653200||ru||
1385070592||1385086975||1109653200||ru||
1385185280||1385193471||1109653200||ru||
1385310208||1385311231||1109653200||ru||
1385316096||1385316351||1109653200||ru||
1385381888||1385398271||1109653200||ru||
1385431040||1385439231||1109653200||ru||
1385529344||1385537535||1109653200||ru||
1385545728||1385553919||1109653200||ru||
1385627648||1385635839||1109653200||ru||
1385652224||1385660415||1109653200||ru||
1386348544||1386414079||1109653200||ru||
1387462656||1387528191||1109653200||ru||
1388412928||1388421119||1109653200||ru||
1388486656||1388494847||1109653200||ru||
1388503040||1388519423||1109653200||ru||
1388593152||1388601343||1109653200||ru||
1388609536||1388617727||1109653200||ru||
1388707840||1388711935||1109653200||ru||
1388712448||1388713215||1109653200||ru||
1388714752||1388715007||1109653200||ru||
1388715072||1388715263||1109653200||ru||
1388715520||1388716031||1109653200||ru||
1388748800||1388756991||1109653200||ru||
1388797952||1388806143||1109653200||ru||
1388838912||1388871679||1109653200||ru||
1389002752||1389035519||1109653200||ru||
1389133824||1389166591||1109653200||ru||
1389379584||1389395967||1109653200||ru||
1396973568||1396981759||1109653200||ru||
1397030912||1397039103||1109653200||ru||
1397047296||1397063679||1109653200||ru||
1397071872||1397096447||1109653200||ru||
1398892544||1398894591||1109653200||ru||
1399226368||1399259135||1109653200||ru||
1401427968||1401430015||1109653200||ru||
1401434112||1401436159||1109653200||ru||
1401438464||1401438719||1109653200||ru||
1401450496||1401452543||1109653200||ru||
1401481216||1401485311||1109653200||ru||
1401499648||1401501695||1109653200||ru||
1401542656||1401544703||1109653200||ru||
1401565184||1401567231||1109653200||ru||
1401856000||1401858047||1109653200||ru||
1401896960||1401899007||1124167590||ru||
1401929728||1401931775||1128397904||ru||
1402093568||1402109951||1109653200||ru||
1402273792||1402290175||1109653200||ru||
1402322944||1402339327||1109653200||ru||
1402404864||1402408959||1109653200||ru||
1403412480||1403420671||1109653200||ru||
1403445248||1403461631||1109653200||ru||
1403469824||1403486207||1109653200||ru||
1403633664||1403650047||1109653200||ru||
1403731968||1403748351||1109653200||ru||
1403781120||1403797503||1109653200||ru||
1403961344||1403977727||1109653200||ru||
1406730240||1406746623||1109653200||ru||
1406779392||1406787583||1109653200||ru||
1406861312||1406869503||1109653200||ru||
1406894080||1406902271||1109653200||ru||
1406918656||1406926847||1109653200||ru||
1406935040||1406951423||1109653200||ru||
1406967808||1406975999||1109653200||ru||
1406984192||1407000575||1109653200||ru||
1407034368||1407035391||1109653200||ru||
1407036416||1407049727||1109653200||ru||
1407057920||1407066111||1109653200||ru||
1407074304||1407082495||1109653200||ru||
1407107072||1407123455||1109653200||ru||
1407180800||1407188991||1109653200||ru||
1407549440||1407582207||1109653200||ru||
1407844352||1407909887||1109653200||ru||
1408040960||1408106495||1109653200||ru||
1408172032||1408237567||1109653200||ru||
1408401408||1408434175||1109653200||ru||
1408450560||1408454655||1109653200||ru||
1408663552||1408696319||1109653200||ru||
1410367488||1410375679||1109653200||ru||
1410400256||1410408447||1109653200||ru||
1410457600||1410465791||1109653200||ru||
1410490368||1410498559||1109653200||ru||
1410678784||1410686975||1109653200||ru||
1410719744||1410727935||1109653200||ru||
1410760704||1410768895||1109653200||ru||
1410777088||1410785279||1109653200||ru||
1410801664||1410818047||1109653200||ru||
1412038656||1412071423||1109653200||ru||
1412399104||1412415487||1109653200||ru||
1412677632||1412694015||1109653200||ru||
1412710400||1412726783||1109653200||ru||
1412808704||1412825087||1109653200||ru||
1412874240||1412890623||1109653200||ru||
1422520320||1422524415||1109653200||ru||
1422655488||1422721023||1109653200||ru||
1424818176||1424850943||1109653200||ru||
1425145856||1425162239||1109653200||ru||
1425195008||1425211391||1109653200||ru||
1425833984||1425850367||1109653200||ru||
1425883136||1425899519||1109653200||ru||
1425981440||1425997823||1109653200||ru||
1427062784||1427064831||1129520157||ru||
1427079168||1427095551||1130734499||ru||
1427439616||1427505151||1124167616||ru||
1427947520||1427963903||1129437162||ru||
1428078592||1428080639||1121227098||ru||
1428086784||1428088831||1126325952||ru||
1428140032||1428140287||1151597486||ru||
1431871488||1431879679||1109653200||ru||
1431920640||1431928831||1109653200||ru||
1431986176||1431994367||1109653200||ru||
1432051712||1432059903||1109653200||ru||
1432076288||1432084479||1109653200||ru||
1432092672||1432100863||1109653200||ru||
1432166400||1432174591||1109653200||ru||
1432190976||1432199167||1109653200||ru||
1432223744||1432240127||1109653200||ru||
1432322048||1432338431||1109653200||ru||
1433411584||1433419775||1109653200||ru||
1433427968||1433436159||1109653200||ru||
1433477120||1433485311||1109653200||ru||
1433501696||1433509887||1109653200||ru||
1433518080||1433526271||1109653200||ru||
1433534464||1433542655||1109653200||ru||
1433550848||1433559039||1109653200||ru||
1433575424||1433583615||1109653200||ru||
1433690368||1433691647||1134803935||ru||
1433693696||1433694207||1146977653||ru||
1433694208||1433694719||1140579367||ru||
1433694720||1433694975||1129054795||ru||
1433695232||1433695487||1131677689||ru||
1433696000||1433696255||1132553282||ru||
1433696256||1433696511||1137131274||ru||
1433696512||1433696767||1133591206||ru||
1433697024||1433697279||1130995293||ru||
1433698048||1433698303||1116364138||ru||
1433747456||1433749503||1117254202||ru||
1433831296||1433831359||1130383330||ru||
1433831424||1433831935||1121918793||ru||
1433832192||1433832447||1142397216||ru||
1434517504||1434550271||1109653200||ru||
1435238400||1435500543||1109653200||ru||
1436430336||1436432383||1109653200||ru||
1436465152||1436467199||1109653200||ru||
1436491776||1436495871||1109653200||ru||
1436540928||1436541439||1141358909||ru||
1437335552||1437597695||1109653200||ru||
1438646272||1438662655||1109653200||ru||
1438679040||1438695423||1109653200||ru||
1438728192||1438744575||1109653200||ru||
1438875648||1438892031||1109653200||ru||
1439055872||1439072255||1109653200||ru||
1441292288||1441300479||1117924869||ru||
1441366016||1441371903||1128568914||ru||
1441406976||1441409023||1135919415||ru||
1441409024||1441415167||1138684363||ru||
1441428992||1441431551||1144286251||ru||
1441529856||1441538047||1138342024||ru||
1441570816||1441579007||1156225966||ru||
1441603584||1441604607||1128568940||ru||
1441604608||1441606655||1138342047||ru||
1442381824||1442447359||1109653200||ru||
1446920192||1446936575||1158724476||ru||
1449525248||1449590783||1130558940||ru||
1450090496||1450098687||1139983540||ru||
1450098688||1450100735||1161150770||ru||
1450115072||1450123263||1129605778||ru||
1466402816||1466404863||1145418186||ru||
1466404864||1466408959||1139120906||ru||
1466411008||1466412031||1157514051||ru||
1466413824||1466414847||1144982153||ru||
1466421248||1466425343||1152243146||ru||
1466429440||1466433535||1147751104||ru||
1467285504||1467286527||1155175855||ru||
1467287552||1467289599||1137645429||ru||
1467326464||1467334655||1131860157||ru||
1467400192||1467416575||1143346216||ru||
1467473920||1467482111||1155693513||ru||
1474330624||1474363391||1126152763||ru||
1474461696||1474470655||1146193000||ru||
1474560000||1474592767||1132637164||ru||
1474662400||1474662655||1133237371||ru||
1475090944||1475091199||1129335712||ru||
1475091712||1475091967||1128568974||ru||
1475094528||1475094783||1128568880||ru||
1475131392||1475132415||1144982220||ru||
1475178496||1475179007||1137218973||ru||
1475179008||1475179519||1148439544||ru||
1475185152||1475185407||1156561242||ru||
1475346432||1475350527||1128569000||ru||
1475350528||1475354623||1155432019||ru||
1475461120||1475462655||1139462835||ru||
1475495936||1475497983||1148955403||ru||
1475608576||1475609599||1148878336||ru||
1475610624||1475612671||1140061232||ru||
1475707904||1475708159||1159242285||ru||
1475708160||1475708415||1159490108||ru||
1475709184||1475709439||1154372083||ru||
1475710080||1475710111||1131772828||ru||
1475711488||1475711743||1136870128||ru||
1475711744||1475711999||1137468900||ru||
1475712768||1475713023||1141101062||ru||
1475713024||1475713279||1140239697||ru||
1475936256||1475944447||1143692427||ru||
1475944448||1475952639||1138855927||ru||
1475993856||1475997695||1154486440||ru||
1476001792||1476009983||1132893469||ru||
1476050944||1476059135||1141804516||ru||
1476091904||1476092415||1138855905||ru||
1476092416||1476092927||1146193121||ru||
1476100096||1476102143||1130815800||ru||
1476102144||1476103167||1130558979||ru||
1476109568||1476109823||1157952592||ru||
1476251136||1476251391||1153981424||ru||
1476253184||1476254719||1150864095||ru||
1476254720||1476255743||1150081024||ru||
1476329472||1476329983||1151208932||ru||
1476330496||1476331519||1152395583||ru||
1481646080||1481648127||1134805962||ru||
1481785344||1481785855||1153360529||ru||
1481786880||1481787391||1146796854||ru||
1481788416||1481788671||1146541710||ru||
1481811968||1481814015||1153258146||ru||
1481883648||1481884159||1137805396||ru||
1481884416||1481884671||1159490195||ru||
1486061568||1486073855||1137805458||ru||
1489534976||1489567743||1142058198||ru||
1489600512||1489604607||1138079556||ru||
1489889280||1489895423||1142836545||ru||
1490340096||1490340351||1155871523||ru||
1490520576||1490520831||1158726469||ru||
1490521856||1490522111||1157248682||ru||
1490524672||1490525183||1157338721||ru||
1490526720||1490527231||1160890596||ru||
1500012544||1500012799||1156644243||ru||
1500127232||1500135423||1151597850||ru||
1500266496||1500268543||1156302097||ru||
1500315648||1500332031||1147147145||ru||
1500348416||1500364799||1147147208||ru||
1500364800||1500369919||1147147252||ru||
1500369920||1500375807||1147147271||ru||
1500375808||1500381183||1147147354||ru||
1500381184||1500389375||1152065725||ru||
1500393472||1500395519||1158892248||ru||
1500594176||1500594431||1155348014||ru||
1503854592||1503887359||1157952699||ru||
1504247808||1504313343||1148707549||ru||
1504837632||1504968703||1152243315||ru||
1505233920||1505234175||1153456935||ru||
1506803712||1506869247||1156302206||ru||
1508392960||1508409343||1150335262||ru||
1508425728||1508433919||1151034591||ru||
1509469952||1509470207||1154830710||ru||
1509470208||1509471231||1154830680||ru||
2429419520||2429485055||1109653200||ru||
2449014784||2449080319||1109653200||ru||
2469199872||2469265407||1109653200||ru||
2646212608||2646278143||1109653200||ru||
2667184128||2667249663||1109653200||ru||
2673672192||2673737727||1109653200||ru||
2701656064||2701721599||1109653200||ru||
3226864384||3226864639||1109653200||ru||
3227236864||3227237119||1109653200||ru||
3227442432||3227442687||1109653200||ru||
3227845632||3227845887||1109653200||ru||
3227968768||3227969023||1109653200||ru||
3229395456||3229408255||1109653200||ru||
3230153984||3230154239||1109653200||ru||
3230967296||3230967551||1109653200||ru||
3231108352||3231108607||1109653200||ru||
3231296256||3231296511||1109653200||ru||
3231770880||3231771135||1109653200||ru||
3233575936||3233576191||1109653200||ru||
3233594112||3233594367||1109653200||ru||
3233594624||3233594879||1109653200||ru||
3234007040||3234007295||1109653200||ru||
3234549760||3234550015||1109653200||ru||
3238502400||3238504447||1109653200||ru||
3238632960||3238633215||1109653200||ru||
3239078400||3239078655||1109653200||ru||
3239091200||3239091455||1109653200||ru||
3239104512||3239105279||1109653200||ru||
3239130112||3239130367||1109653200||ru||
3239160320||3239160575||1109653200||ru||
3239264768||3239266303||1109653200||ru||
3239268864||3239269375||1109653200||ru||
3239273984||3239274495||1109653200||ru||
3239280128||3239280639||1109653200||ru||
3239446016||3239446271||1109653200||ru||
3239467008||3239467263||1109653200||ru||
3239489024||3239489279||1109653200||ru||
3239506432||3239506687||1109653200||ru||
3239634944||3239635967||1109653200||ru||
3239643136||3239645183||1109653200||ru||
3239689728||3239690239||1109653200||ru||
3239697664||3239697919||1109653200||ru||
3239706624||3239706879||1109653200||ru||
3239707136||3239707391||1109653200||ru||
3239710720||3239710975||1109653200||ru||
3239741184||3239741439||1109653200||ru||
3239759872||3239760127||1109653200||ru||
3239760896||3239761151||1109653200||ru||
3239782656||3239782911||1109653200||ru||
3239789056||3239789567||1109653200||ru||
3239826944||3239827455||1109653200||ru||
3239828992||3239830015||1109653200||ru||
3239831040||3239831551||1109653200||ru||
3239832576||3239834111||1109653200||ru||
3239835136||3239836159||1109653200||ru||
3239848960||3239849215||1109653200||ru||
3239849472||3239849727||1109653200||ru||
3239886336||3239886591||1109653200||ru||
3239897600||3239897855||1109653200||ru||
3239902464||3239902719||1109653200||ru||
3239978752||3239979007||1109653200||ru||
3240029184||3240030207||1109653200||ru||
3240032256||3240033279||1109653200||ru||
3240034304||3240034559||1109653200||ru||
3240711680||3240711935||1109653200||ru||
3240725504||3240726527||1109653200||ru||
3240747520||3240747775||1109653200||ru||
3240820800||3240820831||1109653200||ru||
3240853248||3240853503||1109653200||ru||
3240867328||3240867583||1109653200||ru||
3245127168||3245127423||1109653200||ru||
3245133568||3245133823||1109653200||ru||
3245139456||3245139967||1109653200||ru||
3245149184||3245150207||1109653200||ru||
3245164032||3245164543||1109653200||ru||
3245165568||3245166079||1109653200||ru||
3245168896||3245169151||1109653200||ru||
3245175296||3245175551||1109653200||ru||
3245211648||3245212159||1109653200||ru||
3245212672||3245213183||1109653200||ru||
3245277696||3245278207||1109653200||ru||
3245300480||3245300991||1109653200||ru||
3245306880||3245307391||1109653200||ru||
3245322240||3245323263||1109653200||ru||
3245341696||3245342719||1109653200||ru||
3246129152||3246143743||1109653200||ru||
3246144000||3246144255||1109653200||ru||
3246145024||3246147839||1109653200||ru||
3246148096||3246148607||1109653200||ru||
3246149632||3246158591||1109653200||ru||
3246158848||3246214655||1109653200||ru||
3246215168||3246260223||1109653200||ru||
3247064576||3247064831||1109653200||ru||
3247067648||3247067903||1109653200||ru||
3247069440||3247069695||1109653200||ru||
3247079424||3247080447||1109653200||ru||
3247085568||3247086591||1109653200||ru||
3247091712||3247092735||1109653200||ru||
3247106048||3247107071||1109653200||ru||
3247833088||3247865855||1109653200||ru||
3247898624||3247899647||1109653200||ru||
3247926272||3247927295||1109653200||ru||
3247963136||3247964159||1129054833||ru||
3248233216||3248233471||1109653200||ru||
3249702656||3249702911||1109653200||ru||
3249708544||3249709055||1109653200||ru||
3250357824||3250357887||1109653200||ru||
3250618368||3250626559||1109653200||ru||
3250755840||3250756351||1109653200||ru||
3251183104||3251183615||1109653200||ru||
3251197952||3251198975||1109653200||ru||
3251205632||3251206143||1109653200||ru||
3251207680||3251208191||1109653200||ru||
3251214336||3251214463||1109653200||ru||
3251233792||3251234815||1109653200||ru||
3253207040||3253223679||1109653200||ru||
3253223936||3253230591||1109653200||ru||
3253231104||3253247999||1109653200||ru||
3253248512||3253264383||1109653200||ru||
3253264896||3253265407||1109653200||ru||
3253265920||3253270527||1109653200||ru||
3253271552||3253338111||1109653200||ru||
3253609472||3253610495||1109653200||ru||
3253612544||3253613567||1109653200||ru||
3253633024||3253634047||1138684515||ru||
3253634048||3253635071||1123741411||ru||
3253687296||3253688319||1137563535||ru||
3253893888||3253894143||1109653200||ru||
3253894912||3253895167||1109653200||ru||
3253963264||3253963775||1109653200||ru||
3254701056||3254701567||1109653200||ru||
3254702080||3254702591||1109653200||ru||
3254711808||3254712319||1161312085||ru||
3254712320||3254712831||1109653200||ru||
3255307776||3255308287||1109653200||ru||
3255318272||3255318527||1109653200||ru||
3255345152||3255353343||1109653200||ru||
3256414208||3256414719||1109653200||ru||
3257561088||3257561599||1109653200||ru||
3258352640||3258353663||1109653200||ru||
3258356736||3258357759||1109653200||ru||
3258359808||3258360831||1109653200||ru||
3258363904||3258364927||1109653200||ru||
3258580992||3258601983||1109653200||ru||
3258602496||3258625791||1109653200||ru||
3258626048||3258646527||1109653200||ru||
3258945536||3258946559||1109653200||ru||
3259170816||3259178495||1109653200||ru||
3259178752||3259194111||1109653200||ru||
3259194368||3259219967||1109653200||ru||
3259220480||3259223295||1109653200||ru||
3259227136||3259227391||1109653200||ru||
3259228160||3259236351||1109653200||ru||
3260284928||3260288767||1109653200||ru||
3260289024||3260303871||1109653200||ru||
3260304128||3260322047||1109653200||ru||
3260322304||3260326655||1109653200||ru||
3260326912||3260339071||1109653200||ru||
3260339136||3260341503||1109653200||ru||
3260341632||3260353535||1109653200||ru||
3260353792||3260354559||1109653200||ru||
3260355840||3260415487||1109653200||ru||
3260481536||3260510207||1109653200||ru||
3260511232||3260547071||1109653200||ru||
3260549888||3260550143||1109653200||ru||
3260550656||3260550911||1109653200||ru||
3261710336||3261718527||1109653200||ru||
3261776384||3261776895||1109653200||ru||
3261778432||3261778943||1109653200||ru||
3262108672||3262108927||1109653200||ru||
3262115072||3262115327||1109653200||ru||
3262283776||3262284799||1109653200||ru||
3262429184||3262429695||1109653200||ru||
3262464000||3262472191||1109653200||ru||
3262478564||3262478564||1109653200||ru||
3263032320||3263033343||1109653200||ru||
3263083520||3263084543||1120336107||ru||
3263089408||3263089663||1109653200||ru||
3263091456||3263091711||1109653200||ru||
3263093504||3263093759||1109653200||ru||
3263513856||3263514111||1109653200||ru||
3263627264||3263657471||1109653200||ru||
3263657728||3263684351||1109653200||ru||
3263684608||3263688959||1109653200||ru||
3263689216||3263689471||1109653200||ru||
3263689728||3263689983||1109653200||ru||
3263690240||3263691007||1109653200||ru||
3263691264||3263691775||1109653200||ru||
3263692032||3263692287||1109653200||ru||
3263766976||3263767039||1109653200||ru||
3264323072||3264323327||1109653200||ru||
3264325632||3264326655||1109653200||ru||
3264342784||3264343039||1109653200||ru||
3264377088||3264377343||1109653200||ru||
3264377600||3264378111||1109653200||ru||
3264378624||3264378879||1109653200||ru||
3264379392||3264379647||1109653200||ru||
3264409600||3264410623||1109653200||ru||
3264561152||3264562559||1109653200||ru||
3264562944||3264563183||1109653200||ru||
3264567808||3264568319||1109653200||ru||
3264568576||3264568831||1109653200||ru||
3264569088||3264569343||1109653200||ru||
3264602112||3264603135||1109653200||ru||
3264604672||3264605183||1109653200||ru||
3264632832||3264633855||1109653200||ru||
3264642048||3264651263||1109653200||ru||
3264652288||3264652799||1109653200||ru||
3264662016||3264662527||1109653200||ru||
3264670208||3264670719||1109653200||ru||
3264888832||3264896255||1109653200||ru||
3264896512||3264897023||1109653200||ru||
3266969600||3266971391||1109653200||ru||
3266971648||3266972159||1109653200||ru||
3266972416||3266973439||1109653200||ru||
3266973696||3266994687||1109653200||ru||
3266995200||3266995455||1109653200||ru||
3266995712||3266999295||1109653200||ru||
3267000320||3267008255||1109653200||ru||
3267008512||3267008767||1109653200||ru||
3267009024||3267009279||1109653200||ru||
3267009536||3267023103||1109653200||ru||
3267023360||3267028991||1109653200||ru||
3267030784||3267031551||1109653200||ru||
3267031808||3267032575||1109653200||ru||
3267032832||3267035135||1109653200||ru||
3267231744||3267235327||1109653200||ru||
3267235584||3267240959||1109653200||ru||
3267241216||3267297279||1109653200||ru||
3267626752||3267627007||1109653200||ru||
3267643392||3267643439||1109653200||ru||
3267643456||3267643647||1109653200||ru||
3267649024||3267649279||1109653200||ru||
3268932352||3268932607||1109653200||ru||
3269197824||3269199615||1109653200||ru||
3269199872||3269200639||1109653200||ru||
3269200896||3269202175||1109653200||ru||
3269202432||3269212671||1109653200||ru||
3269213184||3269231871||1109653200||ru||
3269232128||3269233407||1109653200||ru||
3269233664||3269239039||1109653200||ru||
3269239296||3269241855||1109653200||ru||
3269242112||3269263359||1109653200||ru||
3269591040||3269621759||1109653200||ru||
3269623552||3269623807||1109653200||ru||
3269625856||3269626367||1109653200||ru||
3269627904||3269656575||1109653200||ru||
3270648064||3270648319||1109653200||ru||
3270670336||3270672383||1109653200||ru||
3270930432||3270930943||1109653200||ru||
3271000064||3271008255||1109653200||ru||
3271280352||3271280383||1109653200||ru||
3271704576||3271712767||1109653200||ru||
3271917568||3271925759||1109653200||ru||
3272056832||3272065023||1109653200||ru||
3272107520||3272107775||1109653200||ru||
3272146944||3272159999||1109653200||ru||
3272160256||3272161023||1109653200||ru||
3272161280||3272169215||1109653200||ru||
3272169472||3272178559||1109653200||ru||
3272178624||3272195839||1109653200||ru||
3272196096||3272199423||1109653200||ru||
3272199552||3272210175||1109653200||ru||
3272210432||3272212479||1109653200||ru||
3272213840||3272213855||1109653200||ru||
3272218624||3272218639||1109653200||ru||
3272228480||3272228607||1109653200||ru||
3272351744||3272368127||1109653200||ru||
3272482816||3272491007||1109653200||ru||
3272613888||3272622079||1109653200||ru||
3272624128||3272624383||1128740994||ru||
3272630272||3272638463||1109653200||ru||
3272733984||3272733991||1109653200||ru||
3272744960||3272753151||1109653200||ru||
3272802304||3272867839||1109653200||ru||
3273146368||3273148415||1109653200||ru||
3273187328||3273195519||1109653200||ru||
3273262592||3273263103||1109653200||ru||
3273268736||3273269247||1109653200||ru||
3273302016||3273310207||1109653200||ru||
3273339952||3273339967||1109653200||ru||
3273400320||3273408511||1109653200||ru||
3273785344||3273801727||1109653200||ru||
3273842688||3273850879||1109653200||ru||
3273868288||3273869311||1109653200||ru||
3273880576||3273881087||1109653200||ru||
3274053376||3274053631||1109653200||ru||
3274055680||3274063871||1109653200||ru||
3274165760||3274166271||1109653200||ru||
3274171392||3274171903||1109653200||ru||
3274318032||3274318047||1109653200||ru||
3274326016||3274358783||1109653200||ru||
3274579968||3274580991||1109653200||ru||
3274596352||3274604543||1109653200||ru||
3274612736||3274620927||1109653200||ru||
3274686464||3274686719||1109653200||ru||
3274687488||3274687743||1109653200||ru||
3274811392||3274812415||1109653200||ru||
3274815488||3274816511||1109653200||ru||
3274817536||3274819583||1109653200||ru||
3274827776||3274829823||1109653200||ru||
3274928512||3274928575||1109653200||ru||
3275096064||3275104255||1109653200||ru||
3275145216||3275153407||1109653200||ru||
3275358208||3275371775||1109653200||ru||
3275372032||3275374591||1109653200||ru||
3275620352||3275622399||1109653200||ru||
3275800576||3275808767||1109653200||ru||
3276046336||3276062719||1109653200||ru||
3276075008||3276075519||1109653200||ru||
3276078080||3276078591||1109653200||ru||
3276095488||3276096511||1109653200||ru||
3276104704||3276105727||1109653200||ru||
3276116992||3276118015||1109653200||ru||
3276119040||3276120063||1109653200||ru||
3276134400||3276135423||1109653200||ru||
3276193792||3276201983||1109653200||ru||
3276333056||3276341247||1109653200||ru||
3276480512||3276480767||1109653200||ru||
3276481024||3276481535||1109653200||ru||
3276535040||3276535063||1109653200||ru||
3276535072||3276535103||1109653200||ru||
3276737632||3276737791||1109653200||ru||
3276742656||3276742735||1109653200||ru||
3276755792||3276755807||1109653200||ru||
3277182208||3277182463||1109653200||ru||
3277186816||3277187071||1109653200||ru||
3277187584||3277188351||1109653200||ru||
3277188608||3277188863||1109653200||ru||
3277488128||3277504511||1109653200||ru||
3277553664||3277586431||1109653200||ru||
3277774848||3277783039||1109653200||ru||
3277834240||3277834751||1109653200||ru||
3277837312||3277838847||1109653200||ru||
3277847552||3277848063||1109653200||ru||
3277864960||3277873151||1109653200||ru||
3277889536||3277897727||1109653200||ru||
3277987840||3278004223||1109653200||ru||
3278020608||3278028799||1109653200||ru||
3278921728||3278929919||1109653200||ru||
3278939012||3278939015||1109653200||ru||
3278939736||3278939739||1109653200||ru||
3278942826||3278942826||1109653200||ru||
3278944226||3278944226||1109653200||ru||
3278945808||3278945808||1109653200||ru||
3278954496||3278962687||1109653200||ru||
3279609856||3279618047||1109653200||ru||
3279958016||3279972351||1109653200||ru||
3279976448||3279986687||1109653200||ru||
3279987200||3279987711||1109653200||ru||
3279988224||3279988735||1109653200||ru||
3280008192||3280009215||1109653200||ru||
3280142336||3280207871||1109653200||ru||
3280273408||3280338943||1109653200||ru||
3280456704||3280457727||1109653200||ru||
3280458752||3280459775||1109653200||ru||
3280463872||3280464895||1109653200||ru||
3280465920||3280466943||1109653200||ru||
3280586752||3280587263||1109653200||ru||
3280764928||3280765951||1109653200||ru||
3280778240||3280779263||1109653200||ru||
3281043456||3281059839||1109653200||ru||
3281141760||3281147775||1109653200||ru||
3281147784||3281149951||1109653200||ru||
3281344256||3281344511||1109653200||ru||
3281344768||3281345023||1109653200||ru||
3281345792||3281346047||1109653200||ru||
3281348608||3281349119||1109653200||ru||
3281350144||3281350655||1109653200||ru||
3281373184||3281375231||1109653200||ru||
3281453056||3281466367||1109653200||ru||
3281466624||3281466879||1109653200||ru||
3281467136||3281470975||1109653200||ru||
3281471232||3281477119||1109653200||ru||
3281477376||3281480959||1109653200||ru||
3281481216||3281518591||1109653200||ru||
3282105344||3282106367||1109653200||ru||
3282108416||3282149455||1109653200||ru||
3282149472||3282173951||1109653200||ru||
3282182144||3282190335||1109653200||ru||
3282416384||3282416511||1109653200||ru||
3282477056||3282485247||1109653200||ru||
3282706432||3282714623||1109653200||ru||
3282747392||3282763775||1109653200||ru||
3283183616||3283184639||1109653200||ru||
3283187712||3283188735||1109653200||ru||
3283209216||3283209727||1109653200||ru||
3283212288||3283212799||1109653200||ru||
3283214848||3283215359||1109653200||ru||
3283247104||3283255295||1109653200||ru||
3283271680||3283279871||1109653200||ru||
3283517440||3283525631||1109653200||ru||
3283554256||3283554271||1109653200||ru||
3283558400||3283558431||1109653200||ru||
3283558464||3283558535||1109653200||ru||
3283650944||3283650959||1109653200||ru||
3284033536||3284041727||1109653200||ru||
3284713472||3284721663||1109653200||ru||
3284729856||3284795391||1109653200||ru||
3285065728||3285073919||1109653200||ru||
3285088256||3285089279||1109653200||ru||
3285190656||3285265999||1109653200||ru||
3285266008||3285319679||1109653200||ru||
3285352448||3285368831||1109653200||ru||
3285490176||3285490431||1109653200||ru||
3285490496||3285490511||1109653200||ru||
3285490536||3285490687||1109653200||ru||
3285490944||3285491007||1109653200||ru||
3285491072||3285491199||1109653200||ru||
3285491456||3285491711||1109653200||ru||
3285508608||3285508671||1109653200||ru||
3285508736||3285508863||1109653200||ru||
3285532712||3285532719||1109653200||ru||
3285537536||3285537599||1109653200||ru||
3285547136||3285547167||1109653200||ru||
3285551808||3285551839||1109653200||ru||
3285566208||3285566495||1109653200||ru||
3285574144||3285574399||1109653200||ru||
3285630976||3285633023||1109653200||ru||
3285641216||3285643263||1109653200||ru||
3285876736||3285889791||1109653200||ru||
3285890048||3285909503||1109653200||ru||
3286138880||3286155263||1109653200||ru||
3286335488||3286336511||1109653200||ru||
3286343680||3286344703||1109653200||ru||
3286362112||3286363135||1109653200||ru||
3286646784||3286654975||1109653200||ru||
3286922240||3286923263||1109653200||ru||
3286930176||3286930431||1109653200||ru||
3286936064||3286936319||1109653200||ru||
3286941184||3286941439||1109653200||ru||
3286945792||3286946815||1109653200||ru||
3287220224||3287223807||1109653200||ru||
3287224320||3287252735||1109653200||ru||
3287252992||3287259375||1109653200||ru||
3287259384||3287266303||1109653200||ru||
3287266320||3287266335||1109653200||ru||
3287266360||3287266367||1109653200||ru||
3287266432||3287266559||1109653200||ru||
3287266896||3287267023||1109653200||ru||
3287267040||3287267159||1109653200||ru||
3287267168||3287267183||1109653200||ru||
3287267202||3287267215||1109653200||ru||
3287267232||3287269375||1109653200||ru||
3287270672||3287270687||1109653200||ru||
3287270696||3287270719||1109653200||ru||
3287270728||3287270735||1109653200||ru||
3287270768||3287270975||1109653200||ru||
3287271008||3287271103||1109653200||ru||
3287271128||3287271135||1109653200||ru||
3287271144||3287271151||1109653200||ru||
3287271424||3287277311||1109653200||ru||
3287277568||3287285759||1109653200||ru||
3287416832||3287425023||1109653200||ru||
3287632896||3287633407||1109653200||ru||
3287639552||3287640063||1109653200||ru||
3287666176||3287666431||1109653200||ru||
3287667456||3287667711||1109653200||ru||
3287672832||3287673087||1109653200||ru||
3287676416||3287676671||1109653200||ru||
3287677184||3287677439||1109653200||ru||
3288401152||3288401407||1109653200||ru||
3509534784||3509534815||1109653200||ru||
3509536272||3509536287||1109653200||ru||
3509536432||3509536463||1109653200||ru||
3509536480||3509536495||1109653200||ru||
3556786176||3556794367||1109653200||ru||
3556892672||3556900863||1109653200||ru||
3557064704||3557072895||1109653200||ru||
3557113856||3557130239||1109653200||ru||
3557138432||3557146623||1109653200||ru||
3557154816||3557171199||1109653200||ru||
3557285888||3557294079||1109653200||ru||
3557351424||3557359615||1109653200||ru||
3557523456||3557531647||1109653200||ru||
3557539840||3557548031||1109653200||ru||
3557556224||3557564415||1109653200||ru||
3557572608||3557580799||1109653200||ru||
3557646336||3557654527||1109653200||ru||
3557728256||3557744639||1109653200||ru||
3557777408||3557785599||1109653200||ru||
3557818368||3557826559||1109653200||ru||
3557867520||3557875711||1109653200||ru||
3557883904||3557892095||1109653200||ru||
3558014976||3558023167||1109653200||ru||
3558080512||3558096895||1109653200||ru||
3558227968||3558236159||1109653200||ru||
3558293504||3558301695||1109653200||ru||
3558350848||3558359039||1109653200||ru||
3558531072||3558547455||1109653200||ru||
3558621184||3558629375||1109653200||ru||
3558768640||3558785023||1109653200||ru||
3558916096||3558924287||1109653200||ru||
3558989824||3558998015||1109653200||ru||
3559006208||3559014399||1109653200||ru||
3559284736||3559284895||1109653200||ru||
3559284912||3559288175||1109653200||ru||
3559288208||3559288831||1109653200||ru||
3559290880||3559291391||1109653200||ru||
3559291648||3559292927||1109653200||ru||
3559440384||3559448575||1109653200||ru||
3559456768||3559464959||1109653200||ru||
3559530496||3559538687||1109653200||ru||
3559669760||3559676927||1109653200||ru||
3559686144||3559694335||1109653200||ru||
3559702656||3559702719||1109653200||ru||
3559718912||3559727103||1109653200||ru||
3559784448||3559792639||1109653200||ru||
3559833600||3559849983||1109653200||ru||
3559899912||3559899951||1109653200||ru||
3559923712||3559931903||1109653200||ru||
3559948288||3559956479||1109653200||ru||
3559964672||3559972863||1109653200||ru||
3560005632||3560013823||1109653200||ru||
3560251392||3560252519||1109653200||ru||
3560252528||3560259583||1109653200||ru||
3560529920||3560554495||1109653200||ru||
3560620032||3560628223||1109653200||ru||
3560942460||3560942463||1109653200||ru||
3560943131||3560943131||1109653200||ru||
3560943296||3560943296||1109653200||ru||
3560943326||3560943326||1109653200||ru||
3561046016||3561054207||1109653200||ru||
3561160704||3561168895||1109653200||ru||
3561316352||3561324543||1109653200||ru||
3561578496||3561586687||1109653200||ru||
3561676800||3561679359||1109653200||ru||
3561679616||3561684991||1109653200||ru||
3561791488||3561799679||1109653200||ru||
3562209280||3562217471||1109653200||ru||
3562782720||3562790911||1109653200||ru||
3562823680||3562848255||1109653200||ru||
3562954752||3562962943||1109653200||ru||
3563085824||3563094015||1109653200||ru||
3563110400||3563118591||1109653200||ru||
3563356160||3563357055||1109653200||ru||
3563357064||3563364351||1109653200||ru||
3563446272||3563454463||1109653200||ru||
3563831296||3563839487||1109653200||ru||
3563872256||3563880447||1109653200||ru||
3563962368||3563970559||1109653200||ru||
3564036352||3564036863||1109653200||ru||
3564038656||3564039167||1109653200||ru||
3564041216||3564042239||1109653200||ru||
3564042752||3564043007||1109653200||ru||
3564060672||3564068863||1109653200||ru||
3564199936||3564208127||1109653200||ru||
3564241408||3564249087||1109653200||ru||
3564511232||3564519423||1109653200||ru||
3564576768||3564584959||1109653200||ru||
3564593152||3564601343||1109653200||ru||
3564609536||3564634111||1109653200||ru||
3564675072||3564683263||1109653200||ru||
3564765184||3564773375||1109653200||ru||
3565248512||3565256703||1109653200||ru||
3566739456||3566747647||1109653200||ru||
3567165440||3567169535||1109653200||ru||
3567517696||3567583231||1109653200||ru||
3568304128||3568309759||1109653200||ru||
3568309920||3568309951||1109653200||ru||
3568310016||3568369663||1109653200||ru||
3569090560||3569123327||1109653200||ru||
3569352704||3569356543||1109653200||ru||
3569356552||3569483775||1109653200||ru||
3570756192||3570756223||1109653200||ru||
3570760544||3570760575||1109653200||ru||
3571187712||3571253247||1109653200||ru||
3572056064||3572072447||1109653200||ru||
3573022720||3573055487||1109653200||ru||
3575119872||3575185407||1109653200||ru||
3575316480||3575349247||1109653200||ru||
3575412992||3575413119||1109653200||ru||
3575587296||3575587311||1109653200||ru||
3575635456||3575635463||1109653200||ru||
3575636824||3575636831||1109653200||ru||
3575638280||3575638287||1109653200||ru||
3575742464||3575775231||1109653200||ru||
3577413632||3577452415||1109653200||ru||
3577452544||3577479167||1109653200||ru||
3578822656||3578855423||1109653200||ru||
3579117568||3579132159||1109653200||ru||
3579132416||3579183103||1109653200||ru||
3579248640||3579314175||1109653200||ru||
3581984768||3581992959||1109653200||ru||
3582025728||3582033919||1109653200||ru||
3582132224||3582140415||1109653200||ru||
3582214144||3582222335||1109653200||ru||
3582377984||3582386175||1109653200||ru||
3582410752||3582435327||1109653200||ru||
3582582784||3582590975||1109653200||ru||
3582607360||3582615551||1109653200||ru||
3582640128||3582648319||1109653200||ru||
3582746624||3582754815||1109653200||ru||
3582779392||3582787583||1109653200||ru||
3582820352||3582828543||1109653200||ru||
3582836736||3582853119||1109653200||ru||
3582902272||3582910463||1109653200||ru||
3583057920||3583066111||1109653200||ru||
3583188992||3583197183||1109653200||ru||
3583213568||3583221759||1109653200||ru||
3583246336||3583254527||1109653200||ru||
3583287296||3583295487||1109653200||ru||
3583393792||3583401983||1109653200||ru||
3583541248||3583549439||1109653200||ru||
3583680512||3583688703||1109653200||ru||
3583803392||3583806719||1109653200||ru||
3583806976||3583811583||1109653200||ru||
3583819776||3583827967||1109653200||ru||
3583901696||3583909887||1109653200||ru||
3583983616||3583999999||1109653200||ru||
3584409600||3584417791||1109653200||ru||
3584499712||3584507903||1109653200||ru||
3584589824||3584598015||1109653200||ru||
3584704512||3584720895||1109653200||ru||
3584759424||3584759427||1109653200||ru||
3584760520||3584760527||1109653200||ru||
3584761856||3584770047||1109653200||ru||
3584819200||3584827391||1109653200||ru||
3585171456||3585179647||1109653200||ru||
3585392640||3585400831||1109653200||ru||
3585409024||3585417215||1109653200||ru||
3585515520||3585523711||1109653200||ru||
3585564672||3585572863||1109653200||ru||
3585597440||3585605631||1109653200||ru||
3585622016||3585630207||1109653200||ru||
3585638400||3585646591||1109653200||ru||
3585826816||3585835007||1109653200||ru||
3585982464||3585998847||1109653200||ru||
3586056192||3586064383||1109653200||ru||
3587187456||3587187711||1109653200||ru||
3587187968||3587188223||1109653200||ru||
3587189504||3587189759||1109653200||ru||
3587194368||3587194511||1109653200||ru||
3587194624||3587194879||1109653200||ru||
3587219456||3587227647||1109653200||ru||
3587325952||3587342335||1109653200||ru||
3587948544||3587964927||1109653200||ru||
3588030464||3588038655||1109653200||ru||
3588038784||3588046847||1109653200||ru||
3588505600||3588521983||1109653200||ru||
3588800512||3588816895||1109653200||ru||
3588931584||3588947967||1109653200||ru||
3589406720||3589423103||1109653200||ru||
3589455872||3589472255||1109653200||ru||
3589488640||3589505023||1109653200||ru||
3589767168||3589816319||1109653200||ru||
3590045696||3590053887||1109653200||ru||
3590057984||3590062079||1109653200||ru||
3590078464||3590094847||1109653200||ru||
3590112000||3590112255||1109653200||ru||
3641200640||3641204735||1109653200||ru||
3641237504||3641241599||1109653200||ru||
3641266176||3641270271||1109653200||ru||
3641282560||3641286655||1109653200||ru||
3641319424||3641323519||1109653200||ru||
3641466880||3641470975||1109653200||ru||
3641493504||3641494015||1109653200||ru||
3641503744||3641507839||1109653200||ru||
3641561088||3641565183||1109653200||ru||
3641577472||3641581567||1109653200||ru||
3641585664||3641589759||1109653200||ru||
3641622528||3641626623||1109653200||ru||
3641634816||3641638911||1109653200||ru||
3641643008||3641647103||1109653200||ru||
3641651200||3641655295||1109653200||ru||
3641671680||3641679871||1109653200||ru||
3641708544||3641712639||1109653200||ru||
3641749504||3641753599||1109653200||ru||
3641810944||3641819135||1109653200||ru||
3641847808||3641851903||1109653200||ru||
3641868288||3641876479||1109653200||ru||
3641929728||3641933823||1109653200||ru||
3641987072||3641991167||1109653200||ru||
3642019840||3642023935||1109653200||ru||
3642036224||3642040319||1109653200||ru||
3642056704||3642060799||1109653200||ru||
3642085376||3642089471||1109653200||ru||
3642138624||3642142719||1109653200||ru||
3642167296||3642171391||1109653200||ru||
3642179584||3642187775||1109653200||ru||
3642195968||3642204159||1109653200||ru||
3642208256||3642212351||1109653200||ru||
3642257408||3642261503||1109653200||ru||
3642273792||3642277887||1109653200||ru||
3642314752||3642318847||1109653200||ru||
3642331136||3642335231||1109653200||ru||
3642359808||3642367999||1109653200||ru||
3642404864||3642408959||1109653200||ru||
3642435584||3642436607||1109653200||ru||
3642439424||3642439439||1109653200||ru||
3642439456||3642439459||1109653200||ru||
3642439464||3642439471||1109653200||ru||
3642440448||3642440451||1109653200||ru||
3642511360||3642515455||1109653200||ru||
3642544128||3642548223||1109653200||ru||
3642553376||3642553391||1109653200||ru||
3642553408||3642553463||1109653200||ru||
3642553856||3642554367||1109653200||ru||
3642576896||3642580991||1109653200||ru||
3642585088||3642586111||1109653200||ru||
3642601472||3642605567||1109653200||ru||
3642683392||3642687487||1109653200||ru||
3644936192||3644940287||1109653200||ru||
3644968960||3644973055||1109653200||ru||
3644985344||3644989439||1109653200||ru||
3644997632||3645005823||1109653200||ru||
3645018112||3645022207||1109653200||ru||
3645046784||3645050879||1109653200||ru||
3645075456||3645079551||1109653200||ru||
3645083648||3645087743||1109653200||ru||
3645091840||3645095935||1109653200||ru||
3645206528||3645210623||1109653200||ru||
3645227008||3645235199||1109653200||ru||
3645247488||3645251583||1109653200||ru||
3645267968||3645276159||1109653200||ru||
3645341696||3645345791||1109653200||ru||
3645374464||3645378559||1109653200||ru||
3645411328||3645415423||1109653200||ru||
3645468672||3645472767||1109653200||ru||
3645489152||3645493247||1109653200||ru||
3645501440||3645505535||1109653200||ru||
3645513728||3645517823||1109653200||ru||
3645534208||3645544959||1109653200||ru||
3645544992||3645545087||1109653200||ru||
3645545216||3645550591||1109653200||ru||
3645566976||3645571071||1109653200||ru||
3645644800||3645648895||1109653200||ru||
3645681664||3645685759||1109653200||ru||
3645726720||3645734911||1109653200||ru||
3645764331||3645764331||1109653200||ru||
3645764357||3645764357||1109653200||ru||
3645812736||3645816831||1109653200||ru||
3645837312||3645841407||1109653200||ru||
3645845504||3645849599||1109653200||ru||
3647602688||3647658751||1109653200||ru||
3647659008||3647665151||1109653200||ru||
3647665408||3647722751||1109653200||ru||
3647722880||3647733759||1109653200||ru||
3648000000||3648004095||1109653200||ru||
3648005632||3648008191||1109653200||ru||
3648090112||3648094207||1109653200||ru||
3648126976||3648139263||1109653200||ru||
3648163840||3648167935||1109653200||ru||
3648172032||3648176127||1109653200||ru||
3648184320||3648192511||1109653200||ru||
3648212992||3648217087||1109653200||ru||
3648237568||3648241663||1109653200||ru||
3648270336||3648274431||1109653200||ru||
3648290816||3648299007||1109653200||ru||
3648344064||3648348159||1109653200||ru||
3648352256||3648356351||1109653200||ru||
3648368640||3648372735||1109653200||ru||
3648405504||3648413695||1109653200||ru||
3648434176||3648438271||1109653200||ru||
3648458752||3648462847||1109653200||ru||
3648475136||3648479231||1109653200||ru||
3650117632||3650121727||1109653200||ru||
3650138112||3650142207||1109653200||ru||
3650195456||3650199551||1109653200||ru||
3650232320||3650236415||1109653200||ru||
3650273280||3650277375||1109653200||ru||
3650289664||3650297855||1109653200||ru||
3650301952||3650306047||1109653200||ru||
3650367488||3650371583||1109653200||ru||
3650404352||3650416639||1109653200||ru||
3650424832||3650428927||1109653200||ru||
3650486272||3650502655||1109653200||ru||
3650535424||3650539519||1109653200||ru||
3650555904||3650559999||1109653200||ru||
3650568192||3650572287||1109653200||ru||
3650584576||3650588671||1109653200||ru||
3650609248||3650609255||1109653200||ru||
3650610176||3650610431||1109653200||ru||
3650610688||3650610943||1109653200||ru||
3651682304||3651686399||1109653200||ru||
3651727360||3651731455||1109653200||ru||
3651751936||3651756031||1109653200||ru||
3651813376||3651816703||1109653200||ru||
3651816960||3651821567||1109653200||ru||
3651825664||3651829759||1109653200||ru||
3651850240||3651854335||1109653200||ru||
3651862528||3651866623||1109653200||ru||
3651878912||3651883007||1109653200||ru||
3651899392||3651903487||1109653200||ru||
3651919872||3651923967||1109653200||ru||
3651932160||3651936255||1109653200||ru||
3651993600||3652001791||1109653200||ru||
3652083712||3652087807||1109653200||ru||
3652104192||3652108287||1109653200||ru||
3652128768||3652132863||1109653200||ru||
3652157440||3652165631||1109653200||ru||
3653431296||3653435391||1109653200||ru||
3653451776||3653464063||1109653200||ru||
3653488640||3653492735||1109653200||ru||
3653525504||3653533695||1109653200||ru||
3653595136||3653599231||1109653200||ru||
3653627904||3653636095||1109653200||ru||
3653652480||3653656575||1109653200||ru||
3653672960||3653681151||1109653200||ru||
3653750784||3653754879||1109653200||ru||
3653758976||3653763071||1109653200||ru||
3654613088||3654613119||1109653200||ru||
3654614528||3654615039||1109653200||ru||
