--||--||--||sa||Saudi Arabia
1040384000||1040392191||1109653200||sa||
1040392448||1040399359||1109653200||sa||
1040400128||1040400383||1109653200||sa||
1049712128||1049712383||1109653200||sa||
1049968640||1049985023||1109653200||sa||
1063749888||1063750143||1109653200||sa||
1114513408||1114515455||1109653200||sa||
1114533376||1114533887||1109653200||sa||
1118966960||1118966975||1109653200||sa||
1347047424||1347051519||1109653200||sa||
1347715456||1347715487||1109653200||sa||
1347715520||1347715527||1109653200||sa||
1357922304||1357926399||1109653200||sa||
1358684160||1358688255||1109653200||sa||
1360512820||1360512823||1109653200||sa||
1383505920||1383514111||1109653200||sa||
1385414656||1385422847||1109653200||sa||
1386676224||1386741759||1109653200||sa||
1389201152||1389201407||1109653200||sa||
1389201536||1389201791||1109653200||sa||
1389201920||1389201983||1109653200||sa||
1389202048||1389202239||1109653200||sa||
1389202368||1389202415||1109653200||sa||
1389202472||1389202579||1109653200||sa||
1389204288||1389204351||1109653200||sa||
1389207360||1389207391||1109653200||sa||
1389208320||1389208447||1109653200||sa||
1389208832||1389208847||1109653200||sa||
1389222568||1389222575||1109653200||sa||
1389222800||1389222847||1109653200||sa||
1389232064||1389232095||1109653200||sa||
1399160832||1399193599||1109653200||sa||
1403652352||1403652479||1109653200||sa||
1410785280||1410793471||1109653200||sa||
1410818048||1410826239||1109653200||sa||
1424687104||1424719871||1109653200||sa||
1425426176||1425426351||1109653200||sa||
1434550272||1434583039||1109653200||sa||
1438793728||1438810111||1109653200||sa||
1439694848||1439825919||1109653200||sa||
1441628160||1441636351||1143180761||sa||
1446182912||1446184959||1141706073||sa||
1446772736||1446776831||1118720310||sa||
1446776832||1446780927||1119852365||sa||
1446780928||1446785023||1138773423||sa||
1446785024||1446805503||1141188879||sa||
1466269696||1466302463||1152556319||sa||
1466761216||1466826751||1144023058||sa||
1481924608||1481928703||1144188212||sa||
1490359296||1490359551||1153456807||sa||
1490363392||1490363647||1156128773||sa||
1493434368||1493450751||1150335211||sa||
1493450752||1493467135||1156226370||sa||
1500250112||1500266495||1156302079||sa||
2790719488||2790785023||1109653200||sa||
2809069568||2809135103||1109653200||sa||
3190620160||3190685695||1151209043||sa||
3234587392||3234587647||1109653200||sa||
3237690624||3237691903||1109653200||sa||
3239270912||3239271423||1109653200||sa||
3239296000||3239297023||1109653200||sa||
3239508224||3239508479||1109653200||sa||
3239556096||3239556351||1109653200||sa||
3239773952||3239774207||1109653200||sa||
3239840000||3239840511||1109653200||sa||
3239861760||3239862015||1109653200||sa||
3239916032||3239916287||1109653200||sa||
3240810240||3240810495||1109653200||sa||
3240811520||3240811775||1109653200||sa||
3245201920||3245202175||1109653200||sa||
3250323712||3250324479||1109653200||sa||
3250327040||3250331647||1109653200||sa||
3250374656||3250374911||1109653200||sa||
3262475892||3262475895||1109653200||sa||
3262477412||3262477415||1109653200||sa||
3262478083||3262478083||1109653200||sa||
3262478093||3262478093||1109653200||sa||
3262478119||3262478119||1109653200||sa||
3262478150||3262478150||1109653200||sa||
3262478162||3262478162||1109653200||sa||
3262478416||3262478416||1109653200||sa||
3262478423||3262478423||1109653200||sa||
3262478635||3262478635||1109653200||sa||
3263096576||3263096831||1109653200||sa||
3264922304||3264922319||1109653200||sa||
3274629376||3274629631||1109653200||sa||
3274697216||3274697471||1109653200||sa||
3277185024||3277185279||1109653200||sa||
3278944600||3278944600||1109653200||sa||
3281338624||3281338879||1109653200||sa||
3281345280||3281345535||1109653200||sa||
3283206656||3283207167||1109653200||sa||
3285947904||3285948159||1109653200||sa||
3286337536||3286338559||1109653200||sa||
3287467008||3287468031||1109653200||sa||
3288400640||3288400895||1109653200||sa||
3288401408||3288401663||1109653200||sa||
3288416256||3288417279||1109653200||sa||
3288547840||3288548095||1109653200||sa||
3289325568||3289333759||1109653200||sa||
3322609664||3322610687||1109653200||sa||
3324256256||3324260095||1109653200||sa||
3325234176||3325234431||1109653200||sa||
3509534912||3509534975||1109653200||sa||
3556958208||3556966399||1109653200||sa||
3557531648||3557539839||1109653200||sa||
3557597184||3557605375||1109653200||sa||
3558400000||3558408191||1109653200||sa||
3558473728||3558506495||1109653200||sa||
3558973440||3558981631||1109653200||sa||
3559792640||3559800831||1109653200||sa||
3559825408||3559833599||1109653200||sa||
3560857600||3560858623||1109653200||sa||
3560944692||3560944695||1109653200||sa||
3560944880||3560944883||1109653200||sa||
3560996864||3561005055||1109653200||sa||
3561365504||3561373695||1109653200||sa||
3561431040||3561439231||1109653200||sa||
3561766912||3561775103||1109653200||sa||
3562905600||3562921983||1109653200||sa||
3563372544||3563380735||1109653200||sa||
3563454464||3563462655||1109653200||sa||
3563806720||3563814911||1109653200||sa||
3563849992||3563849999||1109653200||sa||
3564421120||3564429311||1109653200||sa||
3564527616||3564543999||1109653200||sa||
3564584960||3564593151||1109653200||sa||
3565813760||3565879295||1109653200||sa||
3567419392||3567427583||1109653200||sa||
3582509056||3582517247||1109653200||sa||
3582566480||3582566495||1109653200||sa||
3584368640||3584376831||1109653200||sa||
3584434944||3584435199||1109653200||sa||
3584458752||3584466943||1109653200||sa||
3585449984||3585458175||1109653200||sa||
3585646592||3585654783||1109653200||sa||
3587358720||3587375103||1109653200||sa||
3588620288||3588628479||1109653200||sa||
3589144576||3589152767||1109653200||sa||
3639398528||3639398591||1109653200||sa||
3641196544||3641200639||1109653200||sa||
3642029184||3642029199||1109653200||sa||
3650220032||3650224127||1109653200||sa||
3652014080||3652018175||1109653200||sa||
