--||--||--||si||Slovenia
1053345536||1053345559||1109653200||si||
1053345568||1053345575||1109653200||si||
1348460544||1348464639||1109653200||si||
1358356480||1358360575||1109653200||si||
1360125952||1360130047||1109653200||si||
1360551936||1360556031||1109653200||si||
1385496576||1385504767||1109653200||si||
1388322816||1388331007||1109653200||si||
1410654208||1410662399||1109653200||si||
1411973120||1411978255||1109653200||si||
1411978272||1412005887||1109653200||si||
1412726784||1412743167||1109653200||si||
1426046976||1426063359||1109653200||si||
1426718720||1426735103||1109653200||si||
1446644992||1446645247||1153981399||si||
1446645248||1446645503||1142836213||si||
1446646784||1446647039||1147580853||si||
1446838272||1446871039||1130384085||si||
1502478336||1502609407||1161757263||si||
1507067392||1507067647||1158723175||si||
1507069184||1507069439||1156471033||si||
1507069952||1507070207||1155871636||si||
1507070208||1507070463||1159490386||si||
1507070464||1507070719||1154576359||si||
1507070720||1507070975||1156471056||si||
1507071744||1507071999||1159490414||si||
1507074304||1507074559||1156994883||si||
1507075072||1507075327||1160890738||si||
1507076352||1507076607||1159242364||si||
2567241728||2567307263||1109653200||si||
2745106432||2745171967||1109653200||si||
2751987712||2752053247||1109653200||si||
3226753536||3226753791||1109653200||si||
3226754304||3226756095||1109653200||si||
3226756352||3226757375||1109653200||si||
3226757888||3226758655||1109653200||si||
3231715072||3231715327||1109653200||si||
3238065152||3238065407||1109653200||si||
3238133760||3238199295||1109653200||si||
3238595584||3238595839||1109653200||si||
3239079168||3239079423||1109653200||si||
3239174912||3239175167||1109653200||si||
3239304192||3239305215||1109653200||si||
3239522560||3239522815||1109653200||si||
3239525888||3239526143||1109653200||si||
3239639040||3239640063||1109653200||si||
3239713280||3239713535||1109653200||si||
3239875072||3239875327||1109653200||si||
3239979776||3239980031||1109653200||si||
3240698624||3240699135||1109653200||si||
3240712448||3240712703||1109653200||si||
3243048960||3243114495||1109653200||si||
3243297792||3243298047||1109653200||si||
3244277760||3244294143||1109653200||si||
3245177856||3245178111||1109653200||si||
3245204224||3245204479||1109653200||si||
3245215232||3245215743||1109653200||si||
3245248768||3245249023||1109653200||si||
3245326336||3245326847||1109653200||si||
3245333504||3245334527||1109653200||si||
3247046912||3247048191||1109653200||si||
3247048960||3247049215||1109653200||si||
3247054848||3247063039||1109653200||si||
3249716224||3249716479||1109653200||si||
3250429952||3250438143||1109653200||si||
3251186944||3251187199||1109653200||si||
3251201280||3251201535||1109653200||si||
3251203328||3251203583||1109653200||si||
3251215104||3251215231||1109653200||si||
3251217664||3251217919||1109653200||si||
3251229696||3251230719||1109653200||si||
3251310592||3251311103||1109653200||si||
3253963776||3253964287||1109653200||si||
3255233792||3255234047||1109653200||si||
3255235072||3255235327||1109653200||si||
3262434304||3262434815||1109653200||si||
3262478943||3262478943||1109653200||si||
3262479610||3262479610||1109653200||si||
3262479629||3262479629||1109653200||si||
3263087872||3263088127||1109653200||si||
3264376064||3264376319||1109653200||si||
3264741376||3264749567||1109653200||si||
3264846720||3264846847||1109653200||si||
3265617920||3265626111||1109653200||si||
3267642880||3267643135||1109653200||si||
3267644672||3267644927||1109653200||si||
3267647744||3267647999||1109653200||si||
3270648832||3270649087||1109653200||si||
3271098368||3271163903||1109653200||si||
3273882112||3273882367||1109653200||si||
3274687744||3274687999||1109653200||si||
3274691328||3274691583||1109653200||si||
3274691840||3274692095||1109653200||si||
3274694656||3274694911||1109653200||si||
3274695168||3274695423||1109653200||si||
3276103680||3276104703||1109653200||si||
3276527104||3276527159||1109653200||si||
3276527168||3276527199||1109653200||si||
3276527360||3276527615||1109653200||si||
3276740800||3276740815||1109653200||si||
3277176832||3277177087||1109653200||si||
3278938432||3278938435||1109653200||si||
3278942786||3278942786||1109653200||si||
3278943043||3278943043||1109653200||si||
3279343104||3279343359||1109653200||si||
3281346048||3281346303||1109653200||si||
3284041984||3284042239||1109653200||si||
3284049408||3284049663||1109653200||si||
3285368832||3285385215||1109653200||si||
3285492688||3285492695||1109653200||si||
3286927616||3286927871||1109653200||si||
3287640576||3287641087||1109653200||si||
3287666688||3287666943||1109653200||si||
3287668736||3287668991||1109653200||si||
3287677440||3287677695||1109653200||si||
3287678976||3287687167||1109653200||si||
3287990272||3287998463||1109653200||si||
3557679104||3557687295||1109653200||si||
3557957632||3557964799||1109653200||si||
3557964816||3557965823||1109653200||si||
3558752256||3558760447||1109653200||si||
3560943547||3560943547||1109653200||si||
3561512960||3561521151||1109653200||si||
3562921984||3562930175||1109653200||si||
3563552768||3563560959||1109653200||si||
3564519424||3564527615||1109653200||si||
3572203520||3572236287||1109653200||si||
3582935040||3582943231||1109653200||si||
3583893504||3583901695||1109653200||si||
3584098304||3584106495||1109653200||si||
3584876544||3584884735||1109653200||si||
3588603904||3588620287||1109653200||si||
3589931008||3589947391||1109653200||si||
3590144000||3590149215||1109653200||si||
3590149248||3590150303||1109653200||si||
3590150400||3590154047||1109653200||si||
3590154064||3590155775||1109653200||si||
3590155808||3590155815||1109653200||si||
3590155824||3590156287||1109653200||si||
3590156376||3590156383||1109653200||si||
3590156416||3590156423||1109653200||si||
3590156600||3590156607||1109653200||si||
3590156680||3590156703||1109653200||si||
3590156720||3590157311||1109653200||si||
3590157344||3590157439||1109653200||si||
3590157488||3590157503||1109653200||si||
3590157568||3590158335||1109653200||si||
3590158344||3590160383||1109653200||si||
3645390848||3645399039||1109653200||si||
3645764064||3645764064||1109653200||si||
