--||--||--||za||South Africa
1052248096||1052248127||1109653200||za||
1052249472||1052249503||1109653200||za||
1052252880||1052252895||1109653200||za||
1052260624||1052260631||1109653200||za||
1052268544||1052268607||1109653200||za||
1052268704||1052268719||1109653200||za||
1052268800||1052270591||1109653200||za||
1052274176||1052274687||1109653200||za||
1052278848||1052278863||1109653200||za||
1052290400||1052290431||1109653200||za||
1052290640||1052290655||1109653200||za||
1052320096||1052320127||1109653200||za||
1052324928||1052324943||1109653200||za||
1052325216||1052325247||1109653200||za||
1052325568||1052325631||1109653200||za||
1052328640||1052328671||1109653200||za||
1052333184||1052333311||1109653200||za||
1052334760||1052334767||1109653200||za||
1052334816||1052334847||1109653200||za||
1052335520||1052335535||1109653200||za||
1052337888||1052337903||1109653200||za||
1052337912||1052337919||1109653200||za||
1052340704||1052340719||1109653200||za||
1052342464||1052342471||1109653200||za||
1052342480||1052342495||1109653200||za||
1052345504||1052345535||1109653200||za||
1052346912||1052346943||1109653200||za||
1052349408||1052349439||1109653200||za||
1052352560||1052352591||1109653200||za||
1052356608||1052356703||1109653200||za||
1052356864||1052358479||1109653200||za||
1052358512||1052358527||1109653200||za||
1052358656||1052359839||1109653200||za||
1052359936||1052360735||1109653200||za||
1052360744||1052360767||1109653200||za||
1052361024||1052361039||1109653200||za||
1052361216||1052361471||1109653200||za||
1052361920||1052361951||1109653200||za||
1052361968||1052361983||1109653200||za||
1052369056||1052369087||1109653200||za||
1052372256||1052372287||1109653200||za||
1052377760||1052377791||1109653200||za||
1052379840||1052379903||1109653200||za||
1052385616||1052385631||1109653200||za||
1052390432||1052390447||1109653200||za||
1052394272||1052394303||1109653200||za||
1052401344||1052401407||1109653200||za||
1052403776||1052403839||1109653200||za||
1052404384||1052404399||1109653200||za||
1052404768||1052404783||1109653200||za||
1052407840||1052407871||1109653200||za||
1052407888||1052407903||1109653200||za||
1052416576||1052416639||1109653200||za||
1052417536||1052418047||1109653200||za||
1052420784||1052420799||1109653200||za||
1052422144||1052422847||1109653200||za||
1052422880||1052423199||1109653200||za||
1052423232||1052423295||1109653200||za||
1052423424||1052423967||1109653200||za||
1052424000||1052424799||1109653200||za||
1052424960||1052425151||1109653200||za||
1052425216||1052426239||1109653200||za||
1052430408||1052430415||1109653200||za||
1052433920||1052434431||1109653200||za||
1052437024||1052437055||1109653200||za||
1052437120||1052437135||1109653200||za||
1052437184||1052437247||1109653200||za||
1052448256||1052450815||1109653200||za||
1052465152||1052465375||1109653200||za||
1052465408||1052465663||1109653200||za||
1052470272||1052470783||1109653200||za||
1053308928||1053309055||1109653200||za||
1053309184||1053309951||1109653200||za||
1053317120||1053317247||1109653200||za||
1053317272||1053317295||1109653200||za||
1053317312||1053317375||1109653200||za||
1053327360||1053327615||1109653200||za||
1053327872||1053328375||1109653200||za||
1053328640||1053328831||1109653200||za||
1053328896||1053329079||1109653200||za||
1053329088||1053329135||1109653200||za||
1053329152||1053329279||1109653200||za||
1053335552||1053336703||1109653200||za||
1053337088||1053337183||1109653200||za||
1053337216||1053337279||1109653200||za||
1053337344||1053337599||1109653200||za||
1053340160||1053340415||1109653200||za||
1072929280||1072929535||1109653200||za||
1080972976||1080972991||1109653200||za||
1107820544||1107853311||1122956194||za||
1108492288||1108500479||1113051166||za||
2308833280||2308898815||1112365741||za||
2312503296||2312568831||1126239183||za||
2312568832||2312634367||1128829167||za||
2335506432||2335571967||1138855951||za||
2409627648||2409693183||1118294617||za||
2453667840||2453733375||1144369439||za||
2458714112||2458779647||1120624906||za||
2461401088||2461466623||1118200541||za||
2464546816||2464743423||1112503467||za||
2473459712||2473525247||1115317484||za||
2557083648||2557542399||1118980429||za||
2615672832||2616262655||1111226203||za||
2617769984||2617835519||1115317513||za||
2747465728||2748055551||1112207465||za||
2761097216||2761162751||1129696719||za||
2761359360||2761424895||1129008880||za||
2768764928||2768830463||1141706589||za||
2777612288||2778071039||1111224462||za||
2779054080||2779119615||1111223444||za||
2783510528||2783576063||1134106063||za||
2823815168||2823946239||1112832886||za||
2828730368||2828795903||1115317532||za||
2829516800||2829582335||1133070563||za||
2829844480||2829910015||1123741445||za||
2832269312||2832400383||1109653200||za||
2848587776||2848653311||1115435966||za||
3227516928||3227582463||1112832865||za||
3227779328||3227779583||1146887136||za||
3228430848||3228431103||1109653200||za||
3262476292||3262476295||1109653200||za||
3262476644||3262476647||1109653200||za||
3262478191||3262478192||1109653200||za||
3262478385||3262478385||1109653200||za||
3262478438||3262478438||1109653200||za||
3262478448||3262478448||1109653200||za||
3262478503||3262478503||1109653200||za||
3262478920||3262478920||1109653200||za||
3262479433||3262479433||1109653200||za||
3262479579||3262479579||1109653200||za||
3267507808||3267507839||1109653200||za||
3267555200||3267555327||1109653200||za||
3267636736||3267636991||1109653200||za||
3267670016||3267671551||1109653200||za||
3267681536||3267681791||1109653200||za||
3271363472||3271363487||1109653200||za||
3271371520||3271371679||1109653200||za||
3271398048||3271398079||1109653200||za||
3271403776||3271403903||1109653200||za||
3271403968||3271403983||1109653200||za||
3271403992||3271403999||1109653200||za||
3271406080||3271406335||1109653200||za||
3274917312||3274917327||1109653200||za||
3274921984||3274922847||1109653200||za||
3274922880||3274922943||1109653200||za||
3274933184||3274933215||1109653200||za||
3274939392||3274940415||1109653200||za||
3274959256||3274959263||1109653200||za||
3274962176||3274962431||1109653200||za||
3276505088||3276505919||1109653200||za||
3276505984||3276506159||1109653200||za||
3276506176||3276506191||1109653200||za||
3276506208||3276507135||1109653200||za||
3276511232||3276511839||1109653200||za||
3276511856||3276511919||1109653200||za||
3276511936||3276511951||1109653200||za||
3276512000||3276513023||1109653200||za||
3276767232||3276767743||1109653200||za||
3278938384||3278938387||1109653200||za||
3278943102||3278943102||1109653200||za||
3279296000||3279296511||1109653200||za||
3279297280||3279297535||1109653200||za||
3279298048||3279298559||1109653200||za||
3279318720||3279318751||1109653200||za||
3279341824||3279342079||1109653200||za||
3279342336||3279342591||1109653200||za||
3279343360||3279343615||1109653200||za||
3283553056||3283553071||1109653200||za||
3283554240||3283554255||1109653200||za||
3283558368||3283558383||1109653200||za||
3283558848||3283558863||1109653200||za||
3283558872||3283558879||1109653200||za||
3283559264||3283559295||1109653200||za||
3283560704||3283560863||1109653200||za||
3283566016||3283566079||1109653200||za||
3283567488||3283567615||1109653200||za||
3283568080||3283568095||1109653200||za||
3283572176||3283572191||1109653200||za||
3283574624||3283574639||1109653200||za||
3283576416||3283576447||1109653200||za||
3283583008||3283583359||1109653200||za||
3283583488||3283583503||1109653200||za||
3283583520||3283583839||1109653200||za||
3283584000||3283584031||1109653200||za||
3283584128||3283585023||1109653200||za||
3283585280||3283585535||1109653200||za||
3283587872||3283587887||1109653200||za||
3283590528||3283590543||1109653200||za||
3283590848||3283590879||1109653200||za||
3283591368||3283591375||1109653200||za||
3283592912||3283592927||1109653200||za||
3283599872||3283600527||1109653200||za||
3283600640||3283600671||1109653200||za||
3283600768||3283600895||1109653200||za||
3283601920||3283602239||1109653200||za||
3283602288||3283602303||1109653200||za||
3283602432||3283602943||1109653200||za||
3283651264||3283651327||1109653200||za||
3283655936||3283656191||1109653200||za||
3285523200||3285523231||1109653200||za||
3285524096||3285524159||1109653200||za||
3285528848||3285528863||1109653200||za||
3285530656||3285530687||1109653200||za||
3285540032||3285540095||1109653200||za||
3285540128||3285540159||1109653200||za||
3285540220||3285540223||1109653200||za||
3285540416||3285540423||1109653200||za||
3285542656||3285542911||1109653200||za||
3285546240||3285546367||1109653200||za||
3285552192||3285552255||1109653200||za||
3285553768||3285553775||1109653200||za||
3285553856||3285553887||1109653200||za||
3285577216||3285577471||1109653200||za||
3285580928||3285581055||1109653200||za||
3288469504||3288481791||1117925162||za||
3288489984||3288498175||1125799682||za||
3288498176||3288506367||1111225611||za||
3288558336||3288564735||1115317328||za||
3288588288||3288608255||1114147706||za||
3288622080||3288634879||1117124200||za||
3288662016||3289120767||1111223420||za||
3289186304||3289319423||1111225508||za||
3289710592||3289777407||1118720337||za||
3289817088||3289837567||1114033855||za||
3289841664||3290103807||1111225563||za||
3290173440||3290181631||1111225535||za||
3290185728||3290230783||1111442742||za||
3290267648||3290275839||1113677980||za||
3290296320||3290431487||1113678005||za||
3290497024||3290923007||1111222363||za||
3290980352||3290984447||1136564916||za||
3291021312||3291045887||1111225588||za||
3291054080||3291078655||1115317242||za||
3291217920||3291230207||1119929037||za||
3291234304||3291242495||1146193524||za||
3291250688||3291271167||1115435947||za||
3291275264||3291279359||1119044374||za||
3291365376||3291367423||1111112700||za||
3291383808||3291385855||1138941332||za||
3291389952||3291397119||1115317271||za||
3291414528||3291430911||1112898458||za||
3291430912||3291439103||1138684546||za||
3301636096||3301637119||1123822304||za||
3301908480||3301912575||1132209574||za||
3301965824||3302227967||1130383515||za||
3325427712||3325493247||1120335783||za||
3516899328||3516899839||1109653200||za||
3516900096||3516900351||1109653200||za||
3516900608||3516900863||1109653200||za||
3516901120||3516901887||1109653200||za||
3516902400||3516902655||1109653200||za||
3516902912||3516903167||1109653200||za||
3519741952||3519758335||1112365716||za||
3520356352||3520364543||1114317283||za||
3565498520||3565498527||1109653200||za||
3565762048||3565762303||1109653200||za||
3575631760||3575631775||1109653200||za||
3577671680||3577672191||1109653200||za||
3585700240||3585700255||1109653200||za||
3586203904||3586204159||1129697121||za||
3586205696||3586207743||1140412920||za||
3623890944||3623891199||1109653200||za||
3623891456||3623891711||1109653200||za||
3623891968||3623892479||1109653200||za||
3624054784||3624056831||1109653200||za||
3624181760||3624182783||1109653200||za||
3624206336||3624208383||1109653200||za||
3624255488||3624257535||1109653200||za||
3633030152||3633030183||1109653200||za||
3633030192||3633030215||1109653200||za||
3633030224||3633030271||1109653200||za||
3633030280||3633031167||1109653200||za||
3633031520||3633031535||1109653200||za||
3633031600||3633031623||1109653200||za||
3633031672||3633031679||1109653200||za||
3633031688||3633031695||1109653200||za||
3633031840||3633031871||1109653200||za||
3633032240||3633032247||1109653200||za||
3633032272||3633032279||1109653200||za||
3633032416||3633032431||1109653200||za||
3633032440||3633032447||1109653200||za||
3633032592||3633032607||1109653200||za||
3633033240||3633033255||1109653200||za||
3633033264||3633033271||1109653200||za||
3633033304||3633033319||1109653200||za||
3633033336||3633033359||1109653200||za||
3633033368||3633033383||1109653200||za||
3633033392||3633033399||1109653200||za||
3633034048||3633034079||1109653200||za||
3633034528||3633034543||1109653200||za||
3633035520||3633035527||1109653200||za||
3633035552||3633035599||1109653200||za||
3633035616||3633035647||1109653200||za||
3633035664||3633035679||1109653200||za||
3640314880||3640315135||1109653200||za||
3640317328||3640317343||1109653200||za||
3640317408||3640317423||1109653200||za||
3642191616||3642191647||1109653200||za||
3645763827||3645763827||1109653200||za||
3645764310||3645764310||1109653200||za||
