--||--||--||es||Spain
368674048||368674303||1109653200||es||
1041096704||1041235967||1109653200||es||
1041629184||1041694719||1109653200||es||
1042546688||1042677759||1109653200||es||
1042939904||1043070975||1109653200||es||
1043079168||1043087359||1109653200||es||
1043922944||1043988479||1109653200||es||
1045495808||1045692415||1109653200||es||
1045807104||1045823487||1109653200||es||
1045889024||1045921791||1109653200||es||
1046317056||1046317567||1109653200||es||
1046323200||1046331383||1109653200||es||
1046560768||1046585343||1109653200||es||
1046675456||1046708223||1109653200||es||
1046765568||1046773759||1109653200||es||
1046847488||1046855679||1109653200||es||
1047887872||1047920639||1109653200||es||
1049405760||1049405823||1109653200||es||
1049772928||1049773055||1109653200||es||
1049778112||1049778143||1109653200||es||
1050083328||1050148863||1109653200||es||
1050935296||1050937087||1109653200||es||
1050937600||1050937855||1109653200||es||
1050940432||1050940440||1109653200||es||
1050940672||1050940799||1109653200||es||
1050940928||1050941183||1109653200||es||
1050942976||1050943487||1109653200||es||
1050945536||1050946047||1109653200||es||
1050948352||1050948863||1109653200||es||
1050950656||1050951423||1109653200||es||
1051460096||1051460351||1109653200||es||
1051460640||1051460647||1109653200||es||
1051578272||1051578279||1109653200||es||
1051590656||1051702527||1109653200||es||
1051702784||1051721727||1109653200||es||
1052274688||1052274943||1109653200||es||
1052312904||1052312911||1109653200||es||
1052314752||1052314815||1109653200||es||
1052314824||1052314831||1109653200||es||
1052315552||1052315583||1109653200||es||
1052318048||1052318079||1109653200||es||
1052324960||1052324991||1109653200||es||
1052328256||1052328319||1109653200||es||
1052328672||1052328703||1109653200||es||
1052335456||1052335519||1109653200||es||
1052340112||1052340127||1109653200||es||
1052344864||1052344895||1109653200||es||
1052346944||1052347007||1109653200||es||
1052352960||1052352991||1109653200||es||
1052356704||1052356735||1109653200||es||
1052361088||1052361151||1109653200||es||
1052362752||1052362783||1109653200||es||
1052362880||1052363039||1109653200||es||
1052363136||1052363263||1109653200||es||
1052376832||1052377087||1109653200||es||
1052382656||1052382719||1109653200||es||
1052395744||1052395775||1109653200||es||
1052424816||1052424823||1109653200||es||
1052428288||1052428479||1109653200||es||
1052428544||1052429407||1109653200||es||
1052429568||1052429759||1109653200||es||
1052429824||1052430335||1109653200||es||
1052452352||1052452831||1109653200||es||
1052463104||1052463615||1109653200||es||
1052464640||1052464927||1109653200||es||
1052464960||1052465087||1109653200||es||
1052497920||1052498431||1109653200||es||
1052602496||1052602623||1109653200||es||
1053329408||1053329527||1109653200||es||
1053329536||1053329663||1109653200||es||
1053330432||1053330687||1109653200||es||
1053360128||1053368319||1109653200||es||
1053605888||1053614079||1109653200||es||
1054380288||1054380303||1109653200||es||
1054687232||1054703615||1109653200||es||
1054949808||1054949815||1109653200||es||
1054963256||1054963263||1109653200||es||
1055226112||1055226175||1128201770||es||
1055226368||1055226399||1128201770||es||
1055252736||1055252991||1128201770||es||
1055467576||1055467579||1109653200||es||
1343750144||1344798719||1109653200||es||
1345978368||1346109439||1109653200||es||
1346379776||1346383871||1109653200||es||
1346439168||1346440447||1109653200||es||
1346440464||1346440479||1109653200||es||
1346531328||1346535423||1109653200||es||
1346592768||1346596863||1109653200||es||
1346666496||1346670591||1109653200||es||
1346998272||1347002367||1109653200||es||
1347502080||1347503103||1109653200||es||
1347503360||1347506175||1109653200||es||
1347510272||1347518463||1109653200||es||
1347715072||1347715455||1109653200||es||
1347715488||1347715519||1109653200||es||
1347715528||1347716151||1109653200||es||
1347716160||1347716207||1109653200||es||
1347716224||1347716863||1109653200||es||
1347716896||1347717887||1109653200||es||
1347718400||1347719167||1109653200||es||
1347719424||1347719679||1109653200||es||
1347719712||1347722495||1109653200||es||
1347722752||1347723263||1109653200||es||
1348001792||1348005887||1109653200||es||
1348157440||1348161535||1109653200||es||
1348162560||1348165631||1109653200||es||
1348337664||1348341759||1109653200||es||
1348861952||1348993023||1109653200||es||
1351892600||1351892607||1109653200||es||
1353515008||1353646079||1109653200||es||
1356857344||1356922879||1109653200||es||
1357316096||1357317119||1109653200||es||
1357320192||1357320703||1109653200||es||
1357321472||1357321503||1109653200||es||
1357321728||1357321983||1109653200||es||
1357334272||1357334527||1109653200||es||
1357348864||1357349119||1109653200||es||
1357359360||1357359615||1109653200||es||
1357366848||1357366911||1109653200||es||
1358159872||1358163967||1109653200||es||
1358181376||1358182399||1150686095||es||
1358184192||1358184447||1139633109||es||
1358233600||1358237695||1109653200||es||
1358503936||1358508031||1109653200||es||
1358643200||1358647295||1109653200||es||
1358668464||1358668479||1109653200||es||
1358774272||1358778367||1109653200||es||
1358917888||1358918399||1161150616||es||
1358954496||1358970879||1109653200||es||
1359577088||1359609855||1109653200||es||
1360224256||1360228351||1109653200||es||
1360240640||1360244735||1109653200||es||
1360568320||1360572415||1109653200||es||
1361035568||1361035583||1109653200||es||
1361035616||1361035623||1109653200||es||
1361035672||1361035679||1109653200||es||
1361035856||1361035863||1109653200||es||
1361035872||1361035879||1109653200||es||
1361036152||1361036167||1109653200||es||
1361036200||1361036207||1109653200||es||
1361036304||1361036307||1109653200||es||
1361036412||1361036415||1109653200||es||
1361036632||1361036635||1109653200||es||
1361036820||1361036823||1109653200||es||
1361037612||1361037615||1109653200||es||
1361037620||1361037631||1109653200||es||
1361037648||1361037655||1109653200||es||
1361037824||1361037827||1109653200||es||
1361051648||1362100223||1109653200||es||
1362886656||1363017727||1109653200||es||
1364795392||1364799487||1109653200||es||
1364877312||1364881407||1109653200||es||
1365016576||1365020671||1109653200||es||
1365196800||1365200895||1109653200||es||
1370226688||1370259455||1109653200||es||
1371013120||1371078655||1109653200||es||
1372192768||1372323839||1109653200||es||
1381367808||1381498879||1109653200||es||
1382187008||1382203391||1109653200||es||
1382212096||1382212111||1109653200||es||
1383103272||1383103279||1109653200||es||
1383104016||1383104023||1109653200||es||
1383374848||1383383039||1109653200||es||
1384284160||1384316927||1109653200||es||
1385168896||1385177087||1109653200||es||
1385193472||1385201663||1109653200||es||
1385562112||1385562623||1148184558||es||
1385562624||1385563135||1119328169||es||
1385565184||1385565439||1109653200||es||
1385676800||1385684991||1109653200||es||
1386086400||1386217471||1109653200||es||
1388462080||1388470271||1109653200||es||
1388716032||1388724223||1109653200||es||
1388732416||1388740607||1109653200||es||
1388781568||1388789759||1109653200||es||
1389723648||1389756415||1109653200||es||
1390346240||1390411775||1109653200||es||
1394606080||1396703231||1109653200||es||
1398898688||1398931455||1109653200||es||
1401468928||1401470975||1109653200||es||
1401563136||1401565183||1109653200||es||
1401602048||1401618431||1109653200||es||
1401931776||1401933823||1153532973||es||
1402142720||1402159103||1109653200||es||
1402388480||1402404863||1109653200||es||
1403322368||1403387903||1109653200||es||
1403879424||1403895807||1109653200||es||
1404026880||1404043263||1109653200||es||
1404116992||1404125183||1109653200||es||
1406468096||1406533631||1109653200||es||
1407614976||1407680511||1109653200||es||
1408729088||1408761855||1109653200||es||
1410334720||1410342911||1109653200||es||
1410465792||1410473983||1109653200||es||
1410596864||1410605055||1109653200||es||
1410703360||1410711551||1109653200||es||
1414266880||1414529023||1109653200||es||
1415053312||1415184383||1109653200||es||
1417150464||1417674751||1109653200||es||
1424490496||1424523263||1109653200||es||
1424601344||1424601599||1109653200||es||
1425461248||1425463295||1109653200||es||
1429209088||1430257663||1109653200||es||
1431568384||1431830527||1109653200||es||
1432043520||1432051711||1109653200||es||
1433403392||1433411583||1109653200||es||
1434976256||1435107327||1109653200||es||
1436024832||1436090367||1109653200||es||
1436221440||1436286975||1109653200||es||
1436461056||1436463103||1109653200||es||
1438662656||1438679039||1109653200||es||
1440415744||1440448511||1109653200||es||
1442512896||1442578431||1109653200||es||
1450008576||1450008831||1154309785||es||
1450025216||1450025471||1132209707||es||
1450131456||1450139647||1133842004||es||
1466892288||1466957823||1155175837||es||
1473773568||1473904639||1137898082||es||
1473904640||1474035711||1134106641||es||
1474265088||1474297855||1129177035||es||
1475018752||1475051519||1134791311||es||
1475051520||1475084287||1134804238||es||
1476395008||1478492159||1128919814||es||
1486109696||1486110207||1156904022||es||
1486110720||1486112767||1143607928||es||
1486295040||1486296063||1159242310||es||
1500246016||1500248063||1150948703||es||
2194538496||2194604031||1109653200||es||
2315517952||2315583487||1109653200||es||
2321809408||2321874943||1109653200||es||
2417229824||2417295359||1109653200||es||
2463825920||2463891455||1109653200||es||
2471690240||2471821311||1109653200||es||
2472542208||2472607743||1109653200||es||
2476474368||2476539903||1109653200||es||
2524971008||2525036543||1109653200||es||
2530607104||2530672639||1109653200||es||
2532376576||2532442111||1109653200||es||
2532573184||2532638719||1109653200||es||
2604007424||2604072959||1109653200||es||
2614231040||2614296575||1109653200||es||
2619539456||2619604991||1109653200||es||
2639790080||2639855615||1109653200||es||
2653552640||2653618175||1109653200||es||
2654011392||2654076927||1109653200||es||
2657288192||2657353727||1109653200||es||
2657943552||2658009087||1109653200||es||
2662072320||2662137855||1109653200||es||
2665676800||2665742335||1109653200||es||
2669084672||2669150207||1109653200||es||
2683109376||2683174911||1109653200||es||
2698379264||2698444799||1109653200||es||
2703556608||2703622143||1109653200||es||
2705522688||2705588223||1109653200||es||
2705850368||2705915903||1109653200||es||
2708406272||2708471807||1109653200||es||
2708733952||2708799487||1109653200||es||
2742353920||2742419455||1109653200||es||
3225431040||3225431551||1109653200||es||
3225636608||3225636863||1109653200||es||
3226307584||3226308095||1109653200||es||
3227083520||3227083775||1109653200||es||
3227427584||3227427839||1109653200||es||
3227844864||3227845119||1109653200||es||
3227846656||3227846911||1109653200||es||
3227885824||3227887871||1109653200||es||
3228583424||3228585983||1109653200||es||
3228628736||3228628991||1109653200||es||
3230825472||3230826239||1109653200||es||
3230837760||3230838015||1109653200||es||
3230841600||3230841855||1109653200||es||
3230967552||3230967807||1109653200||es||
3230976256||3230980095||1109653200||es||
3230995200||3230995455||1109653200||es||
3231667200||3231667711||1109653200||es||
3231719680||3231719935||1109653200||es||
3233484800||3233487359||1109653200||es||
3238064384||3238064639||1109653200||es||
3239062272||3239062527||1109653200||es||
3239090432||3239090687||1109653200||es||
3239106560||3239106815||1109653200||es||
3239113472||3239113727||1109653200||es||
3239275008||3239275519||1109653200||es||
3239474944||3239475199||1109653200||es||
3239486720||3239486975||1109653200||es||
3239690240||3239690495||1109653200||es||
3239774464||3239774719||1109653200||es||
3239886080||3239886335||1109653200||es||
3239954944||3239955199||1109653200||es||
3240693248||3240693759||1109653200||es||
3240695808||3240697855||1109653200||es||
3240700672||3240700927||1109653200||es||
3240701440||3240701695||1109653200||es||
3240747776||3240748031||1109653200||es||
3240749568||3240749823||1109653200||es||
3240751104||3240752127||1109653200||es||
3240880128||3240881151||1109653200||es||
3245125120||3245125631||1109653200||es||
3245176832||3245177343||1109653200||es||
3245204736||3245205247||1109653200||es||
3245244416||3245244671||1109653200||es||
3245251072||3245251327||1109653200||es||
3245281792||3245282303||1109653200||es||
3245294080||3245294591||1109653200||es||
3245308416||3245308927||1109653200||es||
3246325760||3246391295||1109653200||es||
3247439872||3247702015||1109653200||es||
3247702272||3247703551||1109653200||es||
3247704064||3247704831||1109653200||es||
3247705088||3247705855||1109653200||es||
3247706112||3247711743||1109653200||es||
3247712256||3247713279||1109653200||es||
3247716352||3247717887||1109653200||es||
3247718400||3247769599||1109653200||es||
3247771648||3247775743||1109653200||es||
3247876608||3247876863||1109653200||es||
3247964160||3248095231||1109653200||es||
3248417312||3248417343||1109653200||es||
3251202816||3251203327||1109653200||es||
3251212544||3251212671||1109653200||es||
3251265024||3251265279||1109653200||es||
3253613568||3253614591||1109653200||es||
3253887488||3253887743||1109653200||es||
3255237888||3255238143||1109653200||es||
3255817472||3255817727||1109653200||es||
3256697344||3256697855||1109653200||es||
3256745984||3256778751||1109653200||es||
3257475072||3257475327||1109653200||es||
3257586944||3257587455||1109653200||es||
3258167552||3258167807||1109653200||es||
3259359232||3259367423||1109653200||es||
3259506944||3259507199||1109653200||es||
3259508224||3259508479||1109653200||es||
3259515648||3259515903||1109653200||es||
3259518208||3259518463||1109653200||es||
3259518720||3259518975||1109653200||es||
3259524864||3259525119||1109653200||es||
3259537408||3259537919||1109653200||es||
3259538688||3259538943||1109653200||es||
3259555840||3259556095||1109653200||es||
3259562496||3259562751||1109653200||es||
3259570688||3259570943||1109653200||es||
3259571456||3259571711||1109653200||es||
3259576352||3259576359||1109653200||es||
3259576800||3259576831||1109653200||es||
3259581440||3259581951||1109653200||es||
3259587584||3259588095||1109653200||es||
3259596800||3259597055||1109653200||es||
3259630336||3259630591||1109653200||es||
3259635712||3259635967||1109653200||es||
3259637760||3259638015||1109653200||es||
3259640320||3259640575||1109653200||es||
3259640832||3259641343||1109653200||es||
3259695104||3259695615||1109653200||es||
3259695872||3259695903||1109653200||es||
3259696640||3259696895||1109653200||es||
3259699200||3259699711||1109653200||es||
3259715328||3259715583||1109653200||es||
3260550912||3260551167||1109653200||es||
3260626176||3260626431||1109653200||es||
3260668416||3260668671||1109653200||es||
3260891904||3260892159||1109653200||es||
3260898304||3260899327||1109653200||es||
3261726720||3261734911||1109653200||es||
3262141440||3262142463||1109653200||es||
3262420992||3262421503||1109653200||es||
3262443520||3262444031||1109653200||es||
3262472356||3262472359||1109653200||es||
3262472416||3262472419||1109653200||es||
3262472632||3262472635||1109653200||es||
3262472664||3262472667||1109653200||es||
3262473024||3262473027||1109653200||es||
3262473108||3262473115||1109653200||es||
3262473140||3262473143||1109653200||es||
3262473200||3262473203||1109653200||es||
3262475352||3262475355||1109653200||es||
3262475428||3262475431||1109653200||es||
3262475468||3262475471||1109653200||es||
3262475476||3262475479||1109653200||es||
3262476016||3262476019||1109653200||es||
3262476176||3262476179||1109653200||es||
3262476244||3262476247||1109653200||es||
3262476340||3262476343||1109653200||es||
3262476400||3262476403||1109653200||es||
3262476424||3262476427||1109653200||es||
3262476588||3262476591||1109653200||es||
3262476696||3262476699||1109653200||es||
3262476752||3262476755||1109653200||es||
3262476764||3262476767||1109653200||es||
3262476792||3262476795||1109653200||es||
3262476856||3262476859||1109653200||es||
3262477108||3262477111||1109653200||es||
3262477156||3262477159||1109653200||es||
3262477208||3262477211||1109653200||es||
3262477252||3262477255||1109653200||es||
3262477312||3262477315||1109653200||es||
3262477364||3262477367||1109653200||es||
3262477500||3262477503||1109653200||es||
3262477836||3262477839||1109653200||es||
3262478082||3262478082||1109653200||es||
3262478132||3262478132||1109653200||es||
3262478134||3262478134||1109653200||es||
3262478168||3262478168||1109653200||es||
3262478182||3262478182||1109653200||es||
3262478186||3262478186||1109653200||es||
3262478208||3262478211||1109653200||es||
3262478228||3262478231||1109653200||es||
3262478256||3262478259||1109653200||es||
3262478268||3262478271||1109653200||es||
3262478300||3262478303||1109653200||es||
3262478308||3262478311||1109653200||es||
3262478328||3262478331||1109653200||es||
3262478390||3262478390||1109653200||es||
3262478413||3262478413||1109653200||es||
3262478459||3262478459||1109653200||es||
3262478471||3262478471||1109653200||es||
3262478516||3262478516||1109653200||es||
3262478524||3262478524||1109653200||es||
3262478527||3262478527||1109653200||es||
3262478529||3262478529||1109653200||es||
3262478548||3262478548||1109653200||es||
3262478605||3262478605||1109653200||es||
3262478610||3262478610||1109653200||es||
3262478623||3262478623||1109653200||es||
3262478634||3262478634||1109653200||es||
3262478644||3262478644||1109653200||es||
3262478650||3262478650||1109653200||es||
3262478652||3262478653||1109653200||es||
3262478658||3262478658||1109653200||es||
3262478664||3262478664||1109653200||es||
3262478681||3262478681||1109653200||es||
3262478687||3262478687||1109653200||es||
3262478697||3262478697||1109653200||es||
3262478699||3262478699||1109653200||es||
3262478707||3262478707||1109653200||es||
3262478737||3262478737||1109653200||es||
3262478754||3262478754||1109653200||es||
3262478763||3262478763||1109653200||es||
3262478765||3262478766||1109653200||es||
3262478769||3262478769||1109653200||es||
3262478776||3262478776||1109653200||es||
3262478779||3262478779||1109653200||es||
3262478783||3262478783||1109653200||es||
3262478803||3262478803||1109653200||es||
3262478968||3262478968||1109653200||es||
3262479014||3262479014||1109653200||es||
3262479030||3262479030||1109653200||es||
3262479068||3262479068||1109653200||es||
3262479070||3262479070||1109653200||es||
3262479079||3262479079||1109653200||es||
3262479096||3262479096||1109653200||es||
3262479106||3262479106||1109653200||es||
3262479121||3262479121||1109653200||es||
3262479134||3262479134||1109653200||es||
3262479148||3262479149||1109653200||es||
3262479157||3262479157||1109653200||es||
3262479171||3262479171||1109653200||es||
3262479186||3262479186||1109653200||es||
3262479189||3262479189||1109653200||es||
3262479209||3262479209||1109653200||es||
3262479274||3262479274||1109653200||es||
3262479279||3262479279||1109653200||es||
3262479299||3262479299||1109653200||es||
3262479301||3262479301||1109653200||es||
3262479311||3262479311||1109653200||es||
3262479325||3262479325||1109653200||es||
3262479329||3262479329||1109653200||es||
3262479337||3262479337||1109653200||es||
3262479411||3262479411||1109653200||es||
3262479420||3262479420||1109653200||es||
3262479444||3262479444||1109653200||es||
3262479499||3262479499||1109653200||es||
3262479515||3262479515||1109653200||es||
3262479612||3262479612||1109653200||es||
3262479624||3262479624||1109653200||es||
3262479654||3262479654||1109653200||es||
3262479677||3262479677||1109653200||es||
3262479695||3262479695||1109653200||es||
3262479715||3262479715||1109653200||es||
3262479729||3262479730||1109653200||es||
3262479811||3262479811||1109653200||es||
3262479823||3262479823||1109653200||es||
3262479833||3262479833||1109653200||es||
3262479895||3262479896||1109653200||es||
3262479940||3262479940||1109653200||es||
3262479963||3262479963||1109653200||es||
3262479965||3262479965||1109653200||es||
3262480016||3262480016||1109653200||es||
3262480126||3262480126||1109653200||es||
3262480155||3262480155||1109653200||es||
3262480181||3262480181||1109653200||es||
3262480219||3262480219||1109653200||es||
3262480325||3262480325||1109653200||es||
3262480364||3262480364||1109653200||es||
3262480370||3262480370||1109653200||es||
3262480374||3262480374||1109653200||es||
3262480382||3262480382||1109653200||es||
3263092480||3263092735||1109653200||es||
3263095040||3263095295||1109653200||es||
3263498496||3263498751||1109653200||es||
3263512320||3263512831||1109653200||es||
3263515392||3263515903||1109653200||es||
3263522816||3263523071||1109653200||es||
3263525376||3263525631||1109653200||es||
3263816704||3263816959||1109653200||es||
3263954944||3263979519||1109653200||es||
3263987712||3264004095||1109653200||es||
3264200704||3264208895||1109653200||es||
3264318464||3264318975||1109653200||es||
3264563200||3264564223||1109653200||es||
3264593920||3264602111||1109653200||es||
3264847136||3264847167||1109653200||es||
3265363968||3265366015||1109653200||es||
3265367296||3265367551||1109653200||es||
3266338816||3266347007||1109653200||es||
3266379776||3266382335||1109653200||es||
3266510848||3266543615||1109653200||es||
3267545088||3267545855||1109653200||es||
3267546112||3267546623||1109653200||es||
3267626496||3267626751||1109653200||es||
3267637760||3267638271||1109653200||es||
3267660544||3267660799||1109653200||es||
3267661824||3267662079||1109653200||es||
3267682816||3267683071||1109653200||es||
3268244096||3268244159||1109653200||es||
3268255992||3268255999||1109653200||es||
3269291776||3269292287||1109653200||es||
3269459968||3269525503||1109653200||es||
3270205984||3270205999||1109653200||es||
3270206064||3270206079||1109653200||es||
3270206976||3270207231||1109653200||es||
3270653952||3270654207||1109653200||es||
3271376896||3271377407||1109653200||es||
3271385184||3271385215||1109653200||es||
3271405568||3271405823||1109653200||es||
3271408896||3271409151||1109653200||es||
3271901184||3271909375||1109653200||es||
3272214016||3272214047||1109653200||es||
3272214896||3272214903||1109653200||es||
3272216304||3272216311||1109653200||es||
3272219392||3272219647||1109653200||es||
3272638464||3272646655||1109653200||es||
3272651264||3272651519||1109653200||es||
3272651776||3272652287||1109653200||es||
3272653464||3272653503||1109653200||es||
3272653536||3272653543||1109653200||es||
3272653552||3272653567||1109653200||es||
3272654336||3272654463||1109653200||es||
3274690048||3274690303||1109653200||es||
3274690816||3274691071||1109653200||es||
3274697728||3274697983||1109653200||es||
3274813440||3274814463||1109653200||es||
3274928128||3274928511||1109653200||es||
3274928640||3274929151||1109653200||es||
3274959296||3274959327||1109653200||es||
3274960448||3274960511||1109653200||es||
3275030528||3275096063||1109653200||es||
3275161600||3275227135||1109653200||es||
3275292672||3275358207||1109653200||es||
3275554816||3275555071||1109653200||es||
3275555392||3275555455||1109653200||es||
3275555592||3275555647||1109653200||es||
3275555712||3275555759||1109653200||es||
3275555768||3275555776||1109653200||es||
3275556608||3275556863||1109653200||es||
3275558400||3275558911||1109653200||es||
3275560192||3275560447||1109653200||es||
3275560960||3275561215||1109653200||es||
3275561472||3275561727||1109653200||es||
3275562496||3275562751||1109653200||es||
3276515328||3276515583||1109653200||es||
3276536320||3276536575||1109653200||es||
3276536832||3276537023||1109653200||es||
3276537856||3276668927||1109653200||es||
3276734848||3276734879||1109653200||es||
3276735936||3276735999||1109653200||es||
3276737408||3276737535||1109653200||es||
3276738080||3276738111||1109653200||es||
3276755840||3276755967||1109653200||es||
3276757840||3276757855||1109653200||es||
3276761216||3276761279||1109653200||es||
3276768768||3276768863||1109653200||es||
3276769280||3276769295||1109653200||es||
3276769408||3276769919||1109653200||es||
3276770048||3276770143||1109653200||es||
3276770176||3276770239||1109653200||es||
3276770304||3276771327||1109653200||es||
3276782816||3276782847||1109653200||es||
3276789568||3276789583||1109653200||es||
3276789600||3276789615||1109653200||es||
3276790016||3276790111||1109653200||es||
3276799840||3276799871||1109653200||es||
3276963840||3276972031||1109653200||es||
3277178880||3277179135||1109653200||es||
3277393888||3277393895||1109653200||es||
3277394944||3277395711||1109653200||es||
3277395776||3277395839||1109653200||es||
3278063104||3278063359||1109653200||es||
3278938124||3278938127||1109653200||es||
3278938160||3278938163||1109653200||es||
3278938192||3278938195||1109653200||es||
3278938288||3278938291||1109653200||es||
3278938300||3278938303||1109653200||es||
3278938356||3278938359||1109653200||es||
3278938456||3278938459||1109653200||es||
3278938492||3278938495||1109653200||es||
3278938700||3278938703||1109653200||es||
3278938728||3278938731||1109653200||es||
3278938788||3278938791||1109653200||es||
3278938816||3278938819||1109653200||es||
3278938888||3278938891||1109653200||es||
3278939000||3278939003||1109653200||es||
3278939016||3278939019||1109653200||es||
3278939064||3278939067||1109653200||es||
3278939152||3278939155||1109653200||es||
3278939436||3278939439||1109653200||es||
3278939500||3278939503||1109653200||es||
3278939572||3278939575||1109653200||es||
3278939748||3278939751||1109653200||es||
3278939768||3278939771||1109653200||es||
3278939792||3278939803||1109653200||es||
3278939872||3278939875||1109653200||es||
3278939880||3278939883||1109653200||es||
3278939892||3278939899||1109653200||es||
3278940236||3278940239||1109653200||es||
3278940264||3278940267||1109653200||es||
3278940324||3278940327||1109653200||es||
3278940472||3278940475||1109653200||es||
3278940488||3278940491||1109653200||es||
3278940524||3278940531||1109653200||es||
3278940540||3278940543||1109653200||es||
3278940608||3278940611||1109653200||es||
3278940708||3278940711||1109653200||es||
3278940716||3278940723||1109653200||es||
3278940744||3278940747||1109653200||es||
3278940884||3278940887||1109653200||es||
3278940904||3278940911||1109653200||es||
3278940936||3278940939||1109653200||es||
3278941008||3278941011||1109653200||es||
3278941048||3278941051||1109653200||es||
3278941068||3278941071||1109653200||es||
3278941980||3278941987||1109653200||es||
3278941996||3278941999||1109653200||es||
3278942040||3278942043||1109653200||es||
3278942056||3278942059||1109653200||es||
3278942064||3278942071||1109653200||es||
3278942080||3278942083||1109653200||es||
3278942088||3278942091||1109653200||es||
3278942732||3278942732||1109653200||es||
3278942743||3278942743||1109653200||es||
3278942760||3278942760||1109653200||es||
3278942782||3278942782||1109653200||es||
3278942790||3278942790||1109653200||es||
3278942810||3278942810||1109653200||es||
3278942828||3278942828||1109653200||es||
3278942838||3278942838||1109653200||es||
3278942844||3278942844||1109653200||es||
3278942853||3278942853||1109653200||es||
3278942855||3278942855||1109653200||es||
3278942864||3278942864||1109653200||es||
3278942872||3278942872||1109653200||es||
3278942890||3278942890||1109653200||es||
3278942939||3278942939||1109653200||es||
3278942970||3278942970||1109653200||es||
3278942985||3278942985||1109653200||es||
3278943015||3278943016||1109653200||es||
3278943022||3278943022||1109653200||es||
3278943030||3278943030||1109653200||es||
3278943035||3278943035||1109653200||es||
3278943074||3278943074||1109653200||es||
3278943092||3278943092||1109653200||es||
3278943113||3278943113||1109653200||es||
3278943140||3278943140||1109653200||es||
3278943143||3278943143||1109653200||es||
3278943160||3278943160||1109653200||es||
3278943162||3278943162||1109653200||es||
3278943175||3278943177||1109653200||es||
3278943209||3278943209||1109653200||es||
3278943228||3278943228||1109653200||es||
3278943236||3278943236||1109653200||es||
3278943243||3278943243||1109653200||es||
3278943249||3278943249||1109653200||es||
3278943261||3278943261||1109653200||es||
3278943271||3278943271||1109653200||es||
3278943295||3278943296||1109653200||es||
3278943310||3278943310||1109653200||es||
3278943330||3278943330||1109653200||es||
3278943340||3278943340||1109653200||es||
3278943354||3278943355||1109653200||es||
3278943357||3278943357||1109653200||es||
3278943359||3278943359||1109653200||es||
3278943375||3278943375||1109653200||es||
3278943380||3278943380||1109653200||es||
3278943382||3278943382||1109653200||es||
3278943388||3278943388||1109653200||es||
3278943390||3278943390||1109653200||es||
3278943411||3278943411||1109653200||es||
3278943414||3278943414||1109653200||es||
3278943419||3278943419||1109653200||es||
3278943436||3278943436||1109653200||es||
3278943465||3278943465||1109653200||es||
3278943467||3278943467||1109653200||es||
3278943470||3278943471||1109653200||es||
3278943513||3278943513||1109653200||es||
3278943516||3278943517||1109653200||es||
3278943521||3278943521||1109653200||es||
3278943533||3278943533||1109653200||es||
3278943536||3278943537||1109653200||es||
3278943540||3278943540||1109653200||es||
3278943569||3278943569||1109653200||es||
3278943587||3278943587||1109653200||es||
3278943594||3278943594||1109653200||es||
3278943599||3278943599||1109653200||es||
3278943604||3278943604||1109653200||es||
3278943608||3278943608||1109653200||es||
3278943617||3278943617||1109653200||es||
3278943650||3278943650||1109653200||es||
3278943662||3278943662||1109653200||es||
3278943664||3278943666||1109653200||es||
3278943673||3278943673||1109653200||es||
3278943690||3278943690||1109653200||es||
3278943706||3278943706||1109653200||es||
3278943714||3278943714||1109653200||es||
3278943716||3278943716||1109653200||es||
3278943737||3278943737||1109653200||es||
3278943748||3278943749||1109653200||es||
3278943767||3278943767||1109653200||es||
3278943772||3278943772||1109653200||es||
3278943789||3278943789||1109653200||es||
3278943797||3278943797||1109653200||es||
3278943806||3278943806||1109653200||es||
3278943814||3278943814||1109653200||es||
3278943828||3278943828||1109653200||es||
3278943830||3278943830||1109653200||es||
3278943837||3278943837||1109653200||es||
3278943854||3278943854||1109653200||es||
3278943867||3278943867||1109653200||es||
3278943891||3278943891||1109653200||es||
3278943897||3278943897||1109653200||es||
3278943900||3278943900||1109653200||es||
3278943918||3278943918||1109653200||es||
3278943922||3278943922||1109653200||es||
3278943925||3278943926||1109653200||es||
3278943933||3278943933||1109653200||es||
3278943948||3278943948||1109653200||es||
3278943968||3278943968||1109653200||es||
3278943970||3278943970||1109653200||es||
3278943979||3278943979||1109653200||es||
3278943982||3278943982||1109653200||es||
3278943988||3278943988||1109653200||es||
3278944039||3278944039||1109653200||es||
3278944059||3278944059||1109653200||es||
3278944068||3278944068||1109653200||es||
3278944074||3278944075||1109653200||es||
3278944083||3278944084||1109653200||es||
3278944109||3278944109||1109653200||es||
3278944115||3278944116||1109653200||es||
3278944119||3278944119||1109653200||es||
3278944126||3278944126||1109653200||es||
3278944134||3278944134||1109653200||es||
3278944148||3278944148||1109653200||es||
3278944176||3278944176||1109653200||es||
3278944183||3278944184||1109653200||es||
3278944218||3278944218||1109653200||es||
3278944242||3278944242||1109653200||es||
3278944244||3278944244||1109653200||es||
3278944247||3278944247||1109653200||es||
3278944249||3278944249||1109653200||es||
3278945845||3278945845||1109653200||es||
3278945863||3278945863||1109653200||es||
3278945875||3278945875||1109653200||es||
3278945895||3278945895||1109653200||es||
3278945898||3278945898||1109653200||es||
3279077376||3279081215||1109653200||es||
3279081232||3279083583||1109653200||es||
3279083600||3279083807||1109653200||es||
3279083824||3279085359||1109653200||es||
3279085376||3279085567||1109653200||es||
3279295232||3279295487||1109653200||es||
3279296512||3279297279||1109653200||es||
3279305664||3279305727||1109653200||es||
3279339520||3279340031||1109653200||es||
3279348992||3279349247||1109653200||es||
3280453632||3280454655||1109653200||es||
3280772096||3280773119||1109653200||es||
3281074672||3281074679||1109653200||es||
3281119544||3281119551||1109653200||es||
3281350912||3281351167||1109653200||es||
3281362768||3281362783||1109653200||es||
3281375232||3281377279||1109653200||es||
3281973120||3281973247||1109653200||es||
3282100224||3282101247||1109653200||es||
3283554080||3283554095||1109653200||es||
3283561408||3283561471||1109653200||es||
3283567472||3283567487||1109653200||es||
3283585024||3283585279||1109653200||es||
3283585536||3283585679||1109653200||es||
3283585728||3283585791||1109653200||es||
3283586048||3283586503||1109653200||es||
3283651168||3283651183||1109653200||es||
3283655680||3283655935||1109653200||es||
3283656448||3283656559||1109653200||es||
3285493760||3285493887||1109653200||es||
3285493952||3285493983||1109653200||es||
3285493992||3285494015||1109653200||es||
3285496336||3285496495||1109653200||es||
3285496528||3285496543||1109653200||es||
3285503488||3285503615||1109653200||es||
3285518352||3285518367||1109653200||es||
3285518464||3285518591||1109653200||es||
3285523080||3285523087||1109653200||es||
3285524896||3285524927||1109653200||es||
3285526528||3285526783||1109653200||es||
3285531040||3285531071||1109653200||es||
3285532224||3285532231||1109653200||es||
3285534800||3285534815||1109653200||es||
3285535124||3285535127||1109653200||es||
3285536960||3285536991||1109653200||es||
3285538880||3285539071||1109653200||es||
3285541632||3285541663||1109653200||es||
3285543792||3285543795||1109653200||es||
3285544320||3285544335||1109653200||es||
3285544480||3285544511||1109653200||es||
3285546016||3285546063||1109653200||es||
3285546072||3285546111||1109653200||es||
3285560352||3285560383||1109653200||es||
3285572368||3285572383||1109653200||es||
3285575168||3285575423||1109653200||es||
3285579008||3285579519||1109653200||es||
3285913152||3285913215||1109653200||es||
3285913856||3285915647||1109653200||es||
3285915904||3285916159||1109653200||es||
3285923328||3285924415||1109653200||es||
3285924480||3285924863||1109653200||es||
3285926400||3285926431||1109653200||es||
3285928032||3285928095||1109653200||es||
3285928128||3285928191||1109653200||es||
3285929392||3285929407||1109653200||es||
3285930560||3285930575||1109653200||es||
3285933312||3285933567||1109653200||es||
3285933824||3285933951||1109653200||es||
3285935104||3285935359||1109653200||es||
3285938560||3285938591||1109653200||es||
3285938608||3285938623||1109653200||es||
3285938632||3285938639||1109653200||es||
3285938944||3285938951||1109653200||es||
3285938976||3285939039||1109653200||es||
3285939072||3285940223||1109653200||es||
3285940480||3285940735||1109653200||es||
3285942784||3285943039||1109653200||es||
3285943296||3285943567||1109653200||es||
3285943584||3285943679||1109653200||es||
3285943808||3285944319||1109653200||es||
3285945344||3285945599||1109653200||es||
3285946112||3285946367||1109653200||es||
3285947648||3285947903||1109653200||es||
3285949440||3285949831||1109653200||es||
3285949952||3285950463||1109653200||es||
3285955840||3285956095||1109653200||es||
3285958144||3285958655||1109653200||es||
3285958912||3285959423||1109653200||es||
3285959936||3285960191||1109653200||es||
3286928384||3286928639||1109653200||es||
3286935040||3286935551||1109653200||es||
3286938368||3286938623||1109653200||es||
3286958080||3287023615||1109653200||es||
3287499576||3287499583||1109653200||es||
3287544704||3287544711||1109653200||es||
3287663616||3287663871||1109653200||es||
3287667712||3287667967||1109653200||es||
3287676928||3287677183||1109653200||es||
3287736320||3287744511||1109653200||es||
3345434880||3345435135||1109653200||es||
3345436928||3345437183||1109653200||es||
3437752064||3437752319||1109653200||es||
3471059456||3471060223||1109653200||es||
3556794368||3556794623||1109653200||es||
3556794880||3556795647||1109653200||es||
3556795680||3556802559||1109653200||es||
3557056512||3557064703||1109653200||es||
3557236736||3557244927||1109653200||es||
3557310464||3557326847||1109653200||es||
3557376000||3557384191||1109653200||es||
3557711872||3557720063||1109653200||es||
3557810176||3557818367||1109653200||es||
3558195456||3558195967||1109653200||es||
3558196128||3558196159||1109653200||es||
3558196192||3558196199||1109653200||es||
3558196228||3558196231||1109653200||es||
3558196281||3558196287||1109653200||es||
3558196356||3558196359||1109653200||es||
3558196496||3558196527||1109653200||es||
3558196560||3558196719||1109653200||es||
3558203392||3558211583||1109653200||es||
3558219776||3558227967||1109653200||es||
3558288064||3558288127||1109653200||es||
3558290688||3558290943||1109653200||es||
3558368064||3558368079||1109653200||es||
3558372736||3558373375||1109653200||es||
3558440960||3558449151||1109653200||es||
3558809600||3558817791||1109653200||es||
3558850560||3558850815||1109653200||es||
3558851328||3558851359||1109653200||es||
3558851392||3558851471||1109653200||es||
3558851480||3558851807||1109653200||es||
3558851824||3558852095||1109653200||es||
3558852608||3558852991||1109653200||es||
3558853408||3558853439||1109653200||es||
3558853468||3558853503||1109653200||es||
3558853512||3558853535||1109653200||es||
3558853568||3558853599||1109653200||es||
3558853608||3558853615||1109653200||es||
3558853632||3558854655||1109653200||es||
3558854928||3558854975||1109653200||es||
3558855184||3558855423||1109653200||es||
3558855432||3558855679||1109653200||es||
3558855688||3558855935||1109653200||es||
3558856576||3558856639||1109653200||es||
3559030784||3559038975||1109653200||es||
3559145472||3559153663||1109653200||es||
3559448576||3559456767||1109653200||es||
3559490656||3559490687||1109653200||es||
3559490720||3559490751||1109653200||es||
3559491136||3559491167||1109653200||es||
3559491200||3559491231||1109653200||es||
3559491440||3559491447||1109653200||es||
3559491456||3559491583||1109653200||es||
3559491712||3559491839||1109653200||es||
3559492024||3559492031||1109653200||es||
3559493120||3559493279||1109653200||es||
3559493350||3559493359||1109653200||es||
3559493368||3559493375||1109653200||es||
3559677960||3559678207||1109653200||es||
3559678392||3559678407||1109653200||es||
3559678424||3559678431||1109653200||es||
3559678440||3559678463||1109653200||es||
3559678640||3559678647||1109653200||es||
3559678656||3559678719||1109653200||es||
3559678904||3559678911||1109653200||es||
3559678928||3559678975||1109653200||es||
3559679104||3559679231||1109653200||es||
3559679416||3559679487||1109653200||es||
3559679584||3559679591||1109653200||es||
3559679600||3559679607||1109653200||es||
3559679632||3559679639||1109653200||es||
3559679664||3559679679||1109653200||es||
3559679752||3559679759||1109653200||es||
3559679856||3559679999||1109653200||es||
3559680056||3559680095||1109653200||es||
3559680112||3559680127||1109653200||es||
3559680152||3559680199||1109653200||es||
3559680224||3559680255||1109653200||es||
3559680360||3559680447||1109653200||es||
3559680632||3559680639||1109653200||es||
3559680680||3559680687||1109653200||es||
3559680696||3559680767||1109653200||es||
3559680832||3559680959||1109653200||es||
3559681016||3559681023||1109653200||es||
3559681032||3559681087||1109653200||es||
3559681096||3559681119||1109653200||es||
3559681144||3559681147||1109653200||es||
3559681240||3559681279||1109653200||es||
3559681352||3559681359||1109653200||es||
3559681376||3559681535||1109653200||es||
3559681608||3559681615||1109653200||es||
3559681632||3559681655||1109653200||es||
3559681672||3559681727||1109653200||es||
3559681736||3559681791||1109653200||es||
3559681904||3559682047||1109653200||es||
3559682084||3559682087||1109653200||es||
3559682096||3559684863||1109653200||es||
3559684880||3559685119||1109653200||es||
3559685504||3559685631||1109653200||es||
3559685696||3559685887||1109653200||es||
3559685897||3559686143||1109653200||es||
3560013824||3560030207||1109653200||es||
3560120320||3560128511||1109653200||es||
3560374272||3560382463||1109653200||es||
3560685568||3560693759||1109653200||es||
3560939556||3560939559||1109653200||es||
3560939572||3560939579||1109653200||es||
3560939688||3560939691||1109653200||es||
3560939704||3560939707||1109653200||es||
3560939844||3560939847||1109653200||es||
3560939852||3560939855||1109653200||es||
3560939864||3560939867||1109653200||es||
3560939896||3560939899||1109653200||es||
3560939916||3560939919||1109653200||es||
3560939968||3560939971||1109653200||es||
3560939988||3560939991||1109653200||es||
3560940000||3560940007||1109653200||es||
3560940048||3560940051||1109653200||es||
3560940076||3560940079||1109653200||es||
3560940156||3560940159||1109653200||es||
3560940208||3560940211||1109653200||es||
3560940328||3560940331||1109653200||es||
3560940388||3560940391||1109653200||es||
3560940480||3560940487||1109653200||es||
3560940492||3560940495||1109653200||es||
3560940576||3560940579||1109653200||es||
3560940704||3560940707||1109653200||es||
3560940716||3560940719||1109653200||es||
3560940792||3560940799||1109653200||es||
3560940828||3560940831||1109653200||es||
3560940844||3560940851||1109653200||es||
3560940892||3560940895||1109653200||es||
3560940924||3560940927||1109653200||es||
3560941000||3560941003||1109653200||es||
3560941136||3560941139||1109653200||es||
3560941156||3560941159||1109653200||es||
3560941176||3560941179||1109653200||es||
3560941188||3560941191||1109653200||es||
3560941264||3560941271||1109653200||es||
3560941288||3560941291||1109653200||es||
3560941320||3560941323||1109653200||es||
3560941356||3560941359||1109653200||es||
3560941444||3560941447||1109653200||es||
3560941476||3560941479||1109653200||es||
3560941484||3560941487||1109653200||es||
3560941500||3560941503||1109653200||es||
3560941588||3560941591||1109653200||es||
3560941628||3560941631||1109653200||es||
3560941748||3560941751||1109653200||es||
3560941792||3560941795||1109653200||es||
3560941804||3560941807||1109653200||es||
3560941828||3560941831||1109653200||es||
3560941888||3560941891||1109653200||es||
3560941896||3560941899||1109653200||es||
3560942020||3560942023||1109653200||es||
3560942064||3560942067||1109653200||es||
3560942132||3560942135||1109653200||es||
3560942156||3560942159||1109653200||es||
3560942164||3560942171||1109653200||es||
3560942180||3560942183||1109653200||es||
3560942196||3560942199||1109653200||es||
3560942260||3560942263||1109653200||es||
3560942308||3560942319||1109653200||es||
3560942352||3560942355||1109653200||es||
3560942456||3560942459||1109653200||es||
3560942468||3560942471||1109653200||es||
3560942480||3560942483||1109653200||es||
3560942496||3560942499||1109653200||es||
3560942504||3560942511||1109653200||es||
3560942564||3560942567||1109653200||es||
3560942588||3560942590||1109653200||es||
3560942656||3560942663||1109653200||es||
3560942700||3560942703||1109653200||es||
3560942740||3560942743||1109653200||es||
3560942772||3560942775||1109653200||es||
3560942820||3560942823||1109653200||es||
3560942844||3560942847||1109653200||es||
3560942852||3560942855||1109653200||es||
3560942896||3560942899||1109653200||es||
3560942912||3560942915||1109653200||es||
3560942952||3560942955||1109653200||es||
3560943016||3560943019||1109653200||es||
3560943044||3560943047||1109653200||es||
3560943076||3560943079||1109653200||es||
3560943110||3560943111||1109653200||es||
3560943114||3560943115||1109653200||es||
3560943122||3560943122||1109653200||es||
3560943133||3560943133||1109653200||es||
3560943137||3560943137||1109653200||es||
3560943140||3560943140||1109653200||es||
3560943150||3560943150||1109653200||es||
3560943168||3560943168||1109653200||es||
3560943170||3560943170||1109653200||es||
3560943172||3560943172||1109653200||es||
3560943182||3560943183||1109653200||es||
3560943186||3560943186||1109653200||es||
3560943193||3560943193||1109653200||es||
3560943209||3560943210||1109653200||es||
3560943219||3560943219||1109653200||es||
3560943222||3560943222||1109653200||es||
3560943238||3560943238||1109653200||es||
3560943254||3560943254||1109653200||es||
3560943257||3560943257||1109653200||es||
3560943260||3560943260||1109653200||es||
3560943272||3560943272||1109653200||es||
3560943281||3560943281||1109653200||es||
3560943283||3560943283||1109653200||es||
3560943293||3560943293||1109653200||es||
3560943297||3560943297||1109653200||es||
3560943302||3560943302||1109653200||es||
3560943307||3560943307||1109653200||es||
3560943314||3560943314||1109653200||es||
3560943319||3560943319||1109653200||es||
3560943336||3560943336||1109653200||es||
3560943342||3560943342||1109653200||es||
3560943347||3560943347||1109653200||es||
3560943357||3560943357||1109653200||es||
3560943376||3560943376||1109653200||es||
3560943379||3560943380||1109653200||es||
3560943385||3560943385||1109653200||es||
3560943394||3560943394||1109653200||es||
3560943406||3560943407||1109653200||es||
3560943409||3560943409||1109653200||es||
3560943413||3560943413||1109653200||es||
3560943425||3560943425||1109653200||es||
3560943437||3560943437||1109653200||es||
3560943442||3560943442||1109653200||es||
3560943457||3560943457||1109653200||es||
3560943460||3560943460||1109653200||es||
3560943464||3560943464||1109653200||es||
3560943475||3560943475||1109653200||es||
3560943483||3560943486||1109653200||es||
3560943488||3560943488||1109653200||es||
3560943501||3560943501||1109653200||es||
3560943514||3560943515||1109653200||es||
3560943544||3560943544||1109653200||es||
3560943557||3560943557||1109653200||es||
3560943578||3560943578||1109653200||es||
3560943583||3560943583||1109653200||es||
3560943586||3560943586||1109653200||es||
3560943595||3560943596||1109653200||es||
3560943604||3560943604||1109653200||es||
3560943613||3560943613||1109653200||es||
3560943619||3560943620||1109653200||es||
3560943624||3560943624||1109653200||es||
3560943626||3560943626||1109653200||es||
3560943633||3560943633||1109653200||es||
3560943635||3560943635||1109653200||es||
3560943639||3560943639||1109653200||es||
3560943647||3560943647||1109653200||es||
3560943678||3560943680||1109653200||es||
3560943727||3560943727||1109653200||es||
3560943753||3560943753||1109653200||es||
3560943781||3560943781||1109653200||es||
3560943787||3560943787||1109653200||es||
3560943804||3560943804||1109653200||es||
3560943806||3560943806||1109653200||es||
3560943811||3560943811||1109653200||es||
3560943828||3560943828||1109653200||es||
3560943867||3560943867||1109653200||es||
3560944564||3560944567||1109653200||es||
3560944644||3560944647||1109653200||es||
3560944780||3560944783||1109653200||es||
3560944792||3560944795||1109653200||es||
3560944800||3560944803||1109653200||es||
3560944812||3560944815||1109653200||es||
3560944876||3560944879||1109653200||es||
3560944884||3560944887||1109653200||es||
3560946280||3560946280||1109653200||es||
3561005056||3561013247||1109653200||es||
3561136128||3561144319||1109653200||es||
3561562112||3561570303||1109653200||es||
3561637120||3561637375||1109653200||es||
3561725952||3561734143||1109653200||es||
3561914368||3561922559||1109653200||es||
3561979904||3561988095||1109653200||es||
3562045440||3562053631||1109653200||es||
3562054656||3562054911||1151034661||es||
3562055168||3562055231||1109653200||es||
3562055264||3562055279||1109653200||es||
3562055296||3562055359||1109653200||es||
3562055392||3562055439||1109653200||es||
3562055456||3562055487||1109653200||es||
3562055520||3562055743||1109653200||es||
3562055936||3562055967||1109653200||es||
3562056104||3562056191||1109653200||es||
3562056256||3562056287||1109653200||es||
3562056336||3562056343||1109653200||es||
3562056352||3562056703||1109653200||es||
3562056840||3562056847||1109653200||es||
3562057056||3562057119||1109653200||es||
3562057984||3562058239||1109653200||es||
3562061056||3562061311||1109653200||es||
3562110976||3562143743||1109653200||es||
3562348544||3562356735||1109653200||es||
3562520576||3562528767||1109653200||es||
3562602496||3562610687||1109653200||es||
3562807296||3562815487||1109653200||es||
3563044864||3563053055||1109653200||es||
3563167744||3563175935||1109653200||es||
3563405312||3563407871||1109653200||es||
3563407904||3563413503||1109653200||es||
3563765760||3563782143||1109653200||es||
3563848384||3563848447||1109653200||es||
3563848576||3563848583||1109653200||es||
3563848608||3563848703||1109653200||es||
3563848976||3563848991||1109653200||es||
3563849088||3563849183||1109653200||es||
3563849198||3563849199||1109653200||es||
3563849208||3563849215||1109653200||es||
3563850048||3563850111||1109653200||es||
3563850752||3563850767||1109653200||es||
3563850816||3563850991||1109653200||es||
3563850996||3563851007||1109653200||es||
3563851200||3563851263||1109653200||es||
3563852032||3563852071||1109653200||es||
3563852096||3563852175||1109653200||es||
3563852192||3563852271||1109653200||es||
3563852288||3563852415||1109653200||es||
3563852544||3563852799||1109653200||es||
3563853328||3563853823||1109653200||es||
3563854096||3563854103||1109653200||es||
3563854184||3563854239||1109653200||es||
3563854260||3563854591||1109653200||es||
3563855360||3563855551||1109653200||es||
3563855584||3563855615||1109653200||es||
3564068864||3564077055||1109653200||es||
3564331008||3564339199||1109653200||es||
3564756992||3564765183||1109653200||es||
3564789760||3564797951||1109653200||es||
3564946856||3564946863||1109653200||es||
3564957856||3564957859||1109653200||es||
3564958800||3564958815||1109653200||es||
3565158400||3565223935||1109653200||es||
3565488384||3565488895||1109653200||es||
3565489824||3565489919||1109653200||es||
3565491424||3565491455||1109653200||es||
3565493688||3565493695||1109653200||es||
3565493728||3565493759||1109653200||es||
3565493792||3565493807||1109653200||es||
3565494528||3565494543||1109653200||es||
3565497288||3565497311||1109653200||es||
3565497888||3565497895||1109653200||es||
3565497968||3565497983||1109653200||es||
3565498560||3565498623||1109653200||es||
3565499136||3565499263||1109653200||es||
3565500160||3565500415||1109653200||es||
3565500552||3565500567||1109653200||es||
3565501056||3565501087||1109653200||es||
3565501200||3565501231||1109653200||es||
3565501248||3565501311||1109653200||es||
3565501664||3565501679||1109653200||es||
3565502240||3565502271||1109653200||es||
3565502304||3565502335||1109653200||es||
3565503488||3565503999||1109653200||es||
3565504512||3565508607||1109653200||es||
3565508864||3565510655||1109653200||es||
3565513984||3565514111||1109653200||es||
3565514752||3565518847||1109653200||es||
3566108672||3566141439||1109653200||es||
3566272512||3566338047||1109653200||es||
3567145472||3567145727||1109653200||es||
3567452160||3567517695||1109653200||es||
3567665152||3567673343||1109653200||es||
3567681536||3567693823||1109653200||es||
3567693856||3567693863||1109653200||es||
3567694336||3567694599||1109653200||es||
3567694624||3567694639||1109653200||es||
3567694720||3567694735||1109653200||es||
3567694752||3567694767||1109653200||es||
3567694784||3567694811||1109653200||es||
3567694872||3567694879||1109653200||es||
3567694928||3567694951||1109653200||es||
3567694968||3567694975||1109653200||es||
3567695360||3567695367||1109653200||es||
3567695616||3567695631||1109653200||es||
3567696384||3567696647||1109653200||es||
3567696704||3567696735||1109653200||es||
3567696760||3567696799||1109653200||es||
3567696896||3567697151||1109653200||es||
3567697664||3567697919||1109653200||es||
3567697944||3567697951||1109653200||es||
3567697968||3567697975||1109653200||es||
3567697984||3567697991||1109653200||es||
3567698008||3567698015||1109653200||es||
3567698048||3567698063||1109653200||es||
3567698432||3567698463||1109653200||es||
3567698696||3567698711||1109653200||es||
3567698944||3567698959||1109653200||es||
3567699200||3567699207||1109653200||es||
3567699456||3567699463||1109653200||es||
3567699712||3567699839||1109653200||es||
3567701504||3567714303||1109653200||es||
3567910912||3567976447||1109653200||es||
3568812032||3568828415||1109653200||es||
3568876160||3568876287||1109653200||es||
3569732080||3569732095||1109653200||es||
3569733968||3569733983||1109653200||es||
3569736072||3569736079||1109653200||es||
3571343496||3571343503||1109653200||es||
3571369760||3571369791||1109653200||es||
3571843072||3571974143||1109653200||es||
3572447256||3572447263||1109653200||es||
3573547008||3573612543||1109653200||es||
3573809152||3573874687||1109653200||es||
3574153416||3574153427||1109653200||es||
3574154048||3574154079||1109653200||es||
3574169600||3574202367||1109653200||es||
3575349248||3575382015||1109653200||es||
3575580928||3575581439||1109653200||es||
3575581824||3575581951||1109653200||es||
3575587104||3575587119||1109653200||es||
3575626336||3575626351||1109653200||es||
3575628816||3575628823||1109653200||es||
3575630016||3575630023||1109653200||es||
3575633136||3575633143||1109653200||es||
3575634592||3575634599||1109653200||es||
3575634792||3575634799||1109653200||es||
3575635024||3575635039||1109653200||es||
3575636872||3575636879||1109653200||es||
3575971840||3576037375||1109653200||es||
3576954880||3576987647||1109653200||es||
3577479168||3577544703||1109653200||es||
3577665536||3577665591||1109653200||es||
3577665616||3577665679||1109653200||es||
3577666048||3577666175||1109653200||es||
3578339328||3578347519||1109653200||es||
3579707392||3579723775||1109653200||es||
3579838464||3580100607||1109653200||es||
3580248064||3580250111||1109653200||es||
3581976576||3581984767||1109653200||es||
3582042112||3582050303||1109653200||es||
3582292960||3582292967||1109653200||es||
3582337024||3582341119||1109653200||es||
3582343168||3582345215||1109653200||es||
3582656512||3582664047||1109653200||es||
3582664056||3582664703||1109653200||es||
3582730240||3582735871||1109653200||es||
3582736128||3582736383||1109653200||es||
3582737664||3582737919||1109653200||es||
3582795776||3582803967||1109653200||es||
3582926848||3582935039||1109653200||es||
3582992384||3583000575||1109653200||es||
3583098880||3583107071||1109653200||es||
3583344640||3583352831||1109653200||es||
3583369216||3583377407||1109653200||es||
3583467520||3583475711||1109653200||es||
3584212992||3584221183||1109653200||es||
3584303104||3584311295||1109653200||es||
3584335872||3584344063||1109653200||es||
3584548864||3584557055||1109653200||es||
3584565248||3584573439||1109653200||es||
3584696320||3584696575||1109653200||es||
3584696704||3584698463||1109653200||es||
3584698480||3584698543||1109653200||es||
3584698560||3584700159||1109653200||es||
3584700224||3584700231||1109653200||es||
3584700240||3584700287||1109653200||es||
3584700296||3584700303||1109653200||es||
3584700312||3584700415||1109653200||es||
3584702464||3584702943||1109653200||es||
3584702952||3584702975||1109653200||es||
3584703232||3584703487||1109653200||es||
3584703872||3584703959||1109653200||es||
3584703968||3584703983||1109653200||es||
3584811008||3584819199||1109653200||es||
3584827392||3584835583||1109653200||es||
3584970240||3584970303||1109653200||es||
3585122304||3585130495||1109653200||es||
3585302528||3585310719||1109653200||es||
3585998848||3586007039||1109653200||es||
3586181120||3586182143||1109653200||es||
3586189824||3586190335||1109653200||es||
3586192384||3586192639||1109653200||es||
3586192896||3586192907||1109653200||es||
3586192912||3586192959||1109653200||es||
3586269216||3586269247||1109653200||es||
3586269280||3586269311||1109653200||es||
3586269376||3586269407||1109653200||es||
3586269424||3586269439||1109653200||es||
3586269472||3586269487||1109653200||es||
3586269496||3586269519||1109653200||es||
3586269536||3586269631||1109653200||es||
3586269760||3586269775||1109653200||es||
3586269792||3586269823||1109653200||es||
3586269856||3586269887||1109653200||es||
3586269952||3586271231||1109653200||es||
3586271616||3586272767||1109653200||es||
3586272800||3586272831||1109653200||es||
3586272896||3586272959||1109653200||es||
3586293760||3586310143||1109653200||es||
3586342912||3586359295||1109653200||es||
3586680064||3586680447||1109653200||es||
3586680464||3586680559||1109653200||es||
3586680576||3586680831||1109653200||es||
3586719744||3586752511||1109653200||es||
3587289344||3587289347||1109653200||es||
3587289360||3587289367||1109653200||es||
3587289388||3587289391||1109653200||es||
3587289400||3587289407||1109653200||es||
3587289908||3587289911||1109653200||es||
3587292416||3587292419||1109653200||es||
3587375104||3587383295||1109653200||es||
3587964928||3587981311||1109653200||es||
3588423680||3588440063||1109653200||es||
3588538368||3588538623||1109653200||es||
3588587520||3588603903||1109653200||es||
3588702208||3588734975||1109653200||es||
3588882432||3588890623||1109653200||es||
3589013504||3589021695||1109653200||es||
3589029952||3589029983||1109653200||es||
3589030048||3589030079||1109653200||es||
3589030656||3589033983||1109653200||es||
3589034016||3589034111||1109653200||es||
3589034144||3589034159||1109653200||es||
3589034168||3589034183||1109653200||es||
3589034216||3589034223||1109653200||es||
3589034232||3589034239||1109653200||es||
3589034272||3589034303||1109653200||es||
3589034336||3589034367||1109653200||es||
3589034496||3589038079||1109653200||es||
3589040128||3589042207||1109653200||es||
3589042368||3589043231||1109653200||es||
3589043328||3589043455||1109653200||es||
3589043712||3589044223||1109653200||es||
3589044320||3589046271||1109653200||es||
3589153028||3589153031||1109653200||es||
3589269344||3589269351||1109653200||es||
3589269376||3589269407||1109653200||es||
3589269920||3589269951||1109653200||es||
3589424640||3589425151||1109653200||es||
3589433440||3589433471||1109653200||es||
3589434624||3589434879||1109653200||es||
3589747072||3589747103||1109653200||es||
3589963776||3589971231||1109653200||es||
3589971248||3589980159||1109653200||es||
3590209536||3590225919||1109653200||es||
3590249216||3590249471||1109653200||es||
3590251008||3590251551||1109653200||es||
3590251840||3590251903||1109653200||es||
3590252032||3590252543||1109653200||es||
3590254592||3590254879||1109653200||es||
3590254912||3590254975||1109653200||es||
3590255040||3590255055||1109653200||es||
3590255360||3590255615||1109653200||es||
3625019136||3625019391||1109653200||es||
3641098192||3641098207||1109653200||es||
3641158128||3641158135||1109653200||es||
3641158336||3641158343||1109653200||es||
3641158520||3641158527||1109653200||es||
3641159680||3641159687||1109653200||es||
3641159728||3641159743||1109653200||es||
3641159768||3641159775||1109653200||es||
3641331712||3641335807||1109653200||es||
3641401344||3641409535||1109653200||es||
3641446400||3641450495||1109653200||es||
3641528320||3641532415||1109653200||es||
3641536512||3641540607||1109653200||es||
3641581568||3641585663||1109653200||es||
3641647104||3641651199||1109653200||es||
3641741312||3641745407||1109653200||es||
3641765888||3641769983||1109653200||es||
3641843712||3641847807||1109653200||es||
3641876480||3641880575||1109653200||es||
3642122240||3642126335||1109653200||es||
3642191424||3642191455||1109653200||es||
3642191552||3642191583||1109653200||es||
3642421248||3642425343||1109653200||es||
3642695680||3642699775||1109653200||es||
3644915712||3644919807||1109653200||es||
3645243392||3645247487||1109653200||es||
3645304832||3645308927||1109653200||es||
3645313024||3645317119||1109653200||es||
3645335296||3645335551||1109653200||es||
3645358080||3645362175||1109653200||es||
3645552472||3645552479||1109653200||es||
3645628416||3645636607||1109653200||es||
3645669376||3645669631||1109653200||es||
3645669856||3645670399||1109653200||es||
3645670912||3645673471||1109653200||es||
3645673536||3645675263||1109653200||es||
3645675520||3645675760||1109653200||es||
3645675776||3645676016||1109653200||es||
3645676032||3645677567||1109653200||es||
3645698048||3645702143||1109653200||es||
3645763590||3645763590||1109653200||es||
3645763593||3645763593||1109653200||es||
3645763615||3645763615||1109653200||es||
3645763618||3645763618||1109653200||es||
3645763646||3645763647||1109653200||es||
3645763654||3645763654||1109653200||es||
3645763687||3645763687||1109653200||es||
3645763739||3645763741||1109653200||es||
3645763753||3645763753||1109653200||es||
3645763762||3645763762||1109653200||es||
3645763790||3645763790||1109653200||es||
3645763793||3645763793||1109653200||es||
3645763802||3645763802||1109653200||es||
3645763818||3645763818||1109653200||es||
3645763823||3645763823||1109653200||es||
3645763863||3645763864||1109653200||es||
3645763890||3645763890||1109653200||es||
3645763895||3645763895||1109653200||es||
3645763899||3645763899||1109653200||es||
3645763910||3645763910||1109653200||es||
3645763922||3645763922||1109653200||es||
3645763930||3645763930||1109653200||es||
3645763938||3645763938||1109653200||es||
3645763943||3645763943||1109653200||es||
3645763950||3645763950||1109653200||es||
3645763962||3645763962||1109653200||es||
3645763969||3645763969||1109653200||es||
3645763971||3645763971||1109653200||es||
3645763993||3645763993||1109653200||es||
3645763995||3645763995||1109653200||es||
3645764018||3645764018||1109653200||es||
3645764022||3645764022||1109653200||es||
3645764024||3645764026||1109653200||es||
3645764029||3645764029||1109653200||es||
3645764031||3645764031||1109653200||es||
3645764033||3645764033||1109653200||es||
3645764036||3645764037||1109653200||es||
3645764040||3645764040||1109653200||es||
3645764044||3645764044||1109653200||es||
3645764046||3645764046||1109653200||es||
3645764049||3645764049||1109653200||es||
3645764079||3645764079||1109653200||es||
3645764113||3645764114||1109653200||es||
3645764132||3645764132||1109653200||es||
3645764138||3645764138||1109653200||es||
3645764141||3645764141||1109653200||es||
3645764150||3645764150||1109653200||es||
3645764155||3645764155||1109653200||es||
3645764161||3645764161||1109653200||es||
3645764168||3645764168||1109653200||es||
3645764178||3645764178||1109653200||es||
3645764193||3645764194||1109653200||es||
3645764204||3645764204||1109653200||es||
3645764223||3645764224||1109653200||es||
3645764239||3645764240||1109653200||es||
3645764252||3645764253||1109653200||es||
3645764269||3645764270||1109653200||es||
3645764279||3645764279||1109653200||es||
3645764295||3645764295||1109653200||es||
3645764304||3645764304||1109653200||es||
3645764311||3645764313||1109653200||es||
3645764317||3645764317||1109653200||es||
3645764326||3645764326||1109653200||es||
3645764329||3645764329||1109653200||es||
3645764334||3645764334||1109653200||es||
3645764343||3645764343||1109653200||es||
3645764371||3645764371||1109653200||es||
3645765212||3645765219||1109653200||es||
3645765248||3645765251||1109653200||es||
3645765284||3645765287||1109653200||es||
3645765296||3645765299||1109653200||es||
3645765324||3645765331||1109653200||es||
3645765356||3645765359||1109653200||es||
3645765364||3645765367||1109653200||es||
3645765392||3645765403||1109653200||es||
3645765448||3645765451||1109653200||es||
3645765564||3645765567||1109653200||es||
3648020480||3648024575||1109653200||es||
3648122880||3648126975||1109653200||es||
3648159744||3648163839||1109653200||es||
3648192512||3648193023||1109653200||es||
3648193216||3648193279||1109653200||es||
3648193440||3648196607||1109653200||es||
3648258048||3648266239||1109653200||es||
3648319488||3648319519||1109653200||es||
3648418080||3648418127||1109653200||es||
3648419520||3648419583||1109653200||es||
3648447056||3648447063||1109653200||es||
3648782336||3649044479||1109653200||es||
3649175552||3649241087||1109653200||es||
3649835008||3649839103||1109653200||es||
3650203648||3650207743||1109653200||es||
3650371584||3650375679||1109653200||es||
3650420736||3650424831||1109653200||es||
3650457600||3650461695||1109653200||es||
3650539520||3650543615||1109653200||es||
3651223648||3651223663||1109653200||es||
3651665920||3651670015||1109653200||es||
3651939648||3651939711||1109653200||es||
3651939744||3651939759||1109653200||es||
3651944448||3651948543||1109653200||es||
3652022272||3652026367||1109653200||es||
3652028224||3652028255||1109653200||es||
3652034208||3652034239||1109653200||es||
3652034368||3652034383||1109653200||es||
3654811648||3654942719||1109653200||es||
3656229704||3656229711||1109653200||es||
