--||--||--||lk||Sri Lanka
1358899240||1358899247||1109653200||lk||
1358899600||1358899607||1109653200||lk||
1358899632||1358899639||1109653200||lk||
2083192832||2083258367||1159490509||lk||
3237478400||3237511167||1109653200||lk||
3263516416||3263516671||1109653200||lk||
3389571072||3389575167||1109653200||lk||
3390382080||3390390271||1109653200||lk||
3392372736||3392380927||1109653200||lk||
3393568768||3393572863||1109653200||lk||
3393743872||3393744127||1109653200||lk||
3397165056||3397173247||1109653200||lk||
3400438016||3400438079||1109653200||lk||
3400440496||3400440499||1109653200||lk||
3400441312||3400441319||1109653200||lk||
3400441328||3400441335||1109653200||lk||
3410796544||3410800639||1109653200||lk||
3411107840||3411111935||1109653200||lk||
3411951616||3411967999||1109653200||lk||
3413311488||3413327871||1109653200||lk||
3415146496||3415162879||1109653200||lk||
3416293376||3416297471||1109653200||lk||
3418177536||3418181631||1109653200||lk||
3523338240||3523342335||1109653200||lk||
3639401552||3639401559||1109653200||lk||
3707224064||3707240447||1109653200||lk||
3735388160||3735404543||1109653200||lk||
