--||--||--||se||Sweden
1040416768||1040424959||1109653200||se||
1040515072||1040547839||1109653200||se||
1041039360||1041051647||1109653200||se||
1041051840||1041052159||1109653200||se||
1041052176||1041072127||1109653200||se||
1041498112||1041563647||1109653200||se||
1044365312||1044381695||1127452642||se||
1044447232||1044451583||1109653200||se||
1044451840||1044453183||1109653200||se||
1044453264||1044454399||1109653200||se||
1044454416||1044454423||1109653200||se||
1044454428||1044454463||1109653200||se||
1044454496||1044454511||1109653200||se||
1044454560||1044454583||1109653200||se||
1044463616||1044479999||1109653200||se||
1044512768||1044545535||1109653200||se||
1045479424||1045487615||1109653200||se||
1045741568||1045742763||1109653200||se||
1045742768||1045742975||1109653200||se||
1045743104||1045743191||1109653200||se||
1045743200||1045743247||1109653200||se||
1045743264||1045745631||1109653200||se||
1045745648||1045745768||1109653200||se||
1045745880||1045745919||1109653200||se||
1045745944||1045746079||1109653200||se||
1045746176||1045746431||1109653200||se||
1045746444||1045746495||1109653200||se||
1045746528||1045746623||1109653200||se||
1045746672||1045747199||1109653200||se||
1045747456||1045748287||1109653200||se||
1045987328||1046020095||1109653200||se||
1046317568||1046318079||1109653200||se||
1046413312||1046446079||1109653200||se||
1046773760||1046781951||1109653200||se||
1046814720||1046822911||1109653200||se||
1047314432||1047322623||1109653200||se||
1047339008||1047347199||1109653200||se||
1047846912||1047855103||1109653200||se||
1047986176||1047997439||1109653200||se||
1047997504||1048051711||1109653200||se||
1048510464||1048575999||1109653200||se||
1051230208||1051238399||1109653200||se||
1052065792||1052082175||1109653200||se||
1052098560||1052114943||1109653200||se||
1052264448||1052264639||1109653200||se||
1052264704||1052265471||1109653200||se||
1052272576||1052272639||1109653200||se||
1052287488||1052288255||1109653200||se||
1052318080||1052318207||1109653200||se||
1052342272||1052342303||1109653200||se||
1052342336||1052342463||1109653200||se||
1052370432||1052370559||1109653200||se||
1052379104||1052379135||1109653200||se||
1052396544||1052396607||1109653200||se||
1052396672||1052396799||1109653200||se||
1052407536||1052407551||1109653200||se||
1052422848||1052422863||1109653200||se||
1052490240||1052490751||1109653200||se||
1052644096||1052644351||1109653200||se||
1052647168||1052647423||1109653200||se||
1052661760||1052662271||1109653200||se||
1052665344||1052665599||1109653200||se||
1053334528||1053334783||1109653200||se||
1053368320||1053376511||1109653200||se||
1053925376||1053933567||1109653200||se||
1054646272||1054654463||1109653200||se||
1055260672||1055326207||1109653200||se||
1055681056||1055681071||1109653200||se||
1056374784||1056440319||1109653200||se||
1056505088||1056505107||1109653200||se||
1056505116||1056505119||1109653200||se||
1056505344||1056505599||1109653200||se||
1101357216||1101357223||1109653200||se||
1346486272||1346490367||1109653200||se||
1346617344||1346621439||1109653200||se||
1346658304||1346666495||1109653200||se||
1346756608||1346760703||1109653200||se||
1346801664||1346805759||1109653200||se||
1346895872||1346899967||1109653200||se||
1346973696||1346977791||1109653200||se||
1347006464||1347010559||1109653200||se||
1347096576||1347100671||1109653200||se||
1347194880||1347198975||1109653200||se||
1347248128||1347248863||1109653200||se||
1347248865||1347249343||1109653200||se||
1347249376||1347250687||1109653200||se||
1347250692||1347250695||1109653200||se||
1347250736||1347252223||1109653200||se||
1347293184||1347297279||1130559183||se||
1347395584||1347399679||1109653200||se||
1347420672||1347420679||1109653200||se||
1347422208||1347422463||1109653200||se||
1347436544||1347440639||1109653200||se||
1347527728||1347527735||1109653200||se||
1347527952||1347528015||1109653200||se||
1347528320||1347528351||1109653200||se||
1347528640||1347528703||1109653200||se||
1347528960||1347529087||1109653200||se||
1347529472||1347529983||1109653200||se||
1347534080||1347534207||1109653200||se||
1347690496||1347694591||1109653200||se||
1347829760||1347833855||1109653200||se||
1347883008||1347887103||1130037193||se||
1347969024||1347977215||1109653200||se||
1347984828||1347984831||1109653200||se||
1348050944||1348055039||1109653200||se||
1348370432||1348374527||1109653200||se||
1352680800||1352680807||1109653200||se||
1352680840||1352680847||1109653200||se||
1356333056||1356464127||1109653200||se||
1357391616||1357391871||1109653200||se||
1357867736||1357867743||1109653200||se||
1357885200||1357885215||1109653200||se||
1357891456||1357891583||1109653200||se||
1358184448||1358192639||1109653200||se||
1358217216||1358221311||1109653200||se||
1358462976||1358467071||1109653200||se||
1358487552||1358491647||1109653200||se||
1358675968||1358680063||1109653200||se||
1358733312||1358741503||1109653200||se||
1358745600||1358749695||1109653200||se||
1359052800||1359069183||1109653200||se||
1359511552||1359544319||1109653200||se||
1360044032||1360048127||1109653200||se||
1360405248||1360405503||1109653200||se||
1360715776||1360728063||1109653200||se||
1361036096||1361036103||1109653200||se||
1364721664||1364725759||1109653200||se||
1365000192||1365004287||1109653200||se||
1365082112||1365090303||1109653200||se||
1365131264||1365139455||1109653200||se||
1370128384||1370161151||1109653200||se||
1370259456||1370292223||1109653200||se||
1371205632||1371209727||1109653200||se||
1372102656||1372106751||1109653200||se||
1372700160||1372700415||1109653200||se||
1373110272||1373175807||1109653200||se||
1373634560||1374683135||1109653200||se||
1382023168||1382024959||1109653200||se||
1382025216||1382039551||1109653200||se||
1382212208||1382212223||1109653200||se||
1382219776||1382252543||1109653200||se||
1382304256||1382306303||1146192873||se||
1383301120||1383309311||1109653200||se||
1383317504||1383321599||1109653200||se||
1383424000||1383432191||1109653200||se||
1384677376||1384693759||1109653200||se||
1384808968||1384808975||1109653200||se||
1385267200||1385275391||1109653200||se||
1387659264||1387790335||1109653200||se||
1388421120||1388429311||1109653200||se||
1388601344||1388609535||1109653200||se||
1388617728||1388625919||1109653200||se||
1388699648||1388707839||1109653200||se||
1388821248||1388822015||1109653200||se||
1389461504||1389477887||1109653200||se||
1389641728||1389658111||1109653200||se||
1389756416||1389772799||1109653200||se||
1397022720||1397030911||1109653200||se||
1401489408||1401491455||1109653200||se||
1401539328||1401539583||1109653200||se||
1401683968||1401717759||1109653200||se||
1401718016||1401749503||1109653200||se||
1401815040||1401817087||1109653200||se||
1401849856||1401851903||1109653200||se||
1402011648||1402028031||1109653200||se||
1402372096||1402388479||1109653200||se||
1403387904||1403396095||1109653200||se||
1403568128||1403584511||1109653200||se||
1403797504||1403813887||1109653200||se||
1403928576||1403944959||1109653200||se||
1404088320||1404116991||1109653200||se||
1404125184||1404133375||1109653200||se||
1404135424||1404141567||1109653200||se||
1404153856||1404157951||1109653200||se||
1404174336||1404239871||1109653200||se||
1404272640||1404305407||1109653200||se||
1404313600||1405091839||1109653200||se||
1406205952||1406271487||1109653200||se||
1406689280||1406697471||1109653200||se||
1406812160||1406820351||1109653200||se||
1406910464||1406918655||1109653200||se||
1407123456||1407131647||1109653200||se||
1407320064||1407410175||1109653200||se||
1407411712||1407412223||1109653200||se||
1407415296||1407451135||1109653200||se||
1407778816||1407844351||1109653200||se||
1408335872||1408336879||1109653200||se||
1408336888||1408368639||1109653200||se||
1408440320||1408442367||1109653200||se||
1408761856||1409286143||1109653200||se||
1410449408||1410457599||1109653200||se||
1410564096||1410572287||1109653200||se||
1410826240||1410834431||1109653200||se||
1412907008||1412923391||1109653200||se||
1423441920||1423704063||1109653200||se||
1424590720||1424590727||1109653200||se||
1424590848||1424591103||1109653200||se||
1425211392||1425227775||1109653200||se||
1425276928||1425293311||1109653200||se||
1425326080||1425342463||1109653200||se||
1425430528||1425432575||1109653200||se||
1425440768||1425442815||1109653200||se||
1426587648||1426604031||1109653200||se||
1426784256||1426800639||1109653200||se||
1426833408||1426849791||1114754681||se||
1427668992||1427701759||1109653200||se||
1428062208||1428078591||1148439481||se||
1431912448||1431920639||1109653200||se||
1433444352||1433452543||1109653200||se||
1433895552||1433895615||1132032083||se||
1438777344||1438793727||1109653200||se||
1438810112||1438826495||1109653200||se||
1438842880||1438859263||1109653200||se||
1438994176||1438994431||1109653200||se||
1439006720||1439023103||1109653200||se||
1440743424||1441267711||1109653200||se||
1441468672||1441468927||1139203899||se||
1441468928||1441469183||1144982060||se||
1441469184||1441469439||1155785490||se||
1441470208||1441470463||1145417780||se||
1441470464||1441470719||1138079479||se||
1465942016||1465974783||1151635130||se||
1474494464||1474527231||1146541663||se||
1475977216||1475985407||1143692650||se||
1476116480||1476124671||1139633287||se||
1476370432||1476373759||1137645454||se||
1489928192||1489934335||1154740861||se||
1502838784||1502846975||1147659468||se||
1508491264||1508495359||1153533196||se||
1508501504||1508503551||1162191092||se||
1524629504||1524957183||1154395838||se||
2165309440||2165374975||1109653200||se||
2175926272||2175991807||1109653200||se||
2182873088||2182938623||1109653200||se||
2187591680||2187657215||1109653200||se||
2196045824||2196111359||1109653200||se||
2196439040||2196997119||1109653200||se||
2196998144||2197094399||1109653200||se||
2204172288||2204237823||1109653200||se||
2205351936||2205483007||1109653200||se||
2211250176||2211315711||1109653200||se||
2227437568||2227503103||1109653200||se||
2249785344||2249850879||1109653200||se||
2257190912||2257256447||1109653200||se||
2291859456||2291924991||1109653200||se||
2292383744||2292449279||1109653200||se||
2296446976||2296512511||1109653200||se||
2302345216||2302541823||1109653200||se||
2304770048||2304835583||1109653200||se||
2315649024||2315714559||1109653200||se||
2316173312||2316238847||1109653200||se||
2322006016||2322071551||1109653200||se||
2322202624||2322268159||1109653200||se||
2329346048||2329411583||1109653200||se||
2329739264||2329804799||1109653200||se||
2330525696||2330591231||1109653200||se||
2335834112||2335899647||1109653200||se||
2338324480||2338390015||1109653200||se||
2358640640||2358706175||1109653200||se||
2359689216||2359754751||1109653200||se||
2374565888||2374631423||1109653200||se||
2375221248||2375286783||1109653200||se||
2406875136||2406940671||1109653200||se||
2413363200||2413428735||1109653200||se||
2414673920||2414739455||1109653200||se||
2417688576||2417754111||1109653200||se||
2419654656||2419720191||1109653200||se||
2420047872||2420113407||1109653200||se||
2422145024||2422210559||1109653200||se||
2448097280||2448162815||1109653200||se||
2448883712||2448922367||1109653200||se||
2448927488||2448949247||1109653200||se||
2449145856||2449211391||1109653200||se||
2450849792||2450915327||1109653200||se||
2454388736||2454454271||1109653200||se||
2460811264||2460876799||1109653200||se||
2466054144||2466119679||1109653200||se||
2467102720||2467233791||1109653200||se||
2469134336||2469199871||1109653200||se||
2478047232||2478112767||1109653200||se||
2478440448||2478505983||1109653200||se||
2480275456||2480340991||1109653200||se||
2480668672||2480734207||1109653200||se||
2483159040||2483224575||1109653200||se||
2491875328||2492006399||1109653200||se||
2492071936||2492137471||1109653200||se||
2493513728||2493579263||1109653200||se||
2525233152||2525298687||1109653200||se||
2531459072||2531524607||1109653200||se||
2532048896||2532114431||1109653200||se||
2543583232||2543648767||1109653200||se||
2544959488||2545025023||1109653200||se||
2572681216||2572746751||1109653200||se||
2574254080||2574319615||1109653200||se||
2620456960||2620522495||1109653200||se||
2620588032||2620653567||1109653200||se||
2640314368||2640379903||1109653200||se||
2642214912||2642280447||1109653200||se||
2645229568||2645295103||1109653200||se||
2645819392||2645884927||1109653200||se||
2656829440||2656894975||1109653200||se||
2657681408||2657746943||1109653200||se||
2659057664||2659123199||1109653200||se||
2667053056||2667118591||1109653200||se||
2668036096||2668101631||1109653200||se||
2670067712||2670133247||1109653200||se||
2672295936||2672361471||1109653200||se||
2674589696||2674655231||1109653200||se||
2680029184||2680094719||1109653200||se||
2680225792||2680356863||1109653200||se||
2680684544||2680750079||1109653200||se||
2684878848||2684944383||1109653200||se||
2704539648||2704605183||1109653200||se||
2704670720||2704736255||1109653200||se||
2734882816||2734948351||1109653200||se||
2744975360||2745040895||1109653200||se||
2751725568||2751791103||1109653200||se||
2752053248||2752184319||1109653200||se||
2753888256||2753953791||1109653200||se||
2754609152||2754674687||1109653200||se||
2760310784||2760376319||1109653200||se||
2870575104||2870578944||1109653200||se||
2870579200||2870580992||1109653200||se||
2870581248||2870583040||1109653200||se||
2871001088||2871066623||1109653200||se||
3221562368||3221562623||1109653200||se||
3221565952||3221566207||1109653200||se||
3222072064||3222072319||1109653200||se||
3222305536||3222313727||1109653200||se||
3223481088||3223481343||1109653200||se||
3223584768||3223650303||1109653200||se||
3224084992||3224087551||1109653200||se||
3224170496||3224173567||1109653200||se||
3224822016||3224822271||1109653200||se||
3225076992||3225077247||1109653200||se||
3225451776||3225452031||1109653200||se||
3225631232||3225631487||1109653200||se||
3225878528||3225944063||1109653200||se||
3226583552||3226583807||1109653200||se||
3226926592||3226926847||1109653200||se||
3227244032||3227249151||1109653200||se||
3228285696||3228285951||1109653200||se||
3228330752||3228331263||1109653200||se||
3228353280||3228358399||1109653200||se||
3228618240||3228618495||1109653200||se||
3229155328||3229219583||1109653200||se||
3229219840||3229220863||1109653200||se||
3229817088||3229817599||1109653200||se||
3229972736||3229972991||1109653200||se||
3230297344||3230299647||1109653200||se||
3230933248||3230948607||1109653200||se||
3231070464||3231072559||1109653200||se||
3231072576||3231072639||1109653200||se||
3231072656||3231072687||1109653200||se||
3231072704||3231072767||1109653200||se||
3231072784||3231072799||1109653200||se||
3231072864||3231072927||1109653200||se||
3231072944||3231072991||1109653200||se||
3231073088||3231073103||1109653200||se||
3231073136||3231073151||1109653200||se||
3231073184||3231073215||1109653200||se||
3231073248||3231073279||1109653200||se||
3231073296||3231073311||1109653200||se||
3231073328||3231073343||1109653200||se||
3231073392||3231073407||1109653200||se||
3231073424||3231074559||1109653200||se||
3231074816||3231076607||1109653200||se||
3231076688||3231076703||1109653200||se||
3231076736||3231076783||1109653200||se||
3231076832||3231076911||1109653200||se||
3231076944||3231076959||1109653200||se||
3231076992||3231077007||1109653200||se||
3231077024||3231077119||1109653200||se||
3231077376||3231078143||1109653200||se||
3231300608||3231300863||1109653200||se||
3231516672||3231519231||1109653200||se||
3232038912||3232104447||1109653200||se||
3232759808||3232825343||1109653200||se||
3234039296||3234043135||1109653200||se||
3238062848||3238063103||1109653200||se||
3238067456||3238067711||1109653200||se||
3238606336||3238606591||1109653200||se||
3238607360||3238607871||1109653200||se||
3238622464||3238622719||1109653200||se||
3238658048||3239051263||1109653200||se||
3239076096||3239076351||1109653200||se||
3239133952||3239134207||1109653200||se||
3239135232||3239135487||1109653200||se||
3239168512||3239168767||1109653200||se||
3239169792||3239170047||1109653200||se||
3239170816||3239171071||1109653200||se||
3239172608||3239172863||1109653200||se||
3239268352||3239268863||1109653200||se||
3239524096||3239524351||1109653200||se||
3239524608||3239524863||1109653200||se||
3239539968||3239540223||1109653200||se||
3239554048||3239554303||1109653200||se||
3239568384||3239568639||1109653200||se||
3239666688||3239667199||1109653200||se||
3239673344||3239673855||1109653200||se||
3239708160||3239708415||1109653200||se||
3239710976||3239711231||1109653200||se||
3239763200||3239763455||1109653200||se||
3239823360||3239823871||1109653200||se||
3239830528||3239831039||1109653200||se||
3239837184||3239837695||1109653200||se||
3239848704||3239848959||1109653200||se||
3240005120||3240005375||1109653200||se||
3240589312||3240593407||1109653200||se||
3240697856||3240698111||1109653200||se||
3240719872||3240720383||1109653200||se||
3240732672||3240733695||1109653200||se||
3240744448||3240744959||1109653200||se||
3240747008||3240747263||1109653200||se||
3240859392||3240859647||1109653200||se||
3240886272||3240955391||1109653200||se||
3240955456||3240955463||1109653200||se||
3240955472||3240961055||1109653200||se||
3240961072||3240961103||1109653200||se||
3240961120||3240961167||1109653200||se||
3240961184||3240961231||1109653200||se||
3240961248||3240961791||1109653200||se||
3240961800||3240968015||1109653200||se||
3240968032||3240968703||1109653200||se||
3240969040||3240969215||1109653200||se||
3240969232||3240987647||1109653200||se||
3240987904||3240987967||1109653200||se||
3240988032||3240988159||1109653200||se||
3240988168||3241000191||1109653200||se||
3241000448||3241017343||1109653200||se||
3241482240||3241484799||1109653200||se||
3242207848||3242207855||1109653200||se||
3245080576||3245082623||1109653200||se||
3245084928||3245085183||1109653200||se||
3245091328||3245091839||1109653200||se||
3245130752||3245131007||1109653200||se||
3245137664||3245137919||1109653200||se||
3245168128||3245168383||1109653200||se||
3245190144||3245191167||1109653200||se||
3245199616||3245199871||1109653200||se||
3245209088||3245209599||1109653200||se||
3245214720||3245215231||1109653200||se||
3245303808||3245304831||1109653200||se||
3245308928||3245309439||1109653200||se||
3245316096||3245317119||1109653200||se||
3245319424||3245319679||1109653200||se||
3247064832||3247065087||1109653200||se||
3247065600||3247065855||1109653200||se||
3247072768||3247073023||1109653200||se||
3247074560||3247074815||1109653200||se||
3247882240||3247898623||1109653200||se||
3247922176||3247923199||1109653200||se||
3248758784||3248774143||1109653200||se||
3249683456||3249684479||1109653200||se||
3249700864||3249701631||1109653200||se||
3249724672||3249724927||1109653200||se||
3249799168||3250061311||1109653200||se||
3250374912||3250375679||1109653200||se||
3250765824||3250782207||1109653200||se||
3251179520||3251180031||1109653200||se||
3251186432||3251186687||1109653200||se||
3251200000||3251200511||1109653200||se||
3251203840||3251204095||1109653200||se||
3251212672||3251212799||1109653200||se||
3251213056||3251213119||1109653200||se||
3251215488||3251215615||1109653200||se||
3251248384||3251248639||1109653200||se||
3251707392||3251707647||1109653200||se||
3252448256||3252448511||1109653200||se||
3252448768||3252449279||1109653200||se||
3252490240||3252507135||1109653200||se||
3253338112||3253469183||1109653200||se||
3253796864||3253862399||1109653200||se||
3253888768||3253889023||1109653200||se||
3253890304||3253890559||1109653200||se||
3253893632||3253893887||1109653200||se||
3253962240||3253962751||1109653200||se||
3253964800||3253965311||1109653200||se||
3254649856||3254650879||1109653200||se||
3254697984||3254698495||1109653200||se||
3254706176||3254706687||1109653200||se||
3255233536||3255233791||1109653200||se||
3255235328||3255235583||1109653200||se||
3255237376||3255237887||1109653200||se||
3255311616||3255311871||1109653200||se||
3255312128||3255312383||1109653200||se||
3255388672||3255389183||1109653200||se||
3255393792||3255394303||1109653200||se||
3255566336||3255599103||1109653200||se||
3255697408||3255762943||1109653200||se||
3255799040||3255799295||1109653200||se||
3255828480||3255909183||1109653200||se||
3255909192||3256025087||1109653200||se||
3256054272||3256054527||1109653200||se||
3256061952||3256062975||1109653200||se||
3256074752||3256075007||1109653200||se||
3256076288||3256076799||1109653200||se||
3256080640||3256080767||1109653200||se||
3256081920||3256082175||1109653200||se||
3256164864||3256165375||1109653200||se||
3256221696||3256222207||1109653200||se||
3256222464||3256223743||1109653200||se||
3256226048||3256229887||1109653200||se||
3256233984||3256238079||1109653200||se||
3256246272||3256304127||1109653200||se||
3256304384||3256304639||1109653200||se||
3256304896||3256345343||1109653200||se||
3256345600||3256348159||1109653200||se||
3256348416||3256348671||1109653200||se||
3256349184||3256352767||1109653200||se||
3256710656||3256711167||1109653200||se||
3257270272||3257286655||1109653200||se||
3257477376||3257477887||1109653200||se||
3257480960||3257481215||1109653200||se||
3257860096||3257925631||1109653200||se||
3258187776||3258231295||1109653200||se||
3258232832||3258250495||1109653200||se||
3258250752||3258251007||1109653200||se||
3258251776||3258253311||1109653200||se||
3258360832||3258361855||1109653200||se||
3259236352||3259269375||1109653200||se||
3259269632||3259301887||1109653200||se||
3259303424||3259305983||1109653200||se||
3259313152||3259313407||1109653200||se||
3259319088||3259319095||1109653200||se||
3259346944||3259347199||1109653200||se||
3259347968||3259348223||1109653200||se||
3259432960||3259498495||1109653200||se||
3259655168||3259655199||1109653200||se||
3259655712||3259655719||1109653200||se||
3260554240||3260555263||1109653200||se||
3260626944||3260627199||1109653200||se||
3260892928||3260893183||1109653200||se||
3260893440||3260894207||1109653200||se||
3260895232||3260898303||1109653200||se||
3261530112||3261595647||1109653200||se||
3262114048||3262114559||1109653200||se||
3262286848||3262287871||1109653200||se||
3262289920||3262316543||1109653200||se||
3262422016||3262422527||1109653200||se||
3262436352||3262436863||1109653200||se||
3262472332||3262472335||1109653200||se||
3262475316||3262475319||1109653200||se||
3262475404||3262475407||1109653200||se||
3262476228||3262476231||1109653200||se||
3262476672||3262476675||1109653200||se||
3262477480||3262477483||1109653200||se||
3262478028||3262478031||1109653200||se||
3262478220||3262478223||1109653200||se||
3262478415||3262478415||1109653200||se||
3262478440||3262478440||1109653200||se||
3262478454||3262478454||1109653200||se||
3262478490||3262478490||1109653200||se||
3262478502||3262478502||1109653200||se||
3262478514||3262478514||1109653200||se||
3262478554||3262478554||1109653200||se||
3262478597||3262478597||1109653200||se||
3262478621||3262478621||1109653200||se||
3262478739||3262478739||1109653200||se||
3262478746||3262478746||1109653200||se||
3262478899||3262478899||1109653200||se||
3262478905||3262478905||1109653200||se||
3262478949||3262478949||1109653200||se||
3262478958||3262478958||1109653200||se||
3262479016||3262479016||1109653200||se||
3262479309||3262479309||1109653200||se||
3262479422||3262479422||1109653200||se||
3262479559||3262479559||1109653200||se||
3262479565||3262479565||1109653200||se||
3262479605||3262479605||1109653200||se||
3262479757||3262479757||1109653200||se||
3262479867||3262479867||1109653200||se||
3262479909||3262479909||1109653200||se||
3262480183||3262480183||1109653200||se||
3262480230||3262480230||1109653200||se||
3262480233||3262480233||1109653200||se||
3262488576||3262489727||1109653200||se||
3262489732||3262489735||1109653200||se||
3262489740||3262496767||1109653200||se||
3263101184||3263101439||1109653200||se||
3263430656||3263496191||1109653200||se||
3263509504||3263509759||1109653200||se||
3263758336||3263758591||1109653200||se||
3263760128||3263760383||1109653200||se||
3263792352||3263792367||1109653200||se||
3264133120||3264133631||1109653200||se||
3264314624||3264314879||1109653200||se||
3264319744||3264319999||1109653200||se||
3264321536||3264321791||1109653200||se||
3264324608||3264325631||1109653200||se||
3264326656||3264327679||1109653200||se||
3264346112||3264347135||1109653200||se||
3264375040||3264376063||1109653200||se||
3264378112||3264378367||1109653200||se||
3264391168||3264392191||1109653200||se||
3264662528||3264663039||1109653200||se||
3264665088||3264665599||1109653200||se||
3264667136||3264667647||1109653200||se||
3264815104||3264825343||1109653200||se||
3264828416||3264828671||1109653200||se||
3264847808||3264847871||1109653200||se||
3264862080||3264862207||1109653200||se||
3265367552||3265367807||1109653200||se||
3265369600||3265369855||1109653200||se||
3265650688||3265658879||1109653200||se||
3267551744||3267551999||1109653200||se||
3267642112||3267642367||1109653200||se||
3267688704||3267688959||1109653200||se||
3267691520||3267692543||1109653200||se||
3267712000||3267712255||1109653200||se||
3267741760||3267741791||1109653200||se||
3267741856||3267741919||1109653200||se||
3267744800||3267744831||1109653200||se||
3267744864||3267744895||1109653200||se||
3267756032||3267760639||1109653200||se||
3267761152||3267761919||1109653200||se||
3267762176||3267763711||1109653200||se||
3267763968||3267764223||1109653200||se||
3267764480||3267765775||1109653200||se||
3267765792||3267765823||1109653200||se||
3267765856||3267766031||1109653200||se||
3267766048||3267766303||1109653200||se||
3267766320||3267766351||1109653200||se||
3267766368||3267766383||1109653200||se||
3267766416||3267785727||1109653200||se||
3267785984||3267787007||1109653200||se||
3267787264||3267787519||1109653200||se||
3267787776||3267788031||1109653200||se||
3267788288||3267793919||1109653200||se||
3267794176||3267821567||1109653200||se||
3268755456||3268763647||1109653200||se||
3268876064||3268876127||1109653200||se||
3268876192||3268876223||1109653200||se||
3268881152||3268881407||1109653200||se||
3268881920||3268882175||1109653200||se||
3268920576||3268920831||1109653200||se||
3269066752||3269069323||1109653200||se||
3269069328||3269076479||1109653200||se||
3269076736||3269125887||1109653200||se||
3269126144||3269132287||1109653200||se||
3270246400||3270247951||1109653200||se||
3270247956||3270291711||1109653200||se||
3270291968||3270364159||1109653200||se||
3270364672||3270365695||1109653200||se||
3270366208||3270366719||1109653200||se||
3270367232||3270377471||1109653200||se||
3270667264||3270668287||1109653200||se||
3271249920||3271250175||1109653200||se||
3271280688||3271280703||1109653200||se||
3271280720||3271280735||1109653200||se||
3271341248||3271341311||1109653200||se||
3271372800||3271373055||1109653200||se||
3271378688||3271378943||1109653200||se||
3271381504||3271381759||1109653200||se||
3271493472||3271493503||1109653200||se||
3271497968||3271497983||1109653200||se||
3271522832||3271522839||1109653200||se||
3271523432||3271523439||1109653200||se||
3272032256||3272040447||1109653200||se||
3272106496||3272106751||1109653200||se||
3272110080||3272110335||1109653200||se||
3272214904||3272214911||1109653200||se||
3272422912||3272423423||1109653200||se||
3272653312||3272653439||1109653200||se||
3272653568||3272653631||1109653200||se||
3272671232||3272704255||1109653200||se||
3272705280||3272705535||1109653200||se||
3272707072||3272707327||1109653200||se||
3272707584||3272712191||1109653200||se||
3272712448||3272712703||1109653200||se||
3272712960||3272713215||1109653200||se||
3272713984||3272714495||1109653200||se||
3272714752||3272715015||1109653200||se||
3272715024||3272715135||1109653200||se||
3272715264||3272733119||1109653200||se||
3272733136||3272733983||1109653200||se||
3272733992||3272736767||1109653200||se||
3273015296||3273023487||1109653200||se||
3273170944||3273179135||1109653200||se||
3273263616||3273264127||1109653200||se||
3273268224||3273268735||1109653200||se||
3273871872||3273872383||1109653200||se||
3273872896||3273873151||1109653200||se||
3273875712||3273875967||1109653200||se||
3273876480||3273876991||1109653200||se||
3274047488||3274049535||1109653200||se||
3274358784||3274366975||1109653200||se||
3274384384||3274385407||1109653200||se||
3274424320||3274435711||1109653200||se||
3274435840||3274440703||1109653200||se||
3274689792||3274690047||1109653200||se||
3274698240||3274698495||1109653200||se||
3274702336||3274702591||1109653200||se||
3274809344||3274810367||1109653200||se||
3274829824||3274831871||1109653200||se||
3274917344||3274917375||1109653200||se||
3274936064||3274936159||1109653200||se||
3274936880||3274936895||1109653200||se||
3274952448||3274952479||1109653200||se||
3274954752||3274955007||1109653200||se||
3274955264||3274956287||1109653200||se||
3274956768||3274956799||1109653200||se||
3275120640||3275136639||1109653200||se||
3275136768||3275137023||1109653200||se||
3275382784||3275390975||1109653200||se||
3275888640||3275898879||1109653200||se||
3275948032||3275955463||1109653200||se||
3275955468||3275965267||1109653200||se||
3275965272||3276013567||1109653200||se||
3276108800||3276109823||1109653200||se||
3276520448||3276520599||1109653200||se||
3276520608||3276521215||1109653200||se||
3276678144||3276678655||1109653200||se||
3276701696||3276709887||1109653200||se||
3276751176||3276751199||1109653200||se||
3276756288||3276756319||1109653200||se||
3276763328||3276763391||1109653200||se||
3276774400||3276774543||1109653200||se||
3276774656||3276775103||1109653200||se||
3276775168||3276775295||1109653200||se||
3276786816||3276786879||1109653200||se||
3277062144||3277127679||1109653200||se||
3277190144||3277190399||1109653200||se||
3278110720||3278119967||1109653200||se||
3278119976||3278168063||1109653200||se||
3278168072||3278176255||1109653200||se||
3278938504||3278938507||1109653200||se||
3278938772||3278938775||1109653200||se||
3278940692||3278940695||1109653200||se||
3278941156||3278941159||1109653200||se||
3278942742||3278942742||1109653200||se||
3278942779||3278942779||1109653200||se||
3278943100||3278943100||1109653200||se||
3278943154||3278943154||1109653200||se||
3278943165||3278943165||1109653200||se||
3278943182||3278943182||1109653200||se||
3278943203||3278943203||1109653200||se||
3278943439||3278943439||1109653200||se||
3278944098||3278944098||1109653200||se||
3278944125||3278944125||1109653200||se||
3278944145||3278944145||1109653200||se||
3278944201||3278944201||1109653200||se||
3278944239||3278944239||1109653200||se||
3278945800||3278945800||1109653200||se||
3278945877||3278945877||1109653200||se||
3279294976||3279295231||1109653200||se||
3279297536||3279298047||1109653200||se||
3279341568||3279341823||1109653200||se||
3279342592||3279342847||1109653200||se||
3279345152||3279345663||1109653200||se||
3279347712||3279348223||1109653200||se||
3279352832||3279352863||1109653200||se||
3279946752||3279947775||1109653200||se||
3280007168||3280007679||1109653200||se||
3280024576||3280024831||1109653200||se||
3280776192||3280777215||1109653200||se||
3280783360||3280784383||1109653200||se||
3281088616||3281088623||1109653200||se||
3281347840||3281348095||1109653200||se||
3281353472||3281353727||1109653200||se||
3281354752||3281362767||1109653200||se||
3281362784||3281371135||1109653200||se||
3281640960||3281640983||1109653200||se||
3281641024||3281641039||1109653200||se||
3281641088||3281641119||1109653200||se||
3281969408||3281969919||1109653200||se||
3281970176||3281970431||1109653200||se||
3281975040||3281975167||1109653200||se||
3281976640||3281976671||1109653200||se||
3282190336||3282198527||1109653200||se||
3282239488||3282242223||1109653200||se||
3282242228||3282284543||1109653200||se||
3282284560||3282286079||1109653200||se||
3282286720||3282286847||1109653200||se||
3282287104||3282287359||1109653200||se||
3282287616||3282305023||1109653200||se||
3282388176||3282388191||1109653200||se||
3282429280||3282429311||1109653200||se||
3282464768||3282465023||1109653200||se||
3283263488||3283271679||1109653200||se||
3283279872||3283288063||1109653200||se||
3283553072||3283553079||1109653200||se||
3283555744||3283555759||1109653200||se||
3283560864||3283560895||1109653200||se||
3283569992||3283570015||1109653200||se||
3283570440||3283570447||1109653200||se||
3283571840||3283571903||1109653200||se||
3283572128||3283572159||1109653200||se||
3283587360||3283587391||1109653200||se||
3283587424||3283587431||1109653200||se||
3283587888||3283587895||1109653200||se||
3283590144||3283590231||1109653200||se||
3283590272||3283590319||1109653200||se||
3283590336||3283590359||1109653200||se||
3283590368||3283590527||1109653200||se||
3283590656||3283590847||1109653200||se||
3283590912||3283591167||1109653200||se||
3283592896||3283592903||1109653200||se||
3283598688||3283598719||1109653200||se||
3283599360||3283599615||1109653200||se||
3283650560||3283650687||1109653200||se||
3283650816||3283650879||1109653200||se||
3283650912||3283650927||1109653200||se||
3283651648||3283651663||1109653200||se||
3283651776||3283651839||1109653200||se||
3283652520||3283652527||1109653200||se||
3283653888||3283654015||1109653200||se||
3284046592||3284046847||1109653200||se||
3284058112||3284066303||1109653200||se||
3284402176||3284467711||1109653200||se||
3284533248||3284598783||1109653200||se||
3285457152||3285457215||1109653200||se||
3285509120||3285509375||1109653200||se||
3285517024||3285517055||1109653200||se||
3285533312||3285533343||1109653200||se||
3285533520||3285533535||1109653200||se||
3285535152||3285535155||1109653200||se||
3285537632||3285537663||1109653200||se||
3285543424||3285543679||1109653200||se||
3285545472||3285545727||1109653200||se||
3285546672||3285546687||1109653200||se||
3285547200||3285547263||1109653200||se||
3285549728||3285549735||1109653200||se||
3285557576||3285557579||1109653200||se||
3285557824||3285557887||1109653200||se||
3285559296||3285559807||1109653200||se||
3285559888||3285559903||1109653200||se||
3285559920||3285559935||1109653200||se||
3285560064||3285560351||1109653200||se||
3285560384||3285560447||1109653200||se||
3285560832||3285561215||1109653200||se||
3285563008||3285563135||1109653200||se||
3285563488||3285563519||1109653200||se||
3285563904||3285564031||1109653200||se||
3285564768||3285564799||1109653200||se||
3285566016||3285566031||1109653200||se||
3285566496||3285566511||1109653200||se||
3285570560||3285570815||1109653200||se||
3285571712||3285571775||1109653200||se||
3285571904||3285571967||1109653200||se||
3285573120||3285573375||1109653200||se||
3285580652||3285580655||1109653200||se||
3285580800||3285580831||1109653200||se||
3285721088||3285729279||1109653200||se||
3286349824||3286350847||1109653200||se||
3286929920||3286930175||1109653200||se||
3286930944||3286931199||1109653200||se||
3287425024||3287427759||1109653200||se||
3287427776||3287433215||1109653200||se||
3287632384||3287632895||1109653200||se||
3287674880||3287675135||1109653200||se||
3287675392||3287675647||1109653200||se||
3287729408||3287729663||1109653200||se||
3288072192||3288088575||1109653200||se||
3415437312||3415441407||1109653200||se||
3427766784||3427767039||1109653200||se||
3427778304||3427778559||1109653200||se||
3430319136||3430319143||1109653200||se||
3509553184||3509553199||1109653200||se||
3512696832||3512705023||1109653200||se||
3517596672||3517604351||1109653200||se||
3517604864||3517605775||1109653200||se||
3517605792||3517612031||1109653200||se||
3556966400||3556974591||1109653200||se||
3557859328||3557867519||1109653200||se||
3558288192||3558288255||1109653200||se||
3558291024||3558291031||1109653200||se||
3558292224||3558292287||1109653200||se||
3558653952||3558662143||1109653200||se||
3558842368||3558850559||1109653200||se||
3558899712||3558916095||1109653200||se||
3559194624||3559202815||1109653200||se||
3559219200||3559227391||1109653200||se||
3559333888||3559342079||1109653200||se||
3559676928||3559677951||1109653200||se||
3560941228||3560941231||1109653200||se||
3560941316||3560941319||1109653200||se||
3560941388||3560941391||1109653200||se||
3560941516||3560941519||1109653200||se||
3560942172||3560942175||1109653200||se||
3560942928||3560942931||1109653200||se||
3560943351||3560943351||1109653200||se||
3560943434||3560943434||1109653200||se||
3560943621||3560943621||1109653200||se||
3560943673||3560943673||1109653200||se||
3560943692||3560943692||1109653200||se||
3560943765||3560943765||1109653200||se||
3561553920||3561562111||1109653200||se||
3561594880||3561594935||1109653200||se||
3561594940||3561594975||1109653200||se||
3561595008||3561603071||1109653200||se||
3561617920||3561618175||1109653200||se||
3561638144||3561638399||1109653200||se||
3561701376||3561706031||1109653200||se||
3561706048||3561709567||1109653200||se||
3561930752||3561938943||1109653200||se||
3562086400||3562087423||1109653200||se||
3562088448||3562094591||1109653200||se||
3562356736||3562364927||1109653200||se||
3562766336||3562774527||1109653200||se||
3562930176||3562938367||1109653200||se||
3563085568||3563085823||1109653200||se||
3563651072||3563683839||1109653200||se||
3563839488||3563847679||1109653200||se||
3563913216||3563921407||1109653200||se||
3564109824||3564126207||1109653200||se||
3564150784||3564158975||1109653200||se||
3564388352||3564396543||1109653200||se||
3564500992||3564500999||1109653200||se||
3564501264||3564501279||1109653200||se||
3564501504||3564501507||1109653200||se||
3564960624||3564960631||1109653200||se||
3564960784||3564960791||1109653200||se||
3565007248||3565007251||1109653200||se||
3565487616||3565487871||1109653200||se||
3565494656||3565494671||1109653200||se||
3565494688||3565494703||1109653200||se||
3565499840||3565499871||1109653200||se||
3565501184||3565501199||1109653200||se||
3566665728||3566723071||1109653200||se||
3566723328||3566731263||1109653200||se||
3567108256||3567108263||1109653200||se||
3567427584||3567435775||1109653200||se||
3568631808||3568697343||1109653200||se||
3569250968||3569250975||1109653200||se||
3569731600||3569731615||1109653200||se||
3569732528||3569732543||1109653200||se||
3569736384||3569736399||1109653200||se||
3570466816||3570507439||1109653200||se||
3570507456||3570532351||1109653200||se||
3570729984||3570731007||1109653200||se||
3570794496||3570860031||1109653200||se||
3571023872||3571056639||1109653200||se||
3571349792||3571349799||1109653200||se||
3571349816||3571349819||1109653200||se||
3572957184||3573022719||1109653200||se||
3574530048||3574563679||1109653200||se||
3574563696||3574563711||1109653200||se||
3574563720||3574563727||1109653200||se||
3574563776||3574563807||1109653200||se||
3574563824||3574563839||1109653200||se||
3574564864||3574565375||1109653200||se||
3574565632||3574565887||1109653200||se||
3574565952||3574566143||1109653200||se||
3574566656||3574595583||1109653200||se||
3575631616||3575631631||1109653200||se||
3575631648||3575631663||1109653200||se||
3575631680||3575631695||1109653200||se||
3575633056||3575633063||1109653200||se||
3575634808||3575634815||1109653200||se||
3575634912||3575634919||1109653200||se||
3575635072||3575635087||1109653200||se||
3575638768||3575638783||1109653200||se||
3576606720||3576606975||1109653200||se||
3576620032||3576620543||1109653200||se||
3576823808||3576889343||1109653200||se||
3577545984||3577546111||1109653200||se||
3577663488||3577665215||1109653200||se||
3577665248||3577665311||1109653200||se||
3577665344||3577665375||1109653200||se||
3577665392||3577665399||1109653200||se||
3577665408||3577665455||1109653200||se||
3577741312||3578003455||1109653200||se||
3578757120||3578822655||1109653200||se||
3579346944||3579361535||1109653200||se||
3579361792||3579362047||1109653200||se||
3579362064||3579362303||1109653200||se||
3579362560||3579362815||1109653200||se||
3579363328||3579445247||1109653200||se||
3580100608||3580207103||1109653200||se||
3580208128||3580213247||1109653200||se||
3580214272||3580215295||1109653200||se||
3580216832||3580217343||1109653200||se||
3580219392||3580231935||1109653200||se||
3580250112||3580252671||1109653200||se||
3580265728||3580266495||1109653200||se||
3580280832||3580289023||1109653200||se||
3580887040||3581149183||1109653200||se||
3581150720||3581150783||1109653200||se||
3581150976||3581151039||1109653200||se||
3581151232||3581151295||1109653200||se||
3581203968||3581214719||1109653200||se||
3582164992||3582173183||1109653200||se||
3582222336||3582230527||1109653200||se||
3582353408||3582361599||1109653200||se||
3582435328||3582443519||1109653200||se||
3582468096||3582476287||1109653200||se||
3582568192||3582568223||1109653200||se||
3582568248||3582568263||1109653200||se||
3582568336||3582568339||1109653200||se||
3582568344||3582568351||1109653200||se||
3582568368||3582568383||1109653200||se||
3582568432||3582568447||1109653200||se||
3582803968||3582812159||1109653200||se||
3582853120||3582861311||1109653200||se||
3583131648||3583139839||1109653200||se||
3583410176||3583418367||1109653200||se||
3583598592||3583606783||1109653200||se||
3584196608||3584204799||1109653200||se||
3584262144||3584270335||1109653200||se||
3584344064||3584352255||1109653200||se||
3584970368||3584970431||1109653200||se||
3584970688||3584970751||1109653200||se||
3584971520||3584971647||1109653200||se||
3584972288||3584972319||1109653200||se||
3584973280||3584973311||1109653200||se||
3585277952||3585286143||1109653200||se||
3585359872||3585368063||1109653200||se||
3585851392||3585859583||1109653200||se||
3585957888||3585966079||1109653200||se||
3586177024||3586177279||1109653200||se||
3586196768||3586197503||1109653200||se||
3586198016||3586198527||1109653200||se||
3586199296||3586200063||1109653200||se||
3586202368||3586203135||1109653200||se||
3586605056||3586621439||1109653200||se||
3586686976||3586703359||1109653200||se||
3586926592||3586926847||1109653200||se||
3586949120||3586965503||1109653200||se||
3587287424||3587287427||1109653200||se||
3587287464||3587287475||1109653200||se||
3587287724||3587287727||1109653200||se||
3587287848||3587287851||1109653200||se||
3587440640||3587457023||1109653200||se||
3587620864||3587637247||1109653200||se||
3588321024||3588321087||1109653200||se||
3588374528||3588390911||1109653200||se||
3589092224||3589092227||1109653200||se||
3589193728||3589210111||1109653200||se||
3589424128||3589424639||1109653200||se||
3589433408||3589433439||1109653200||se||
3589439488||3589444631||1109653200||se||
3589444640||3589455871||1109653200||se||
3589827072||3589827327||1109653200||se||
3589828608||3589828639||1109653200||se||
3589828672||3589828735||1109653200||se||
3641188352||3641192447||1109653200||se||
3641298944||3641303039||1109653200||se||
3641335808||3641343999||1109653200||se||
3641565184||3641573375||1109653200||se||
3641700352||3641704447||1109653200||se||
3641753600||3641757695||1109653200||se||
3641991168||3641995263||1109653200||se||
3642089472||3642093567||1109653200||se||
3642355712||3642359807||1109653200||se||
3642392576||3642396671||1109653200||se||
3642466304||3642474495||1109653200||se||
3642499072||3642503167||1109653200||se||
3642540032||3642544127||1109653200||se||
3642728448||3642736639||1109653200||se||
3645067264||3645071359||1109653200||se||
3645120512||3645124607||1109653200||se||
3645251584||3645255679||1109653200||se||
3645378560||3645382655||1109653200||se||
3645386752||3645390847||1109653200||se||
3645440000||3645444095||1109653200||se||
3645464576||3645468671||1109653200||se||
3645526016||3645530111||1109653200||se||
3645595648||3645597751||1109653200||se||
3645597760||3645603839||1109653200||se||
3645648896||3645652991||1109653200||se||
3645657088||3645661183||1109653200||se||
3645763761||3645763761||1109653200||se||
3645764062||3645764062||1109653200||se||
3645764075||3645764075||1109653200||se||
3645765536||3645765539||1109653200||se||
3645771776||3645779967||1109653200||se||
3647916800||3647917055||1109653200||se||
3648147456||3648151551||1109653200||se||
3648200704||3648208895||1109653200||se||
3648442368||3648446463||1109653200||se||
3648495616||3648499711||1109653200||se||
3649859584||3649863679||1109653200||se||
3649961984||3650093055||1109653200||se||
3650162688||3650166783||1109653200||se||
3650502656||3650510847||1109653200||se||
3650527232||3650535423||1109653200||se||
3650564096||3650568191||1109653200||se||
3650600960||3650605055||1109653200||se||
3651096832||3651096959||1109653200||se||
3651097472||3651097599||1109653200||se||
3651098496||3651098623||1109653200||se||
3651100288||3651100415||1109653200||se||
3651939584||3651939599||1109653200||se||
3652075520||3652083711||1109653200||se||
3652153344||3652157439||1109653200||se||
3653544960||3653545215||1109653200||se||
3653545344||3653545471||1109653200||se||
3653545728||3653545791||1109653200||se||
3653545856||3653545983||1109653200||se||
3653578752||3653582847||1109653200||se||
3653668864||3653672959||1109653200||se||
3653705728||3653705735||1109653200||se||
3653705864||3653705871||1109653200||se||
3653706176||3653706191||1109653200||se||
3653706272||3653706303||1109653200||se||
3653706496||3653706751||1109653200||se||
3653709312||3653709823||1109653200||se||
3653710848||3653710911||1109653200||se||
3653712896||3653713407||1109653200||se||
3654035608||3654035615||1109653200||se||
3654287360||3654613087||1109653200||se||
3654613120||3654613247||1109653200||se||
3654614016||3654614527||1109653200||se||
3654615040||3654811647||1109653200||se||
