--||--||--||ch||Switzerland
264495104||264503295||1109653200||ch||
264699904||264716287||1109653200||ch||
1040318464||1040383999||1109653200||ch||
1040468336||1040468351||1109653200||ch||
1041006592||1041039359||1109653200||ch||
1042284544||1042292735||1109653200||ch||
1043333120||1043341311||1109653200||ch||
1043357696||1043365887||1109653200||ch||
1043480576||1043488767||1109653200||ch||
1044480000||1044488191||1109653200||ch||
1047298048||1047306239||1109653200||ch||
1047364256||1047364287||1109653200||ch||
1047567648||1047567651||1109653200||ch||
1047567716||1047567727||1109653200||ch||
1047642112||1047658495||1109653200||ch||
1048166400||1048182783||1109653200||ch||
1049405696||1049405759||1109653200||ch||
1049407616||1049407999||1109653200||ch||
1049763056||1049763063||1109653200||ch||
1049764968||1049764975||1109653200||ch||
1049766474||1049766479||1109653200||ch||
1049770400||1049770407||1109653200||ch||
1049772176||1049772191||1109653200||ch||
1050768552||1050768558||1109653200||ch||
1051131904||1051197439||1109653200||ch||
1052278784||1052278823||1109653200||ch||
1052286976||1052287487||1109653200||ch||
1052289152||1052289183||1109653200||ch||
1052290048||1052290063||1109653200||ch||
1052290368||1052290399||1109653200||ch||
1052290816||1052290831||1109653200||ch||
1052291328||1052291583||1109653200||ch||
1052291696||1052291711||1109653200||ch||
1052307456||1052309247||1109653200||ch||
1052309504||1052310527||1109653200||ch||
1052312000||1052312063||1109653200||ch||
1052312896||1052312903||1109653200||ch||
1052312912||1052312927||1109653200||ch||
1052322240||1052322303||1109653200||ch||
1052323872||1052323903||1109653200||ch||
1052327936||1052328223||1109653200||ch||
1052328448||1052328639||1109653200||ch||
1052328704||1052329983||1109653200||ch||
1052330240||1052331167||1109653200||ch||
1052331184||1052331199||1109653200||ch||
1052331392||1052331615||1109653200||ch||
1052331648||1052331711||1109653200||ch||
1052331744||1052332031||1109653200||ch||
1052333104||1052333119||1109653200||ch||
1052342304||1052342335||1109653200||ch||
1052342528||1052343583||1109653200||ch||
1052343616||1052343647||1109653200||ch||
1052343680||1052344319||1109653200||ch||
1052344960||1052345087||1109653200||ch||
1052347392||1052348415||1109653200||ch||
1052348832||1052348863||1109653200||ch||
1052361696||1052361727||1109653200||ch||
1052362816||1052362879||1109653200||ch||
1052374016||1052375039||1109653200||ch||
1052377872||1052377887||1109653200||ch||
1052393472||1052393599||1109653200||ch||
1052393696||1052394271||1109653200||ch||
1052394368||1052395263||1109653200||ch||
1052396032||1052396543||1109653200||ch||
1052403840||1052403967||1109653200||ch||
1052412352||1052412415||1109653200||ch||
1052423200||1052423231||1109653200||ch||
1052423304||1052423311||1109653200||ch||
1052427264||1052427839||1109653200||ch||
1052428032||1052428287||1109653200||ch||
1052437760||1052438015||1109653200||ch||
1052456448||1052456959||1109653200||ch||
1052486656||1052486911||1109653200||ch||
1052487680||1052488703||1109653200||ch||
1052501504||1052502015||1109653200||ch||
1053298176||1053299199||1109653200||ch||
1053300736||1053300991||1109653200||ch||
1053337608||1053337631||1109653200||ch||
1053425664||1053556735||1109653200||ch||
1053581312||1053589503||1109653200||ch||
1054638080||1054646271||1109653200||ch||
1055196160||1055196415||1128201770||ch||
1055196416||1055196671||1128201770||ch||
1055196672||1055196927||1128201770||ch||
1055196928||1055197183||1128201770||ch||
1055197184||1055197439||1128201770||ch||
1055197440||1055197695||1128201770||ch||
1055197696||1055197823||1128201770||ch||
1055197952||1055198207||1128201770||ch||
1055198208||1055198463||1128201770||ch||
1055198976||1055199103||1128201770||ch||
1055469056||1055469059||1109653200||ch||
1055965184||1055973375||1109653200||ch||
1067625968||1067625983||1109653200||ch||
1067908296||1067908303||1109653200||ch||
1101732200||1101732207||1109653200||ch||
1113677824||1113681919||1109653200||ch||
1346538016||1346538031||1109653200||ch||
1346605056||1346609151||1109653200||ch||
1347059712||1347067903||1109653200||ch||
1347121152||1347125247||1109653200||ch||
1347141632||1347145727||1109653200||ch||
1347158016||1347162111||1109653200||ch||
1347477504||1347481599||1109653200||ch||
1347624960||1347633151||1109653200||ch||
1347855104||1347855359||1109653200||ch||
1347862528||1347866623||1109653200||ch||
1347960832||1347964927||1109653200||ch||
1348274696||1348274771||1109653200||ch||
1348274776||1348274791||1109653200||ch||
1348274944||1348275199||1109653200||ch||
1356464128||1356595199||1109653200||ch||
1357127472||1357127487||1109653200||ch||
1357374976||1357375231||1109653200||ch||
1357774848||1357840383||1109653200||ch||
1357938688||1357942783||1109653200||ch||
1357996032||1358000127||1109653200||ch||
1358082816||1358083071||1109653200||ch||
1358086144||1358090239||1109653200||ch||
1358778368||1358778623||1153532947||ch||
1358839808||1358843903||1109653200||ch||
1358864384||1358872575||1109653200||ch||
1358913536||1358917631||1109653200||ch||
1359347712||1359364095||1109653200||ch||
1359470592||1359478783||1109653200||ch||
1359839232||1359871999||1109653200||ch||
1360478208||1360482303||1109653200||ch||
1361035608||1361035615||1109653200||ch||
1361035920||1361035923||1109653200||ch||
1361035964||1361035967||1109653200||ch||
1362395136||1362395151||1109653200||ch||
1363017728||1363148799||1109653200||ch||
1365008384||1365012479||1109653200||ch||
1365139456||1365143551||1109653200||ch||
1372176384||1372180479||1109653200||ch||
1373437952||1373503487||1109653200||ch||
1384267776||1384284159||1109653200||ch||
1384660992||1384677375||1109653200||ch||
1385349120||1385357311||1109653200||ch||
1385554516||1385554519||1109653200||ch||
1385554784||1385554791||1109653200||ch||
1388371968||1388380159||1109653200||ch||
1388568576||1388576767||1109653200||ch||
1388683264||1388691455||1109653200||ch||
1389559040||1389559103||1109653200||ch||
1390149632||1390215167||1109653200||ch||
1397014528||1397022719||1109653200||ch||
1397489664||1397751807||1109653200||ch||
1398886400||1398888447||1109653200||ch||
1398896640||1398898687||1109653200||ch||
1398965760||1398965887||1109653200||ch||
1401505792||1401509887||1109653200||ch||
1401516032||1401518079||1109653200||ch||
1401837568||1401839615||1109653200||ch||
1401995264||1402011647||1109653200||ch||
1402339328||1402355711||1109653200||ch||
1403830272||1403846655||1109653200||ch||
1403895808||1403912191||1109653200||ch||
1404051456||1404059647||1109653200||ch||
1406885888||1406894079||1109653200||ch||
1406964288||1406964319||1109653200||ch||
1407090688||1407098879||1109653200||ch||
1407483904||1407516671||1109653200||ch||
1410351104||1410359295||1109653200||ch||
1410573440||1410573567||1109653200||ch||
1410605056||1410613247||1109653200||ch||
1412939776||1412956159||1109653200||ch||
1414004736||1414266879||1109653200||ch||
1424097280||1424228351||1109653200||ch||
1425096704||1425113087||1109653200||ch||
1425467392||1425469439||1109653200||ch||
1426063360||1426587647||1109653200||ch||
1431961600||1431969791||1109653200||ch||
1432160256||1432160384||1109653200||ch||
1432166144||1432166399||1109653200||ch||
1436424192||1436426239||1109653200||ch||
1436477440||1436481535||1109653200||ch||
1438892288||1438900223||1109653200||ch||
1440350208||1440382975||1109653200||ch||
1441308672||1441312767||1128113047||ch||
1475692544||1475694591||1135919961||ch||
1475694592||1475696639||1137271534||ch||
1475696640||1475698687||1139319505||ch||
1475700224||1475700479||1152934293||ch||
1475705424||1475705439||1142836347||ch||
1507393536||1507401727||1157248788||ch||
1507401728||1507409919||1161757297||ch||
1507426304||1507434495||1157952749||ch||
1507434496||1507442687||1159669055||ch||
2156724224||2156855295||1109653200||ch||
2159149056||2159280127||1109653200||ch||
2163605504||2163671039||1109653200||ch||
2172715008||2172780543||1109653200||ch||
2172911616||2172977151||1109653200||ch||
2176974848||2177105919||1109653200||ch||
2184904704||2185035775||1109653200||ch||
2186412032||2186477567||1109653200||ch||
2187067392||2187132927||1109653200||ch||
2189230080||2189295615||1109653200||ch||
2194014208||2194079743||1109653200||ch||
2195652608||2195718143||1109653200||ch||
2204499968||2204565503||1109653200||ch||
2205483008||2205516031||1109653200||ch||
2207776768||2207842303||1109653200||ch||
2249523200||2249588735||1109653200||ch||
2300706816||2300772351||1109653200||ch||
2302541824||2302607359||1109653200||ch||
2307522560||2307588095||1109653200||ch||
2308702208||2308767743||1109653200||ch||
2320564224||2320629759||1109653200||ch||
2323841024||2323906559||1109653200||ch||
2327511040||2327838719||1109653200||ch||
2329870336||2330263551||1109653200||ch||
2337210368||2337275903||1109653200||ch||
2338077184||2338077439||1123822700||ch||
2338090496||2338090751||1123133371||ch||
2338097664||2338097919||1123741229||ch||
2338101504||2338101759||1146193434||ch||
2366033664||2366033919||1109653200||ch||
2372009984||2372075519||1109653200||ch||
2375286784||2375352319||1109653200||ch||
2376794112||2376859647||1109653200||ch||
2381905920||2381971455||1109653200||ch||
2405629952||2405695487||1109653200||ch||
2410938368||2411003903||1109653200||ch||
2421489664||2421555199||1109653200||ch||
2429026304||2429091839||1109653200||ch||
2447900672||2447966207||1109653200||ch||
2448031744||2448097279||1109653200||ch||
2448752640||2448818175||1109653200||ch||
2449080320||2449145855||1109653200||ch||
2449211392||2449276927||1109653200||ch||
2449735680||2449801215||1109653200||ch||
2453864448||2453929983||1109653200||ch||
2456616960||2456682495||1109653200||ch||
2458386432||2458451967||1109653200||ch||
2459893760||2459959295||1109653200||ch||
2463629312||2463694847||1109653200||ch||
2464415744||2464481279||1109653200||ch||
2465726464||2465791999||1109653200||ch||
2471165952||2471231487||1109653200||ch||
2471362560||2471428095||1109653200||ch||
2471886848||2472083455||1109653200||ch||
2477195264||2477260799||1109653200||ch||
2486566912||2486632447||1109653200||ch||
2495283200||2495348735||1109653200||ch||
2495873024||2495938559||1109653200||ch||
2508521472||2508587007||1109653200||ch||
2530017280||2530082815||1109653200||ch||
2530541568||2530607103||1109653200||ch||
2541223936||2541289471||1109653200||ch||
2541682688||2541748223||1109653200||ch||
2545352704||2545418239||1109653200||ch||
2555904000||2555969535||1109653200||ch||
2556428288||2556493823||1109653200||ch||
2569863168||2569928703||1109653200||ch||
2569989632||2569989888||1109653200||ch||
2573991936||2574123007||1109653200||ch||
2584608768||2584805375||1109653200||ch||
2604793856||2604859391||1109653200||ch||
2607349760||2607415295||1109653200||ch||
2615410688||2615476223||1109653200||ch||
2618884096||2618949631||1109653200||ch||
2624192512||2624258047||1109653200||ch||
2624782336||2624847871||1109653200||ch||
2626093056||2626158591||1109653200||ch||
2635726848||2635792383||1109653200||ch||
2644574208||2644639743||1109653200||ch||
2659516416||2659581951||1109653200||ch||
2665218048||2665283583||1109653200||ch||
2665611264||2665676799||1109653200||ch||
2666004480||2666070015||1109653200||ch||
2668101632||2668167167||1109653200||ch||
2668363776||2668429311||1109653200||ch||
2669019136||2669084671||1109653200||ch||
2669477888||2669543423||1109653200||ch||
2674327552||2674380799||1109653200||ch||
2674381056||2674393087||1109653200||ch||
2675572736||2675638271||1109653200||ch||
2677014528||2677080063||1109653200||ch||
2677800960||2677866495||1109653200||ch||
2678587392||2678652927||1109653200||ch||
2679308288||2679373823||1109653200||ch||
2682781696||2682847231||1109653200||ch||
2683371520||2683437055||1109653200||ch||
2687827968||2687893503||1109653200||ch||
2688221184||2688286719||1109653200||ch||
2688352256||2688548863||1109653200||ch||
2689925120||2689990655||1109653200||ch||
2690777088||2690842623||1109653200||ch||
2698706944||2698772479||1109653200||ch||
2702442496||2702508031||1109653200||ch||
2705195008||2705260543||1109653200||ch||
2706243584||2706309119||1109653200||ch||
2714370048||2714435583||1109653200||ch||
2719285248||2719350783||1109653200||ch||
2719416320||2719481855||1109653200||ch||
2719612928||2719678463||1109653200||ch||
2723545088||2723610623||1109653200||ch||
2745040896||2745106431||1109653200||ch||
2745237504||2745303039||1109653200||ch||
2745696256||2745761791||1109653200||ch||
2752380928||2752446463||1109653200||ch||
2759852032||2759863127||1109653200||ch||
2759863132||2759870947||1109653200||ch||
2759870952||2759883039||1109653200||ch||
2759883044||2759883067||1109653200||ch||
2759883072||2759883439||1109653200||ch||
2759883444||2759883451||1109653200||ch||
2759883456||2759884111||1109653200||ch||
2759884116||2759894559||1109653200||ch||
2759894564||2759917567||1109653200||ch||
2785542144||2786066431||1109653200||ch||
2812805120||2812870655||1109653200||ch||
2818637824||2818703359||1109653200||ch||
2837446656||2839543807||1109653200||ch||
2856058880||2856124415||1109653200||ch||
2867593216||2867724287||1109653200||ch||
2870542336||2870574848||1109653200||ch||
2870673408||2870738943||1109653200||ch||
2871066624||2871083007||1109653200||ch||
3221633280||3221633535||1109653200||ch||
3221633792||3221634047||1109653200||ch||
3221636608||3221636863||1109653200||ch||
3222067456||3222067967||1109653200||ch||
3222075136||3222075391||1109653200||ch||
3222313728||3222314495||1109653200||ch||
3222316288||3222316799||1109653200||ch||
3222936576||3222940927||1109653200||ch||
3222941184||3222941695||1109653200||ch||
3223410432||3223416831||1109653200||ch||
3223418368||3223420927||1109653200||ch||
3223437312||3223447551||1109653200||ch||
3223650560||3223715839||1109653200||ch||
3223946240||3223947519||1109653200||ch||
3223948544||3223949823||1109653200||ch||
3223950592||3223953663||1109653200||ch||
3223988736||3223990271||1109653200||ch||
3224024064||3224029695||1109653200||ch||
3224092672||3224093951||1109653200||ch||
3224368128||3224369663||1109653200||ch||
3224725504||3224725759||1109653200||ch||
3224795648||3224795903||1109653200||ch||
3224798208||3224798463||1109653200||ch||
3224826880||3224827135||1109653200||ch||
3225508864||3225509631||1109653200||ch||
3225532160||3225532415||1109653200||ch||
3225534464||3225534719||1109653200||ch||
3225535488||3225535743||1109653200||ch||
3225977856||3225978111||1109653200||ch||
3226018560||3226021119||1109653200||ch||
3226274560||3226274815||1109653200||ch||
3226476288||3226479359||1109653200||ch||
3226631168||3226631423||1109653200||ch||
3226722048||3226722303||1109653200||ch||
3226772992||3226773247||1109653200||ch||
3226904064||3226904319||1109653200||ch||
3226992896||3226993151||1109653200||ch||
3227250688||3227252735||1109653200||ch||
3227287552||3227287807||1109653200||ch||
3227290368||3227290879||1109653200||ch||
3227445504||3227445759||1109653200||ch||
3227889664||3227889919||1109653200||ch||
3227934464||3227934719||1109653200||ch||
3228051712||3228051967||1109653200||ch||
3228059648||3228059903||1109653200||ch||
3228105472||3228105727||1109653200||ch||
3228363264||3228363519||1109653200||ch||
3228423680||3228424191||1109653200||ch||
3228512256||3228512511||1109653200||ch||
3228526336||3228526591||1109653200||ch||
3228620288||3228620543||1109653200||ch||
3228630528||3228630783||1109653200||ch||
3229940736||3229940991||1109653200||ch||
3230109952||3230115071||1109653200||ch||
3230148864||3230149119||1109653200||ch||
3230178304||3230178559||1109653200||ch||
3230328320||3230329087||1109653200||ch||
3231135232||3231135487||1109653200||ch||
3231212032||3231212287||1109653200||ch||
3231275264||3231275519||1109653200||ch||
3231563008||3231563263||1109653200||ch||
3231735552||3231736063||1109653200||ch||
3232391168||3232399359||1109653200||ch||
3238010880||3238017023||1109653200||ch||
3238018560||3238019071||1109653200||ch||
3238060032||3238060287||1109653200||ch||
3238062080||3238062591||1109653200||ch||
3238063360||3238063615||1109653200||ch||
3238065664||3238065919||1109653200||ch||
3238330368||3238337023||1109653200||ch||
3238337536||3238395903||1109653200||ch||
3238526976||3238592511||1109653200||ch||
3238623744||3238623999||1109653200||ch||
3239051264||3239051519||1109653200||ch||
3239062528||3239062783||1109653200||ch||
3239105280||3239105535||1109653200||ch||
3239106816||3239107071||1109653200||ch||
3239107584||3239107839||1109653200||ch||
3239133184||3239133439||1109653200||ch||
3239138560||3239138815||1109653200||ch||
3239166464||3239166719||1109653200||ch||
3239167744||3239168511||1109653200||ch||
3239480832||3239481087||1109653200||ch||
3239488256||3239488511||1109653200||ch||
3239624704||3239625727||1109653200||ch||
3239667200||3239667711||1109653200||ch||
3239739904||3239740159||1109653200||ch||
3239762176||3239762431||1109653200||ch||
3239783168||3239783423||1109653200||ch||
3239783680||3239783935||1109653200||ch||
3239827968||3239828479||1109653200||ch||
3239884032||3239884287||1109653200||ch||
3239885056||3239885311||1109653200||ch||
3239885824||3239886079||1109653200||ch||
3240011520||3240011775||1109653200||ch||
3240712704||3240712959||1109653200||ch||
3240716288||3240718335||1109653200||ch||
3240724480||3240725503||1109653200||ch||
3240727552||3240728063||1109653200||ch||
3240739072||3240739327||1109653200||ch||
3240827648||3240827903||1109653200||ch||
3240844544||3240844799||1109653200||ch||
3240867584||3240867839||1109653200||ch||
3241082880||3241148415||1109653200||ch||
3241476096||3241476351||1109653200||ch||
3241848064||3241851391||1109653200||ch||
3241857280||3241857535||1109653200||ch||
3241859072||3241861119||1109653200||ch||
3242721280||3242750975||1109653200||ch||
3242751232||3242779903||1109653200||ch||
3242780160||3242852351||1109653200||ch||
3244592128||3244592639||1109653200||ch||
3245115392||3245115903||1109653200||ch||
3245128448||3245128703||1109653200||ch||
3245139968||3245140479||1109653200||ch||
3245158400||3245158911||1109653200||ch||
3245159424||3245159935||1109653200||ch||
3245170432||3245170687||1109653200||ch||
3245184000||3245185023||1109653200||ch||
3245201408||3245201663||1109653200||ch||
3245233408||3245233663||1109653200||ch||
3245235968||3245236223||1109653200||ch||
3245245184||3245245439||1109653200||ch||
3245328896||3245329407||1109653200||ch||
3246784512||3246915583||1109653200||ch||
3247064320||3247064575||1109653200||ch||
3247065344||3247065599||1109653200||ch||
3247067904||3247068159||1109653200||ch||
3247100928||3247101951||1109653200||ch||
3247714304||3247716351||1109653200||ch||
3247717888||3247718399||1109653200||ch||
3247817472||3247817727||1109653200||ch||
3247820800||3247822335||1109653200||ch||
3247825152||3247825919||1109653200||ch||
3247826944||3247828991||1109653200||ch||
3248372248||3248372255||1109653200||ch||
3248810240||3248810495||1109653200||ch||
3248813056||3248813567||1109653200||ch||
3249701888||3249702143||1109653200||ch||
3249708032||3249708543||1109653200||ch||
3250381056||3250386943||1109653200||ch||
3250438208||3250438399||1109653200||ch||
3250438432||3250446335||1109653200||ch||
3250589696||3250593791||1109653200||ch||
3250642944||3250651135||1109653200||ch||
3250683904||3250692095||1109653200||ch||
3250752000||3250752511||1109653200||ch||
3251183872||3251184127||1109653200||ch||
3251196928||3251197951||1109653200||ch||
3251206656||3251207167||1109653200||ch||
3251215872||3251215999||1109653200||ch||
3251251712||3251251967||1109653200||ch||
3251252736||3251256831||1109653200||ch||
3251302400||3251306495||1109653200||ch||
3251312384||3251312639||1109653200||ch||
3251314176||3251314687||1109653200||ch||
3251604448||3251604455||1109653200||ch||
3251734272||3251734527||1109653200||ch||
3251850752||3251851007||1109653200||ch||
3252315136||3252316415||1109653200||ch||
3252449536||3252449607||1109653200||ch||
3252449792||3252450047||1109653200||ch||
3252451072||3252451327||1109653200||ch||
3252551680||3252580607||1109653200||ch||
3252580864||3252672511||1109653200||ch||
3252672768||3252682751||1109653200||ch||
3253889280||3253889535||1109653200||ch||
3254124544||3254156799||1109653200||ch||
3254157056||3254177279||1109653200||ch||
3254177536||3254255615||1109653200||ch||
3254486528||3254486543||1109653200||ch||
3254486656||3254486671||1109653200||ch||
3254486688||3254486719||1109653200||ch||
3254650880||3254653439||1109653200||ch||
3255214080||3255222271||1109653200||ch||
3255400448||3255401471||1109653200||ch||
3255473408||3255473663||1109653200||ch||
3255477504||3255477759||1109653200||ch||
3255484928||3255485183||1109653200||ch||
3255500800||3255558143||1109653200||ch||
3255558400||3255566335||1109653200||ch||
3255599104||3255615487||1109653200||ch||
3256352768||3256385535||1109653200||ch||
3256680448||3256682415||1109653200||ch||
3256682432||3256688639||1109653200||ch||
3256694784||3256695807||1109653200||ch||
3256712192||3256713215||1109653200||ch||
3257286656||3257294847||1109653200||ch||
3257311232||3257335807||1109653200||ch||
3257483008||3257491455||1109653200||ch||
3257495552||3257497855||1109653200||ch||
3257499648||3257525495||1109653200||ch||
3257525504||3257532415||1109653200||ch||
3257544704||3257544959||1109653200||ch||
3257546528||3257546623||1109653200||ch||
3257573376||3257574015||1109653200||ch||
3258339328||3258339795||1109653200||ch||
3258339840||3258340799||1109653200||ch||
3258340864||3258340927||1109653200||ch||
3258449920||3258502682||1109653200||ch||
3258502684||3258515455||1109653200||ch||
3258946560||3258947583||1109653200||ch||
3259302400||3259303423||1109653200||ch||
3259311616||3259311871||1109653200||ch||
3259317248||3259318271||1109653200||ch||
3259318528||3259318591||1109653200||ch||
3259319440||3259319447||1109653200||ch||
3259342848||3259344895||1109653200||ch||
3259345408||3259345663||1109653200||ch||
3259347456||3259347967||1109653200||ch||
3259348224||3259348991||1109653200||ch||
3259352064||3259352575||1109653200||ch||
3259507712||3259507967||1109653200||ch||
3259531264||3259531519||1109653200||ch||
3259628032||3259628543||1109653200||ch||
3259660288||3259660303||1109653200||ch||
3259660328||3259660335||1109653200||ch||
3259660544||3259660799||1109653200||ch||
3260001280||3260001359||1109653200||ch||
3260548864||3260549119||1109653200||ch||
3260549376||3260549631||1109653200||ch||
3260899328||3260900095||1109653200||ch||
3260903424||3260906239||1109653200||ch||
3262420480||3262420991||1109653200||ch||
3262428160||3262428671||1109653200||ch||
3262432256||3262432767||1109653200||ch||
3262435840||3262436351||1109653200||ch||
3262472264||3262472267||1109653200||ch||
3262472428||3262472431||1109653200||ch||
3262472460||3262472463||1109653200||ch||
3262472496||3262472499||1109653200||ch||
3262472528||3262472531||1109653200||ch||
3262472596||3262472599||1109653200||ch||
3262472604||3262472607||1109653200||ch||
3262472808||3262472811||1109653200||ch||
3262472820||3262472823||1109653200||ch||
3262472940||3262472943||1109653200||ch||
3262473164||3262473167||1109653200||ch||
3262475344||3262475347||1109653200||ch||
3262475416||3262475419||1109653200||ch||
3262475492||3262475495||1109653200||ch||
3262476040||3262476043||1109653200||ch||
3262476144||3262476147||1109653200||ch||
3262476420||3262476423||1109653200||ch||
3262476504||3262476507||1109653200||ch||
3262476744||3262476747||1109653200||ch||
3262476848||3262476851||1109653200||ch||
3262476912||3262476915||1109653200||ch||
3262477016||3262477019||1109653200||ch||
3262477152||3262477155||1109653200||ch||
3262477344||3262477347||1109653200||ch||
3262477400||3262477403||1109653200||ch||
3262477440||3262477443||1109653200||ch||
3262477508||3262477511||1109653200||ch||
3262477596||3262477599||1109653200||ch||
3262477628||3262477631||1109653200||ch||
3262477744||3262477751||1109653200||ch||
3262477804||3262477807||1109653200||ch||
3262477832||3262477835||1109653200||ch||
3262477908||3262477911||1109653200||ch||
3262478016||3262478019||1109653200||ch||
3262478056||3262478063||1109653200||ch||
3262478128||3262478128||1109653200||ch||
3262478252||3262478255||1109653200||ch||
3262478272||3262478275||1109653200||ch||
3262478345||3262478345||1109653200||ch||
3262478352||3262478352||1109653200||ch||
3262478363||3262478363||1109653200||ch||
3262478370||3262478370||1109653200||ch||
3262478372||3262478373||1109653200||ch||
3262478378||3262478378||1109653200||ch||
3262478389||3262478389||1109653200||ch||
3262478422||3262478422||1109653200||ch||
3262478430||3262478430||1109653200||ch||
3262478477||3262478478||1109653200||ch||
3262478485||3262478485||1109653200||ch||
3262478492||3262478492||1109653200||ch||
3262478501||3262478501||1109653200||ch||
3262478520||3262478520||1109653200||ch||
3262478568||3262478568||1109653200||ch||
3262478595||3262478595||1109653200||ch||
3262478636||3262478636||1109653200||ch||
3262478642||3262478642||1109653200||ch||
3262478676||3262478676||1109653200||ch||
3262478682||3262478682||1109653200||ch||
3262478691||3262478691||1109653200||ch||
3262478694||3262478694||1109653200||ch||
3262478702||3262478702||1109653200||ch||
3262478742||3262478742||1109653200||ch||
3262478759||3262478759||1109653200||ch||
3262478775||3262478775||1109653200||ch||
3262478807||3262478807||1109653200||ch||
3262478810||3262478810||1109653200||ch||
3262478852||3262478853||1109653200||ch||
3262478866||3262478866||1109653200||ch||
3262478932||3262478932||1109653200||ch||
3262478936||3262478937||1109653200||ch||
3262478964||3262478964||1109653200||ch||
3262478973||3262478973||1109653200||ch||
3262478984||3262478984||1109653200||ch||
3262479000||3262479000||1109653200||ch||
3262479015||3262479015||1109653200||ch||
3262479020||3262479022||1109653200||ch||
3262479028||3262479028||1109653200||ch||
3262479041||3262479041||1109653200||ch||
3262479063||3262479063||1109653200||ch||
3262479075||3262479075||1109653200||ch||
3262479081||3262479081||1109653200||ch||
3262479084||3262479084||1109653200||ch||
3262479089||3262479089||1109653200||ch||
3262479101||3262479101||1109653200||ch||
3262479117||3262479117||1109653200||ch||
3262479144||3262479144||1109653200||ch||
3262479165||3262479167||1109653200||ch||
3262479170||3262479170||1109653200||ch||
3262479184||3262479184||1109653200||ch||
3262479188||3262479188||1109653200||ch||
3262479262||3262479262||1109653200||ch||
3262479265||3262479265||1109653200||ch||
3262479285||3262479285||1109653200||ch||
3262479322||3262479323||1109653200||ch||
3262479340||3262479340||1109653200||ch||
3262479353||3262479353||1109653200||ch||
3262479356||3262479356||1109653200||ch||
3262479367||3262479367||1109653200||ch||
3262479370||3262479370||1109653200||ch||
3262479379||3262479379||1109653200||ch||
3262479396||3262479396||1109653200||ch||
3262479453||3262479453||1109653200||ch||
3262479467||3262479467||1109653200||ch||
3262479473||3262479473||1109653200||ch||
3262479475||3262479475||1109653200||ch||
3262479493||3262479493||1109653200||ch||
3262479522||3262479522||1109653200||ch||
3262479541||3262479541||1109653200||ch||
3262479548||3262479548||1109653200||ch||
3262479567||3262479567||1109653200||ch||
3262479574||3262479574||1109653200||ch||
3262479623||3262479623||1109653200||ch||
3262479656||3262479656||1109653200||ch||
3262479694||3262479694||1109653200||ch||
3262479696||3262479696||1109653200||ch||
3262479708||3262479708||1109653200||ch||
3262479731||3262479731||1109653200||ch||
3262479735||3262479736||1109653200||ch||
3262479747||3262479747||1109653200||ch||
3262479752||3262479752||1109653200||ch||
3262479766||3262479766||1109653200||ch||
3262479786||3262479786||1109653200||ch||
3262479795||3262479795||1109653200||ch||
3262479828||3262479829||1109653200||ch||
3262479838||3262479838||1109653200||ch||
3262479845||3262479845||1109653200||ch||
3262479856||3262479856||1109653200||ch||
3262479877||3262479877||1109653200||ch||
3262479894||3262479894||1109653200||ch||
3262479903||3262479903||1109653200||ch||
3262479950||3262479950||1109653200||ch||
3262479979||3262479979||1109653200||ch||
3262479985||3262479985||1109653200||ch||
3262479994||3262479994||1109653200||ch||
3262480011||3262480011||1109653200||ch||
3262480022||3262480022||1109653200||ch||
3262480032||3262480032||1109653200||ch||
3262480039||3262480039||1109653200||ch||
3262480059||3262480059||1109653200||ch||
3262480081||3262480081||1109653200||ch||
3262480090||3262480090||1109653200||ch||
3262480177||3262480177||1109653200||ch||
3262480189||3262480189||1109653200||ch||
3262480206||3262480206||1109653200||ch||
3262480244||3262480244||1109653200||ch||
3262480254||3262480254||1109653200||ch||
3262480271||3262480271||1109653200||ch||
3262480278||3262480278||1109653200||ch||
3262480286||3262480286||1109653200||ch||
3262480295||3262480295||1109653200||ch||
3262480299||3262480299||1109653200||ch||
3262480333||3262480333||1109653200||ch||
3262480341||3262480341||1109653200||ch||
3262480345||3262480345||1109653200||ch||
3262480353||3262480353||1109653200||ch||
3262480358||3262480359||1109653200||ch||
3262480379||3262480379||1109653200||ch||
3262906368||3262971903||1109653200||ch||
3263035904||3263036415||1109653200||ch||
3263088640||3263089151||1109653200||ch||
3263093248||3263093503||1109653200||ch||
3264312064||3264312319||1109653200||ch||
3264322816||3264323071||1109653200||ch||
3264376576||3264376831||1109653200||ch||
3264380416||3264380671||1109653200||ch||
3264402432||3264403455||1109653200||ch||
3264413696||3264431103||1109653200||ch||
3264431616||3264446207||1109653200||ch||
3264446464||3264483071||1109653200||ch||
3264483328||3264486527||1109653200||ch||
3264486560||3264494079||1109653200||ch||
3264494336||3264544767||1109653200||ch||
3264651264||3264651775||1109653200||ch||
3264660992||3264661503||1109653200||ch||
3264672768||3264673279||1109653200||ch||
3264673792||3264674303||1109653200||ch||
3264847488||3264847615||1109653200||ch||
3264847680||3264847743||1109653200||ch||
3264851968||3264854015||1109653200||ch||
3264855040||3264855551||1109653200||ch||
3265134592||3265142783||1109653200||ch||
3265191936||3265200127||1109653200||ch||
3265340928||3265341183||1109653200||ch||
3265359872||3265360127||1109653200||ch||
3265360384||3265360895||1109653200||ch||
3265370624||3265370879||1109653200||ch||
3265382400||3265382911||1109653200||ch||
3265601792||3265609727||1109653200||ch||
3267297280||3267362815||1109653200||ch||
3267426880||3267426943||1109653200||ch||
3267509504||3267509695||1109653200||ch||
3267509728||3267509759||1109653200||ch||
3267542528||3267542783||1109653200||ch||
3267558400||3267558911||1109653200||ch||
3267637248||3267637503||1109653200||ch||
3267639808||3267640063||1109653200||ch||
3267640320||3267640575||1109653200||ch||
3267646720||3267646975||1109653200||ch||
3267658752||3267659263||1109653200||ch||
3267660288||3267660543||1109653200||ch||
3267675392||3267675615||1109653200||ch||
3267675616||3267675647||1138079622||ch||
3267675776||3267675903||1109653200||ch||
3267685888||3267686399||1109653200||ch||
3268165632||3268173823||1109653200||ch||
3268335616||3268335871||1109653200||ch||
3268424960||3268425727||1109653200||ch||
3268426496||3268428031||1109653200||ch||
3268428288||3268428543||1109653200||ch||
3268429056||3268429311||1109653200||ch||
3268429568||3268430079||1109653200||ch||
3268476928||3268542463||1109653200||ch||
3269279672||3269279679||1109653200||ch||
3269853184||3269918719||1109653200||ch||
3270181120||3270181887||1109653200||ch||
3270182144||3270183679||1109653200||ch||
3270188288||3270188799||1109653200||ch||
3270190592||3270191359||1109653200||ch||
3270191616||3270192047||1109653200||ch||
3270193152||3270193919||1109653200||ch||
3270194176||3270194431||1109653200||ch||
3270194688||3270194943||1109653200||ch||
3270195456||3270195967||1109653200||ch||
3270196480||3270197247||1109653200||ch||
3270207232||3270207487||1109653200||ch||
3270208000||3270208255||1109653200||ch||
3270217472||3270219775||1109653200||ch||
3270224640||3270224895||1109653200||ch||
3270225408||3270225663||1109653200||ch||
3270238976||3270239999||1109653200||ch||
3270244352||3270245887||1109653200||ch||
3270246144||3270246399||1109653200||ch||
3270648320||3270648575||1109653200||ch||
3270652672||3270652927||1109653200||ch||
3270655744||3270655999||1109653200||ch||
3270926592||3270926847||1109653200||ch||
3270927360||3270927615||1109653200||ch||
3270931968||3270932479||1109653200||ch||
3271371712||3271371775||1109653200||ch||
3271375360||3271375871||1109653200||ch||
3271383040||3271383295||1109653200||ch||
3271384064||3271384319||1109653200||ch||
3271397376||3271397887||1109653200||ch||
3271400960||3271401215||1109653200||ch||
3271737344||3271745535||1109653200||ch||
3272109056||3272109311||1109653200||ch||
3272110336||3272110591||1109653200||ch||
3272214816||3272214823||1109653200||ch||
3272215552||3272215807||1109653200||ch||
3272215884||3272215919||1109653200||ch||
3272216256||3272216287||1109653200||ch||
3272216384||3272216447||1109653200||ch||
3272217600||3272217631||1109653200||ch||
3272228800||3272228863||1109653200||ch||
3272422400||3272422911||1109653200||ch||
3272540160||3272546559||1109653200||ch||
3272546816||3272547387||1109653200||ch||
3272547392||3272552735||1109653200||ch||
3272552744||3272552879||1109653200||ch||
3272552888||3272553471||1109653200||ch||
3272553488||3272554779||1109653200||ch||
3272554784||3272555247||1109653200||ch||
3272555256||3272555407||1109653200||ch||
3272555424||3272556591||1109653200||ch||
3272556608||3272568079||1109653200||ch||
3272568096||3272572879||1109653200||ch||
3272572896||3272605695||1109653200||ch||
3272651136||3272651151||1109653200||ch||
3272653056||3272653087||1109653200||ch||
3273362400||3273362415||1109653200||ch||
3273449472||3273457663||1109653200||ch||
3273876992||3273877247||1109653200||ch||
3273877504||3273877535||1109653200||ch||
3273881856||3273882111||1109653200||ch||
3274389504||3274390527||1109653200||ch||
3274696448||3274696703||1109653200||ch||
3274700032||3274700287||1109653200||ch||
3274702848||3274784279||1109653200||ch||
3274784288||3274801151||1109653200||ch||
3274891264||3274899455||1109653200||ch||
3274917328||3274917335||1109653200||ch||
3274918912||3274919359||1109653200||ch||
3274919392||3274919423||1109653200||ch||
3274933152||3274933183||1109653200||ch||
3274936872||3274936879||1109653200||ch||
3274956800||3274957055||1109653200||ch||
3274957568||3274957823||1109653200||ch||
3274959872||3274960383||1109653200||ch||
3274961408||3274961503||1109653200||ch||
3274961536||3274961559||1109653200||ch||
3274961568||3274961663||1109653200||ch||
3274963456||3274963711||1109653200||ch||
3275514616||3275514623||1109653200||ch||
3275563008||3275563519||1109653200||ch||
3275563584||3275563647||1109653200||ch||
3275563776||3275564287||1109653200||ch||
3275564416||3275564495||1109653200||ch||
3275564800||3275565055||1109653200||ch||
3275565312||3275565567||1109653200||ch||
3275565824||3275567487||1109653200||ch||
3275567616||3275568127||1109653200||ch||
3275568384||3275569407||1109653200||ch||
3275569920||3275570687||1109653200||ch||
3275588712||3275588719||1109653200||ch||
3275816960||3275844863||1109653200||ch||
3275845120||3275881335||1109653200||ch||
3275881344||3275882495||1109653200||ch||
3275915264||3275923455||1109653200||ch||
3276144640||3276152831||1109653200||ch||
3276222256||3276222263||1109653200||ch||
3276244516||3276244519||1109653200||ch||
3276244672||3276244715||1109653200||ch||
3276244720||3276244723||1109653200||ch||
3276244732||3276244735||1109653200||ch||
3276299296||3276299327||1109653200||ch||
3276476416||3276476671||1109653200||ch||
3276477440||3276477983||1109653200||ch||
3276478208||3276478271||1109653200||ch||
3276478304||3276478335||1109653200||ch||
3276500000||3276500031||1109653200||ch||
3276507136||3276507263||1109653200||ch||
3276507392||3276507647||1109653200||ch||
3276513536||3276513599||1109653200||ch||
3276514336||3276514367||1109653200||ch||
3276514560||3276514815||1109653200||ch||
3276526080||3276526095||1109653200||ch||
3276526104||3276526111||1109653200||ch||
3276526144||3276526207||1109653200||ch||
3276526336||3276526591||1109653200||ch||
3276736960||3276736991||1109653200||ch||
3276738560||3276738847||1109653200||ch||
3276739072||3276739151||1109653200||ch||
3276739168||3276740127||1109653200||ch||
3276740224||3276740351||1109653200||ch||
3276746752||3276748287||1109653200||ch||
3276757856||3276757887||1109653200||ch||
3276759744||3276759775||1109653200||ch||
3276763552||3276763567||1109653200||ch||
3276769312||3276769343||1109653200||ch||
3276770032||3276770047||1109653200||ch||
3276774592||3276774655||1109653200||ch||
3276783088||3276783103||1109653200||ch||
3276860160||3276860415||1161921633||ch||
3277192192||3277192447||1109653200||ch||
3277390848||3277391871||1109653200||ch||
3277395872||3277395903||1109653200||ch||
3277398912||3277398943||1109653200||ch||
3277725696||3277728367||1109653200||ch||
3277728384||3277733887||1109653200||ch||
3278913536||3278921727||1109653200||ch||
3278938164||3278938167||1109653200||ch||
3278938200||3278938203||1109653200||ch||
3278938256||3278938263||1109653200||ch||
3278938336||3278938339||1109653200||ch||
3278938408||3278938411||1109653200||ch||
3278938416||3278938419||1109653200||ch||
3278938480||3278938483||1109653200||ch||
3278938588||3278938591||1109653200||ch||
3278938660||3278938663||1109653200||ch||
3278938688||3278938691||1109653200||ch||
3278938716||3278938719||1109653200||ch||
3278938732||3278938735||1109653200||ch||
3278938752||3278938755||1109653200||ch||
3278938848||3278938851||1109653200||ch||
3278938936||3278938939||1109653200||ch||
3278939076||3278939079||1109653200||ch||
3278939104||3278939107||1109653200||ch||
3278939404||3278939407||1109653200||ch||
3278939496||3278939499||1109653200||ch||
3278939848||3278939851||1109653200||ch||
3278939868||3278939871||1109653200||ch||
3278940164||3278940167||1109653200||ch||
3278940180||3278940183||1109653200||ch||
3278940224||3278940227||1109653200||ch||
3278940232||3278940235||1109653200||ch||
3278940280||3278940283||1109653200||ch||
3278940308||3278940311||1109653200||ch||
3278940412||3278940412||1109653200||ch||
3278940424||3278940427||1109653200||ch||
3278940432||3278940443||1109653200||ch||
3278940480||3278940483||1109653200||ch||
3278940516||3278940523||1109653200||ch||
3278940536||3278940539||1109653200||ch||
3278940572||3278940579||1109653200||ch||
3278940640||3278940643||1109653200||ch||
3278940680||3278940683||1109653200||ch||
3278940784||3278940787||1109653200||ch||
3278940832||3278940835||1109653200||ch||
3278940848||3278940851||1109653200||ch||
3278940864||3278940867||1109653200||ch||
3278940880||3278940883||1109653200||ch||
3278941004||3278941007||1109653200||ch||
3278942028||3278942031||1109653200||ch||
3278942036||3278942039||1109653200||ch||
3278942052||3278942055||1109653200||ch||
3278942104||3278942107||1109653200||ch||
3278942168||3278942171||1109653200||ch||
3278942204||3278942207||1109653200||ch||
3278942728||3278942728||1109653200||ch||
3278942752||3278942753||1109653200||ch||
3278942765||3278942765||1109653200||ch||
3278942774||3278942774||1109653200||ch||
3278942793||3278942793||1109653200||ch||
3278942814||3278942814||1109653200||ch||
3278942831||3278942831||1109653200||ch||
3278942870||3278942870||1109653200||ch||
3278942882||3278942882||1109653200||ch||
3278942897||3278942897||1109653200||ch||
3278942914||3278942914||1109653200||ch||
3278942916||3278942916||1109653200||ch||
3278942931||3278942931||1109653200||ch||
3278942938||3278942938||1109653200||ch||
3278942949||3278942949||1109653200||ch||
3278942958||3278942958||1109653200||ch||
3278942986||3278942986||1109653200||ch||
3278942988||3278942990||1109653200||ch||
3278942994||3278942994||1109653200||ch||
3278942998||3278942998||1109653200||ch||
3278943003||3278943003||1109653200||ch||
3278943018||3278943018||1109653200||ch||
3278943020||3278943020||1109653200||ch||
3278943039||3278943039||1109653200||ch||
3278943057||3278943057||1109653200||ch||
3278943059||3278943059||1109653200||ch||
3278943078||3278943079||1109653200||ch||
3278943082||3278943082||1109653200||ch||
3278943114||3278943114||1109653200||ch||
3278943116||3278943116||1109653200||ch||
3278943125||3278943125||1109653200||ch||
3278943137||3278943137||1109653200||ch||
3278943146||3278943146||1109653200||ch||
3278943179||3278943179||1109653200||ch||
3278943196||3278943196||1109653200||ch||
3278943201||3278943202||1109653200||ch||
3278943216||3278943216||1109653200||ch||
3278943221||3278943221||1109653200||ch||
3278943247||3278943247||1109653200||ch||
3278943269||3278943270||1109653200||ch||
3278943301||3278943301||1109653200||ch||
3278943341||3278943341||1109653200||ch||
3278943360||3278943360||1109653200||ch||
3278943372||3278943372||1109653200||ch||
3278943379||3278943379||1109653200||ch||
3278943393||3278943393||1109653200||ch||
3278943431||3278943431||1109653200||ch||
3278943446||3278943446||1109653200||ch||
3278943450||3278943450||1109653200||ch||
3278943492||3278943492||1109653200||ch||
3278943528||3278943528||1109653200||ch||
3278943547||3278943547||1109653200||ch||
3278943560||3278943560||1109653200||ch||
3278943581||3278943581||1109653200||ch||
3278943615||3278943615||1109653200||ch||
3278943621||3278943621||1109653200||ch||
3278943631||3278943631||1109653200||ch||
3278943636||3278943636||1109653200||ch||
3278943663||3278943663||1109653200||ch||
3278943681||3278943681||1109653200||ch||
3278943687||3278943687||1109653200||ch||
3278943700||3278943700||1109653200||ch||
3278943707||3278943707||1109653200||ch||
3278943720||3278943720||1109653200||ch||
3278943732||3278943733||1109653200||ch||
3278943746||3278943746||1109653200||ch||
3278943765||3278943765||1109653200||ch||
3278943771||3278943771||1109653200||ch||
3278943778||3278943778||1109653200||ch||
3278943824||3278943824||1109653200||ch||
3278943829||3278943829||1109653200||ch||
3278943874||3278943874||1109653200||ch||
3278943883||3278943883||1109653200||ch||
3278943965||3278943965||1109653200||ch||
3278943975||3278943976||1109653200||ch||
3278943996||3278943997||1109653200||ch||
3278944009||3278944009||1109653200||ch||
3278944024||3278944025||1109653200||ch||
3278944087||3278944087||1109653200||ch||
3278944159||3278944159||1109653200||ch||
3278944168||3278944168||1109653200||ch||
3278944170||3278944171||1109653200||ch||
3278944231||3278944231||1109653200||ch||
3278945795||3278945795||1109653200||ch||
3278945810||3278945810||1109653200||ch||
3278945823||3278945823||1109653200||ch||
3278945835||3278945835||1109653200||ch||
3278945841||3278945841||1109653200||ch||
3278945846||3278945846||1109653200||ch||
3278945853||3278945853||1109653200||ch||
3278945891||3278945891||1109653200||ch||
3279314944||3279315711||1109653200||ch||
3279380480||3279380991||1109653200||ch||
3279382784||3279383807||1109653200||ch||
3279384064||3279385343||1109653200||ch||
3279386368||3279386495||1109653200||ch||
3279387136||3279387391||1109653200||ch||
3279752960||3279753215||1109653200||ch||
3280016608||3280016623||1109653200||ch||
3280019712||3280020479||1109653200||ch||
3280021248||3280021503||1109653200||ch||
3280027648||3280027903||1109653200||ch||
3280030208||3280030463||1109653200||ch||
3280032128||3280032255||1109653200||ch||
3280039936||3280040191||1111112700||ch||
3280041472||3280041727||1109653200||ch||
3280117760||3280125951||1109653200||ch||
3280371712||3280379903||1109653200||ch||
3280392128||3280392191||1109653200||ch||
3280797696||3280806403||1109653200||ch||
3280806656||3280810783||1109653200||ch||
3280810800||3280815407||1109653200||ch||
3280815416||3280819791||1109653200||ch||
3280819824||3280820487||1109653200||ch||
3280820608||3280823702||1109653200||ch||
3280823705||3280823855||1109653200||ch||
3280823888||3280824107||1109653200||ch||
3280824110||3280844292||1109653200||ch||
3280844296||3280863231||1109653200||ch||
3281002496||3281010687||1109653200||ch||
3281035264||3281043455||1109653200||ch||
3281345536||3281345791||1109653200||ch||
3281972480||3281972735||1109653200||ch||
3281974784||3281974911||1109653200||ch||
3282042880||3282083839||1109653200||ch||
3282206720||3282223103||1109653200||ch||
3282461440||3282461695||1109653200||ch||
3283091456||3283156991||1109653200||ch||
3283216896||3283217407||1109653200||ch||
3283514496||3283514527||1124861892||ch||
3283552672||3283552703||1109653200||ch||
3283554304||3283554327||1109653200||ch||
3283554336||3283554431||1109653200||ch||
3283554560||3283555743||1109653200||ch||
3283555840||3283556351||1109653200||ch||
3283562904||3283562911||1109653200||ch||
3283572192||3283572223||1109653200||ch||
3283572632||3283572639||1109653200||ch||
3283587456||3283587487||1109653200||ch||
3283587520||3283587551||1109653200||ch||
3283587680||3283587711||1109653200||ch||
3283587896||3283587903||1109653200||ch||
3283590592||3283590623||1109653200||ch||
3283591376||3283591423||1109653200||ch||
3283592192||3283592847||1109653200||ch||
3283592928||3283593023||1109653200||ch||
3283593088||3283593215||1109653200||ch||
3283598640||3283598655||1109653200||ch||
3283598880||3283598911||1109653200||ch||
3283602944||3283603007||1109653200||ch||
3283603072||3283603199||1109653200||ch||
3283610784||3283610815||1109653200||ch||
3283613696||3283614079||1109653200||ch||
3283614208||3283614975||1109653200||ch||
3283615232||3283615743||1109653200||ch||
3283650688||3283650815||1109653200||ch||
3283650960||3283650975||1109653200||ch||
3283651712||3283651727||1109653200||ch||
3283651736||3283651743||1109653200||ch||
3283654400||3283654655||1109653200||ch||
3283746816||3283812351||1109653200||ch||
3284044800||3284045055||1109653200||ch||
3284049920||3284058111||1109653200||ch||
3284844544||3284860927||1109653200||ch||
3285266000||3285266007||1109653200||ch||
3285319680||3285327871||1109653200||ch||
3285466368||3285466495||1109653200||ch||
3285466528||3285466623||1109653200||ch||
3285479424||3285479807||1109653200||ch||
3285479936||3285480575||1109653200||ch||
3285480704||3285480895||1109653200||ch||
3285480960||3285481471||1109653200||ch||
3285481728||3285481791||1109653200||ch||
3285481920||3285481983||1109653200||ch||
3285482496||3285482527||1109653200||ch||
3285482752||3285482783||1109653200||ch||
3285482816||3285482879||1109653200||ch||
3285483008||3285483519||1109653200||ch||
3285498624||3285498655||1109653200||ch||
3285498672||3285498751||1109653200||ch||
3285518592||3285518847||1109653200||ch||
3285520528||3285520543||1109653200||ch||
3285523088||3285523199||1109653200||ch||
3285523712||3285523967||1109653200||ch||
3285524176||3285524191||1109653200||ch||
3285525248||3285525503||1109653200||ch||
3285526400||3285526527||1109653200||ch||
3285526784||3285526815||1109653200||ch||
3285526848||3285526911||1109653200||ch||
3285529216||3285529247||1109653200||ch||
3285530880||3285530911||1109653200||ch||
3285532736||3285532799||1109653200||ch||
3285533368||3285533375||1109653200||ch||
3285537168||3285537175||1109653200||ch||
3285538288||3285538295||1109653200||ch||
3285538816||3285538847||1109653200||ch||
3285540192||3285540207||1109653200||ch||
3285547776||3285548031||1109653200||ch||
3285549216||3285549247||1109653200||ch||
3285551008||3285551039||1109653200||ch||
3285553728||3285553759||1109653200||ch||
3285553920||3285554047||1109653200||ch||
3285554816||3285554943||1109653200||ch||
3285556736||3285556767||1109653200||ch||
3285557888||3285557911||1109653200||ch||
3285559840||3285559871||1109653200||ch||
3285560480||3285560511||1109653200||ch||
3285561920||3285561951||1109653200||ch||
3285563648||3285563903||1109653200||ch||
3285564416||3285564511||1109653200||ch||
3285564672||3285564735||1109653200||ch||
3285566048||3285566079||1109653200||ch||
3285566528||3285566559||1109653200||ch||
3285566576||3285566591||1109653200||ch||
3285568672||3285568703||1109653200||ch||
3285572448||3285572479||1109653200||ch||
3285573536||3285573567||1109653200||ch||
3285729280||3285737471||1109653200||ch||
3286318080||3286318591||1140500462||ch||
3286332416||3286333439||1109653200||ch||
3286368256||3286376447||1109653200||ch||
3286654976||3286663167||1109653200||ch||
3286783600||3286783615||1109653200||ch||
3286784512||3286784767||1109653200||ch||
3286908928||3286909951||1109653200||ch||
3286925568||3286925823||1109653200||ch||
3286934272||3286934527||1109653200||ch||
3286937600||3286937855||1109653200||ch||
3286938624||3286938879||1109653200||ch||
3286940416||3286940671||1109653200||ch||
3286949888||3286950911||1109653200||ch||
3287438336||3287438847||1109653200||ch||
3287578736||3287578751||1109653200||ch||
3287671808||3287672063||1109653200||ch||
3287674112||3287674367||1109653200||ch||
3287695360||3287703551||1109653200||ch||
3288143616||3288143871||1109653200||ch||
3328414720||3328414975||1109653200||ch||
3328433664||3328433919||1109653200||ch||
3330640896||3330641151||1109653200||ch||
3330771200||3330771711||1109653200||ch||
3331563520||3331563775||1109653200||ch||
3331633408||3331633919||1109653200||ch||
3335439616||3335439871||1109653200||ch||
3335440384||3335441151||1109653200||ch||
3337650176||3337682943||1109653200||ch||
3341547008||3341547519||1109653200||ch||
3342139392||3342204927||1109653200||ch||
3344633856||3344637951||1109653200||ch||
3345443328||3345443583||1109653200||ch||
3345444608||3345445119||1109653200||ch||
3427770624||3427771391||1109653200||ch||
3427771904||3427772415||1109653200||ch||
3427788032||3427788287||1109653200||ch||
3521079040||3521079103||1109653200||ch||
3556847968||3556847983||1109653200||ch||
3557048320||3557056511||1109653200||ch||
3557086720||3557086783||1109653200||ch||
3557974016||3557982207||1109653200||ch||
3558288320||3558288383||1109653200||ch||
3558291232||3558291239||1109653200||ch||
3558291248||3558291263||1109653200||ch||
3558291328||3558291455||1109653200||ch||
3558334464||3558342655||1109653200||ch||
3558408192||3558416383||1109653200||ch||
3558580224||3558581119||1109653200||ch||
3558581152||3558581423||1109653200||ch||
3558581440||3558586303||1109653200||ch||
3558586336||3558588415||1109653200||ch||
3558637568||3558645759||1109653200||ch||
3559063552||3559079935||1109653200||ch||
3559391232||3559399423||1109653200||ch||
3559473152||3559489535||1109653200||ch||
3559555072||3559563263||1109653200||ch||
3559596032||3559604223||1109653200||ch||
3559620608||3559628799||1109653200||ch||
3559768064||3559776255||1109653200||ch||
3559877952||3559877967||1109653200||ch||
3559890944||3559899135||1109653200||ch||
3560267776||3560275967||1109653200||ch||
3560366656||3560367103||1109653200||ch||
3560367168||3560374271||1109653200||ch||
3560423424||3560431615||1109653200||ch||
3560669184||3560685567||1109653200||ch||
3560710144||3560718335||1109653200||ch||
3560858624||3560865791||1109653200||ch||
3560939628||3560939631||1109653200||ch||
3560939656||3560939659||1109653200||ch||
3560939816||3560939819||1109653200||ch||
3560939876||3560939879||1109653200||ch||
3560939888||3560939891||1109653200||ch||
3560939960||3560939963||1109653200||ch||
3560940064||3560940067||1109653200||ch||
3560940092||3560940095||1109653200||ch||
3560940228||3560940231||1109653200||ch||
3560940252||3560940255||1109653200||ch||
3560940340||3560940343||1109653200||ch||
3560940372||3560940379||1109653200||ch||
3560940400||3560940403||1109653200||ch||
3560940476||3560940479||1109653200||ch||
3560940596||3560940599||1109653200||ch||
3560940612||3560940615||1109653200||ch||
3560940764||3560940767||1109653200||ch||
3560940932||3560940935||1109653200||ch||
3560941028||3560941031||1109653200||ch||
3560941192||3560941195||1109653200||ch||
3560941380||3560941383||1109653200||ch||
3560941408||3560941411||1109653200||ch||
3560941468||3560941471||1109653200||ch||
3560941604||3560941607||1109653200||ch||
3560941708||3560941711||1109653200||ch||
3560941852||3560941855||1109653200||ch||
3560941932||3560941935||1109653200||ch||
3560942024||3560942027||1109653200||ch||
3560942448||3560942455||1109653200||ch||
3560942476||3560942479||1109653200||ch||
3560942544||3560942547||1109653200||ch||
3560942736||3560942739||1109653200||ch||
3560942780||3560942783||1109653200||ch||
3560942836||3560942839||1109653200||ch||
3560942904||3560942907||1109653200||ch||
3560943008||3560943011||1109653200||ch||
3560943121||3560943121||1109653200||ch||
3560943138||3560943138||1109653200||ch||
3560943141||3560943141||1109653200||ch||
3560943147||3560943147||1109653200||ch||
3560943163||3560943163||1109653200||ch||
3560943176||3560943177||1109653200||ch||
3560943204||3560943204||1109653200||ch||
3560943235||3560943235||1109653200||ch||
3560943245||3560943245||1109653200||ch||
3560943249||3560943249||1109653200||ch||
3560943318||3560943318||1109653200||ch||
3560943325||3560943325||1109653200||ch||
3560943345||3560943345||1109653200||ch||
3560943386||3560943386||1109653200||ch||
3560943399||3560943399||1109653200||ch||
3560943422||3560943422||1109653200||ch||
3560943444||3560943444||1109653200||ch||
3560943461||3560943461||1109653200||ch||
3560943468||3560943468||1109653200||ch||
3560943474||3560943474||1109653200||ch||
3560943500||3560943500||1109653200||ch||
3560943530||3560943530||1109653200||ch||
3560943603||3560943603||1109653200||ch||
3560943632||3560943632||1109653200||ch||
3560943696||3560943697||1109653200||ch||
3560943705||3560943705||1109653200||ch||
3560943800||3560943800||1109653200||ch||
3560943813||3560943813||1109653200||ch||
3560943837||3560943837||1109653200||ch||
3560944888||3560944891||1109653200||ch||
3561447424||3561455615||1109653200||ch||
3561617408||3561617919||1109653200||ch||
3561627648||3561635839||1109653200||ch||
3561637376||3561637631||1109653200||ch||
3561652224||3561668607||1109653200||ch||
3562037248||3562045439||1109653200||ch||
3562057776||3562057783||1109653200||ch||
3562058768||3562058775||1109653200||ch||
3562058848||3562058863||1109653200||ch||
3562058880||3562058895||1109653200||ch||
3562058928||3562058943||1109653200||ch||
3562059328||3562059335||1109653200||ch||
3562059392||3562059775||1109653200||ch||
3562060288||3562060351||1109653200||ch||
3562060544||3562060575||1109653200||ch||
3562060672||3562060727||1109653200||ch||
3562717184||3562725375||1109653200||ch||
3562938368||3562946559||1109653200||ch||
3563200512||3563208703||1109653200||ch||
3563388928||3563397119||1109653200||ch||
3563421696||3563438079||1109653200||ch||
3563536384||3563544575||1109653200||ch||
3563929600||3563937791||1109653200||ch||
3564008192||3564008223||1109653200||ch||
3564462080||3564470271||1109653200||ch||
3564486656||3564494847||1109653200||ch||
3564561920||3564562431||1109653200||ch||
3564751632||3564751639||1109653200||ch||
3564751648||3564751711||1109653200||ch||
3564751728||3564751743||1109653200||ch||
3564751808||3564751871||1109653200||ch||
3564752384||3564752463||1109653200||ch||
3564752480||3564752607||1109653200||ch||
3564752624||3564752639||1109653200||ch||
3564971920||3564971927||1109653200||ch||
3565068288||3565076479||1109653200||ch||
3565492736||3565492991||1109653200||ch||
3565511680||3565512191||1109653200||ch||
3566403584||3566436351||1109653200||ch||
3566731264||3566739455||1109653200||ch||
3567353856||3567386623||1109653200||ch||
3568153760||3568153767||1109653200||ch||
3568829632||3568829639||1109653200||ch||
3569356544||3569356551||1109653200||ch||
3569731392||3569731407||1109653200||ch||
3570081792||3570096831||1109653200||ch||
3570096896||3570106367||1109653200||ch||
3570507440||3570507455||1109653200||ch||
3570860032||3570892799||1109653200||ch||
3571349744||3571349759||1109653200||ch||
3571974144||3571976959||1109653200||ch||
3571978240||3572039679||1109653200||ch||
3572552680||3572552687||1109653200||ch||
3572695040||3572715519||1109653200||ch||
3572715776||3572721823||1109653200||ch||
3572721832||3572760575||1109653200||ch||
3573088256||3573153791||1109653200||ch||
3573415936||3573481471||1109653200||ch||
3573743616||3573809151||1109653200||ch||
3574153232||3574153235||1109653200||ch||
3574153300||3574153303||1109653200||ch||
3574153680||3574153687||1109653200||ch||
3574153776||3574153783||1109653200||ch||
3575079264||3575079271||1109653200||ch||
3575626504||3575626511||1109653200||ch||
3575630464||3575630591||1109653200||ch||
3575631232||3575631295||1109653200||ch||
3575631640||3575631647||1109653200||ch||
3575632848||3575632863||1109653200||ch||
3575633920||3575633983||1109653200||ch||
3575635016||3575635023||1109653200||ch||
3575635776||3575635839||1109653200||ch||
3576055200||3576055207||1109653200||ch||
3576119296||3576119455||1109653200||ch||
3576119472||3576127487||1109653200||ch||
3576131584||3576135679||1109653200||ch||
3577184256||3577217023||1109653200||ch||
3577610752||3577611199||1109653200||ch||
3577628672||3577630719||1109653200||ch||
3579481096||3579481103||1109653200||ch||
3579481144||3579481151||1109653200||ch||
3579481192||3579481199||1109653200||ch||
3579481256||3579481263||1109653200||ch||
3579485984||3579485984||1109653200||ch||
3580213248||3580214271||1109653200||ch||
3580241920||3580243967||1109653200||ch||
3580329984||3580338175||1109653200||ch||
3582195136||3582195143||1109653200||ch||
3582292040||3582292047||1109653200||ch||
3582292232||3582292239||1109653200||ch||
3582292304||3582292319||1109653200||ch||
3582292416||3582292447||1109653200||ch||
3582292464||3582292471||1109653200||ch||
3582292488||3582292495||1109653200||ch||
3582292536||3582292543||1109653200||ch||
3582292856||3582292863||1109653200||ch||
3582293232||3582293239||1109653200||ch||
3582294472||3582294479||1109653200||ch||
3582294688||3582294695||1109653200||ch||
3582295232||3582295239||1109653200||ch||
3582295432||3582295439||1109653200||ch||
3582295672||3582295679||1109653200||ch||
3582295808||3582295815||1109653200||ch||
3582320640||3582328831||1109653200||ch||
3582571304||3582571307||1109653200||ch||
3582572032||3582572431||1109653200||ch||
3582572448||3582572455||1109653200||ch||
3582572496||3582572543||1109653200||ch||
3582573824||3582573855||1109653200||ch||
3582573888||3582573951||1109653200||ch||
3582574400||3582574435||1109653200||ch||
3582574452||3582574479||1109653200||ch||
3582894080||3582902271||1109653200||ch||
3583016960||3583025151||1109653200||ch||
3583115264||3583123455||1109653200||ch||
3583206016||3583206079||1109653200||ch||
3583827968||3583836159||1109653200||ch||
3583934464||3583942655||1109653200||ch||
3584040960||3584049151||1109653200||ch||
3584163840||3584172031||1109653200||ch||
3584700416||3584700671||1109653200||ch||
3584701968||3584701975||1109653200||ch||
3584701984||3584702007||1109653200||ch||
3584702016||3584702047||1109653200||ch||
3584702080||3584702159||1109653200||ch||
3584702208||3584702463||1109653200||ch||
3584925696||3584933887||1109653200||ch||
3584970112||3584970175||1109653200||ch||
3584983040||3584991231||1109653200||ch||
3585147328||3585155071||1109653200||ch||
3585384448||3585392639||1109653200||ch||
3585875968||3585884159||1109653200||ch||
3585925120||3585933311||1109653200||ch||
3585966080||3585971735||1109653200||ch||
3585971744||3585974271||1109653200||ch||
3586187264||3586187519||1109653200||ch||
3586191360||3586191871||1109653200||ch||
3586211840||3586220287||1109653200||ch||
3586220304||3586225295||1109653200||ch||
3586225312||3586228223||1109653200||ch||
3586424832||3586441215||1109653200||ch||
3586703360||3586719743||1109653200||ch||
3586793472||3586801663||1109653200||ch||
3586850368||3586850383||1109653200||ch||
3586904320||3586904415||1109653200||ch||
3586905040||3586905055||1109653200||ch||
3586905072||3586905079||1109653200||ch||
3586905088||3586905119||1109653200||ch||
3586905168||3586905199||1109653200||ch||
3586905248||3586905279||1109653200||ch||
3586906392||3586906399||1109653200||ch||
3586906424||3586906427||1109653200||ch||
3586906720||3586906735||1109653200||ch||
3586907904||3586908031||1109653200||ch||
3587179464||3587179471||1109653200||ch||
3587547136||3587555327||1109653200||ch||
3588063232||3588071423||1109653200||ch||
3588079616||3588095999||1109653200||ch||
3588628480||3588636671||1109653200||ch||
3588784128||3588800511||1109653200||ch||
3589267800||3589267807||1109653200||ch||
3589268096||3589268111||1109653200||ch||
3589269312||3589269319||1109653200||ch||
3589269960||3589269967||1109653200||ch||
3589270000||3589270007||1109653200||ch||
3589270040||3589270047||1109653200||ch||
3589270280||3589270287||1109653200||ch||
3589273392||3589273407||1109653200||ch||
3589273904||3589273919||1109653200||ch||
3589423616||3589424127||1109653200||ch||
3589425152||3589425663||1109653200||ch||
3589433376||3589433407||1109653200||ch||
3589433472||3589433503||1109653200||ch||
3641106952||3641106959||1109653200||ch||
3641229312||3641237503||1109653200||ch||
3641278176||3641278191||1109653200||ch||
3641384960||3641389055||1109653200||ch||
3641589760||3641593855||1109653200||ch||
3642015744||3642019839||1109653200||ch||
3642191488||3642191519||1109653200||ch||
3642236928||3642241023||1109653200||ch||
3642351616||3642355711||1109653200||ch||
3642368000||3642376191||1109653200||ch||
3642449920||3642454015||1109653200||ch||
3645169664||3645173759||1109653200||ch||
3645329408||3645333503||1109653200||ch||
3645370368||3645374463||1109653200||ch||
3645404672||3645405183||1109653200||ch||
3645575168||3645579263||1109653200||ch||
3645763594||3645763594||1109653200||ch||
3645763614||3645763614||1109653200||ch||
3645763621||3645763621||1109653200||ch||
3645763681||3645763681||1109653200||ch||
3645763684||3645763684||1109653200||ch||
3645763691||3645763691||1109653200||ch||
3645763703||3645763703||1109653200||ch||
3645763738||3645763738||1109653200||ch||
3645763780||3645763780||1109653200||ch||
3645763786||3645763786||1109653200||ch||
3645763842||3645763842||1109653200||ch||
3645763853||3645763853||1109653200||ch||
3645763865||3645763865||1109653200||ch||
3645763921||3645763921||1109653200||ch||
3645763942||3645763942||1109653200||ch||
3645763944||3645763944||1109653200||ch||
3645763951||3645763951||1109653200||ch||
3645763988||3645763988||1109653200||ch||
3645764042||3645764042||1109653200||ch||
3645764069||3645764069||1109653200||ch||
3645764087||3645764087||1109653200||ch||
3645764109||3645764109||1109653200||ch||
3645764119||3645764119||1109653200||ch||
3645764165||3645764165||1109653200||ch||
3645764218||3645764218||1109653200||ch||
3645764227||3645764227||1109653200||ch||
3645764231||3645764231||1109653200||ch||
3645764255||3645764255||1109653200||ch||
3645764309||3645764309||1109653200||ch||
3645764322||3645764322||1109653200||ch||
3645764328||3645764328||1109653200||ch||
3645764361||3645764361||1109653200||ch||
3645764440||3645764440||1109653200||ch||
3645765196||3645765199||1109653200||ch||
3645765372||3645765375||1109653200||ch||
3645765504||3645765507||1109653200||ch||
3645765620||3645765623||1109653200||ch||
3645765692||3645765695||1109653200||ch||
3645796352||3645800447||1109653200||ch||
3648155648||3648159743||1109653200||ch||
3648180864||3648180991||1109653200||ch||
3648181120||3648181247||1109653200||ch||
3648319528||3648319535||1109653200||ch||
3648364544||3648368639||1109653200||ch||
3648421632||3648421887||1109653200||ch||
3648438272||3648442367||1109653200||ch||
3648491520||3648495615||1109653200||ch||
3650105344||3650109439||1109653200||ch||
3650342912||3650347007||1109653200||ch||
3650355200||3650359295||1109653200||ch||
3650547712||3650551807||1109653200||ch||
3650580480||3650584575||1109653200||ch||
3651272704||3651338239||1109653200||ch||
3651674112||3651682303||1109653200||ch||
3651764224||3651772415||1109653200||ch||
3652033952||3652033967||1109653200||ch||
3652034144||3652034175||1109653200||ch||
3652186592||3652186623||1109653200||ch||
3653238784||3653369855||1109653200||ch||
3653382144||3653386239||1109653200||ch||
3653545984||3653550079||1109653200||ch||
3653619712||3653623807||1109653200||ch||
