--||--||--||tj||Tajikistan
1041252352||1041252863||1109653200||tj||
1041253120||1041253375||1109653200||tj||
1360512816||1360512819||1109653200||tj||
1383073280||1383073343||1109653200||tj||
1388713216||1388713727||1109653200||tj||
1426685952||1426702335||1109653200||tj||
3245279744||3245280255||1109653200||tj||
3245296640||3245297151||1109653200||tj||
3259224832||3259225343||1109653200||tj||
3260339072||3260339135||1109653200||tj||
3274701312||3274701567||1109653200||tj||
3275371776||3275372031||1109653200||tj||
3564042240||3564042495||1109653200||tj||
3564240896||3564241407||1109653200||tj||
3567629312||3567630207||1109653200||tj||
3587187712||3587187967||1109653200||tj||
3641421824||3641425919||1109653200||tj||
3645545088||3645545215||1109653200||tj||
3650611712||3650612223||1109653200||tj||
