--||--||--||tz||Tanzania
1043913216||1043913471||1109653200||tz||
1064171552||1064171559||1109653200||tz||
1064171856||1064171871||1109653200||tz||
1079389952||1079391231||1109653200||tz||
1080971776||1080971791||1109653200||tz||
1114509312||1114510335||1109653200||tz||
1118963456||1118963463||1109653200||tz||
1118983680||1118983743||1109653200||tz||
1118983872||1118983879||1109653200||tz||
1118984704||1118984775||1109653200||tz||
1118984864||1118984887||1109653200||tz||
1120317440||1120321535||1109653200||tz||
1347978480||1347978487||1109653200||tz||
1358397952||1358398463||1109653200||tz||
1358400528||1358400535||1109653200||tz||
1358402176||1358402303||1109653200||tz||
1358404612||1358404615||1109653200||tz||
1358404624||1358404655||1109653200||tz||
1358404696||1358404703||1109653200||tz||
1358405120||1358405375||1109653200||tz||
1358900992||1358901247||1109653200||tz||
1389264960||1389265023||1109653200||tz||
1389265280||1389265407||1109653200||tz||
1407522048||1407522303||1109653200||tz||
3245166080||3245166591||1109653200||tz||
3252414608||3252414639||1109653200||tz||
3252435200||3252435231||1109653200||tz||
3252435456||3252435711||1109653200||tz||
3252441344||3252442047||1109653200||tz||
3252442112||3252442239||1109653200||tz||
3252442368||3252442751||1109653200||tz||
3252442880||3252443263||1109653200||tz||
3252443360||3252444223||1109653200||tz||
3252444400||3252444671||1109653200||tz||
3252457472||3252459519||1109653200||tz||
3286566144||3286566399||1109653200||tz||
3286567040||3286567167||1109653200||tz||
3286567680||3286567935||1109653200||tz||
3288413184||3288414207||1127959803||tz||
3291291648||3291295743||1137071737||tz||
3291316224||3291324415||1123040357||tz||
3499705344||3499705855||1109653200||tz||
3510263296||3510263551||1109653200||tz||
3567444224||3567444479||1109653200||tz||
3567619584||3567620095||1109653200||tz||
3567620352||3567620479||1109653200||tz||
3567620932||3567620935||1109653200||tz||
3567621888||3567621895||1109653200||tz||
3567621912||3567621919||1109653200||tz||
3567622960||3567622963||1109653200||tz||
3567622976||3567623039||1109653200||tz||
3567623072||3567623087||1109653200||tz||
3567623104||3567623135||1109653200||tz||
3567623144||3567623151||1109653200||tz||
3567624448||3567625727||1109653200||tz||
3585189888||3585189951||1109653200||tz||
3585700608||3585700863||1109653200||tz||
3585702528||3585702655||1109653200||tz||
3585703424||3585703679||1109653200||tz||
3624278016||3624279039||1109653200||tz||
3630746880||3630747391||1109653200||tz||
3639396464||3639396471||1109653200||tz||
3639396544||3639396551||1109653200||tz||
3639401536||3639401551||1109653200||tz||
3639401624||3639401631||1109653200||tz||
3642053440||3642053631||1109653200||tz||
3653407008||3653407015||1109653200||tz||
