--||--||--||th||Thailand
973602816||973733887||1109653200||th||
977272832||977305599||1125590206||th||
981991424||982056959||1125799682||th||
982057216||982057471||1157687142||th||
982059008||982059263||1157951625||th||
982060288||982060543||1162442674||th||
982065664||982065919||1162535570||th||
982712320||982745087||1125716945||th||
984973312||985006079||1147751032||th||
1023901696||1023934463||1109653200||th||
1024188416||1024196607||1109653200||th||
1024655360||1024720895||1109653200||th||
1029308416||1029439487||1109653200||th||
1104409600||1104410623||1109653200||th||
2088239104||2088370175||1152243432||th||
2090696704||2090700799||1152644520||th||
2090700800||2090704895||1152395665||th||
2090704896||2090708991||1152933131||th||
2090708992||2090713087||1152760536||th||
2090713088||2090717183||1153360618||th||
2090717184||2090721279||1162092980||th||
2090721280||2090725375||1153019755||th||
2090725376||2090729471||1152476365||th||
2098724864||2098855935||1152243545||th||
2645753856||2645819391||1109653200||th||
2657878016||2657943551||1109653200||th||
2714238976||2714304511||1109653200||th||
2717253632||2717319167||1109653200||th||
2759000064||2759065599||1109653200||th||
2781937664||2782003199||1109653200||th||
2826436608||2826502143||1109653200||th||
3223955968||3223956223||1109653200||th||
3227798784||3227799039||1109653200||th||
3227867904||3227868159||1109653200||th||
3227931392||3227931647||1109653200||th||
3228362240||3228362495||1109653200||th||
3229944320||3229944575||1109653200||th||
3231119616||3231120383||1109653200||th||
3233590272||3233590527||1109653200||th||
3234592512||3234592767||1109653200||th||
3234807808||3234808063||1109653200||th||
3234853376||3234853631||1109653200||th||
3234856448||3234856703||1109653200||th||
3237733120||3237733631||1109653200||th||
3258338304||3258338319||1109653200||th||
3258338432||3258338496||1109653200||th||
3262474111||3262474111||1109653200||th||
3262474118||3262474118||1109653200||th||
3278939912||3278939915||1109653200||th||
3278939980||3278939983||1109653200||th||
3278942508||3278942511||1109653200||th||
3278942608||3278942611||1109653200||th||
3323339520||3323339775||1109653200||th||
3325128704||3325129215||1109653200||th||
3389017856||3389018111||1109653200||th||
3389026048||3389026303||1109653200||th||
3389027584||3389028607||1109653200||th||
3389211648||3389212671||1109653200||th||
3389345792||3389349887||1109653200||th||
3389413888||3389414143||1109653200||th||
3389416448||3389416959||1109653200||th||
3389418240||3389418495||1109653200||th||
3389419264||3389419519||1109653200||th||
3389528320||3389528575||1109653200||th||
3389538304||3389541375||1109653200||th||
3389541888||3389542399||1109653200||th||
3389543424||3389544447||1109653200||th||
3389802752||3389803263||1109653200||th||
3389808896||3389809151||1109653200||th||
3389813760||3389814527||1109653200||th||
3389938176||3389939455||1109653200||th||
3389945088||3389945343||1109653200||th||
3389956608||3389957375||1109653200||th||
3390330624||3390330879||1109653200||th||
3390335232||3390335487||1109653200||th||
3390409728||3390409983||1109653200||th||
3390410752||3390411007||1109653200||th||
3390412032||3390412287||1109653200||th||
3390441472||3390443519||1109653200||th||
3390447616||3390455807||1109653200||th||
3390832640||3390963711||1109653200||th||
3391725568||3391733759||1109653200||th||
3391881216||3391895551||1109653200||th||
3391896576||3391900415||1109653200||th||
3391905792||3391906047||1109653200||th||
3391913984||3391916287||1109653200||th||
3391916544||3391920127||1109653200||th||
3391930368||3391946751||1109653200||th||
3392135168||3392135679||1109653200||th||
3392135936||3392143359||1109653200||th||
3392765952||3392782335||1109653200||th||
3392921600||3392929791||1109653200||th||
3392978944||3392983039||1109653200||th||
3393554432||3393556479||1109653200||th||
3393679360||3393683455||1109653200||th||
3393855488||3393863679||1109653200||th||
3394111488||3394113535||1109653200||th||
3394297856||3394306047||1109653200||th||
3394924544||3394928639||1109653200||th||
3394965504||3394967551||1109653200||th||
3395104768||3395108863||1109653200||th||
3395219456||3395223551||1109653200||th||
3397214208||3397218303||1109653200||th||
3397451776||3397468159||1109653200||th||
3397746688||3397763071||1109653200||th||
3398156288||3398164479||1109653200||th||
3398352896||3398361087||1109653200||th||
3398402048||3398418431||1109653200||th||
3398787072||3398795263||1109653200||th||
3399024640||3399025663||1109653200||th||
3400548352||3400581119||1109653200||th||
3400925184||3400933375||1109653200||th||
3401023488||3401056255||1109653200||th||
3410911232||3410915327||1109653200||th||
3412426752||3412434943||1109653200||th||
3412819968||3412852735||1109653200||th||
3413180416||3413213183||1109653200||th||
3413270528||3413278719||1109653200||th||
3413303296||3413311487||1109653200||th||
3413524480||3413540863||1109653200||th||
3413737472||3413753855||1109653200||th||
3414327296||3414335487||1109653200||th||
3415244800||3415285759||1109653200||th||
3415343104||3415425023||1109653200||th||
3415506944||3415556095||1109653200||th||
3415605248||3415752703||1109653200||th||
3415834624||3415838719||1109653200||th||
3415867392||3416047615||1109653200||th||
3416064000||3416131583||1109653200||th||
3416154112||3416260607||1109653200||th||
3416948736||3416981503||1109653200||th||
3417055232||3417112575||1109653200||th||
3417915392||3417939967||1109653200||th||
3418095616||3418111999||1109653200||th||
3418365952||3418374143||1109653200||th||
3418524607||3418524638||1109653200||th||
3418578944||3418583039||1109653200||th||
3419471872||3419504639||1109653200||th||
3523280896||3523297279||1109653200||th||
3523510272||3523518463||1109653200||th||
3528884224||3528908799||1109653200||th||
3535480704||3535480831||1109653200||th||
3536551936||3536568319||1109653200||th||
3537174528||3537190911||1109653200||th||
3539353600||3539402751||1109653200||th||
3560945356||3560945359||1109653200||th||
3560945404||3560945407||1109653200||th||
3560945490||3560945490||1109653200||th||
3642191680||3642191711||1109653200||th||
3716169728||3716186111||1109653200||th||
