--||--||--||tr||Turkey
1042087936||1042120703||1109653200||tr||
1043890176||1043893247||1109653200||tr||
1045790720||1045798911||1109653200||tr||
1047281664||1047289855||1109653200||tr||
1047592960||1047601151||1109653200||tr||
1052260864||1052260895||1109653200||tr||
1052291680||1052291687||1109653200||tr||
1052354112||1052354175||1109653200||tr||
1052396800||1052396863||1109653200||tr||
1053409280||1053425663||1109653200||tr||
1055227904||1055228159||1128201770||tr||
1055228416||1055228671||1128201770||tr||
1055228416||1055228927||1128201770||tr||
1055228928||1055229183||1128201770||tr||
1056227328||1056243711||1109653200||tr||
1056440320||1056473087||1109653200||tr||
1074956800||1074957055||1109653200||tr||
1118962944||1118963199||1109653200||tr||
1346863104||1346867199||1109653200||tr||
1347980000||1347980031||1109653200||tr||
1347980704||1347980799||1109653200||tr||
1358626816||1358630911||1109653200||tr||
1358635008||1358639103||1109653200||tr||
1359364096||1359380479||1109653200||tr||
1359478784||1359511551||1109653200||tr||
1360371712||1360375807||1109653200||tr||
1360421120||1360424959||1109653200||tr||
1361035744||1361035751||1109653200||tr||
1361036144||1361036151||1109653200||tr||
1361036168||1361036175||1109653200||tr||
1361036460||1361036463||1109653200||tr||
1361036560||1361036567||1109653200||tr||
1361036608||1361036611||1109653200||tr||
1361036672||1361036675||1109653200||tr||
1361036952||1361036959||1109653200||tr||
1361037016||1361037023||1109653200||tr||
1361037128||1361037135||1109653200||tr||
1361037196||1361037199||1109653200||tr||
1361037216||1361037223||1109653200||tr||
1361037376||1361037383||1109653200||tr||
1361037388||1361037391||1109653200||tr||
1372848128||1373110271||1109653200||tr||
1385291776||1385299967||1109653200||tr||
1385660416||1385668607||1109653200||tr||
1390280704||1390346239||1109653200||tr||
1396834304||1396899839||1109653200||tr||
1403400192||1403400207||1109653200||tr||
1410016704||1410016767||1109653200||tr||
1410416640||1410424831||1109653200||tr||
1412169728||1412202495||1109653200||tr||
1412628480||1412644863||1109653200||tr||
1432354816||1433403391||1109653200||tr||
1436090368||1436155903||1109653200||tr||
1436442624||1436444671||1109653200||tr||
1436499968||1436502015||1109653200||tr||
1441480704||1441480959||1116524573||tr||
1449951232||1449983999||1120336028||tr||
1476067328||1476068351||1127959745||tr||
1491075072||1491140607||1135052423||tr||
1491140608||1493172223||1138142228||tr||
2343763968||2343829503||1109653200||tr||
2423914496||2423980031||1109653200||tr||
2615083008||2615148543||1109653200||tr||
2689269760||2689335295||1109653200||tr||
2701721600||2701787135||1109653200||tr||
2827681792||2827747327||1109653200||tr||
3225847040||3225847551||1109653200||tr||
3229701888||3229702143||1109653200||tr||
3231716608||3231716863||1109653200||tr||
3239549952||3239550207||1109653200||tr||
3239672832||3239673343||1109653200||tr||
3240690176||3240690687||1109653200||tr||
3240810496||3240810751||1109653200||tr||
3245135104||3245135359||1109653200||tr||
3245180416||3245180927||1109653200||tr||
3245255168||3245255679||1109653200||tr||
3245264896||3245266943||1109653200||tr||
3247177728||3247243263||1109653200||tr||
3249723904||3249724159||1109653200||tr||
3250374144||3250374655||1109653200||tr||
3250610176||3250618367||1109653200||tr||
3251213760||3251213823||1109653200||tr||
3251215616||3251215743||1109653200||tr||
3252318464||3252318719||1109653200||tr||
3252340736||3252340991||1109653200||tr||
3252408320||3252408339||1109653200||tr||
3252438016||3252438271||1109653200||tr||
3253977088||3253985279||1109653200||tr||
3254707200||3254707711||1109653200||tr||
3254713344||3254713855||1109653200||tr||
3254714368||3254779903||1109653200||tr||
3255414272||3255414527||1109653200||tr||
3256410112||3256410623||1109653200||tr||
3256549376||3256614911||1109653200||tr||
3256733696||3256735743||1109653200||tr||
3258327040||3258335231||1109653200||tr||
3259354624||3259354879||1109653200||tr||
3262472620||3262472623||1109653200||tr||
3262475856||3262475871||1109653200||tr||
3262476616||3262476619||1109653200||tr||
3262476804||3262476807||1109653200||tr||
3262477864||3262477867||1109653200||tr||
3262478084||3262478084||1109653200||tr||
3262478098||3262478098||1109653200||tr||
3262478100||3262478100||1109653200||tr||
3262478102||3262478102||1109653200||tr||
3262478104||3262478104||1109653200||tr||
3262478107||3262478107||1109653200||tr||
3262478114||3262478114||1109653200||tr||
3262478133||3262478133||1109653200||tr||
3262478135||3262478135||1109653200||tr||
3262478138||3262478138||1109653200||tr||
3262478141||3262478143||1109653200||tr||
3262478153||3262478153||1109653200||tr||
3262478156||3262478156||1109653200||tr||
3262478160||3262478160||1109653200||tr||
3262478166||3262478166||1109653200||tr||
3262478173||3262478174||1109653200||tr||
3262478176||3262478176||1109653200||tr||
3262478179||3262478180||1109653200||tr||
3262478188||3262478188||1109653200||tr||
3262478351||3262478351||1109653200||tr||
3262478450||3262478450||1109653200||tr||
3262478569||3262478569||1109653200||tr||
3262478622||3262478622||1109653200||tr||
3262478662||3262478662||1109653200||tr||
3262478688||3262478688||1109653200||tr||
3262478693||3262478693||1109653200||tr||
3262478760||3262478760||1109653200||tr||
3262478784||3262478785||1109653200||tr||
3262478809||3262478809||1109653200||tr||
3263031296||3263032319||1109653200||tr||
3263096320||3263096575||1109653200||tr||
3263512832||3263513087||1109653200||tr||
3263537152||3263541247||1109653200||tr||
3263557632||3263560191||1109653200||tr||
3263560448||3263560703||1109653200||tr||
3263560960||3263561231||1109653200||tr||
3263561472||3263561727||1109653200||tr||
3270647808||3270648063||1109653200||tr||
3272109312||3272109567||1109653200||tr||
3273768960||3273785343||1109653200||tr||
3274170368||3274170879||1109653200||tr||
3274604544||3274612735||1109653200||tr||
3274823680||3274825727||1109653200||tr||
3275784192||3275800575||1109653200||tr||
3276414976||3276423167||1109653200||tr||
3276524032||3276524095||1109653200||tr||
3276524160||3276524287||1109653200||tr||
3276529152||3276529167||1109653200||tr||
3276529176||3276529295||1109653200||tr||
3276529312||3276529407||1109653200||tr||
3276532736||3276532815||1109653200||tr||
3276532832||3276532839||1109653200||tr||
3276532848||3276532991||1109653200||tr||
3276533248||3276533375||1109653200||tr||
3276785600||3276785607||1109653200||tr||
3276786880||3276786911||1109653200||tr||
3277189632||3277189887||1109653200||tr||
3277192960||3277193215||1109653200||tr||
3277258752||3277324287||1109653200||tr||
3278929920||3278938111||1109653200||tr||
3278938128||3278938131||1109653200||tr||
3278939660||3278939663||1109653200||tr||
3278939700||3278939703||1109653200||tr||
3278939708||3278939711||1109653200||tr||
3278939716||3278939723||1109653200||tr||
3278939728||3278939731||1109653200||tr||
3279953920||3279955967||1109653200||tr||
3280010752||3280011263||1109653200||tr||
3280592384||3280592895||1109653200||tr||
3280782336||3280783359||1109653200||tr||
3280863232||3280928767||1109653200||tr||
3281343744||3281343999||1109653200||tr||
3281351680||3281351935||1109653200||tr||
3281715200||3281780735||1109653200||tr||
3282960384||3283091455||1109653200||tr||
3283209728||3283210239||1109653200||tr||
3283215872||3283216383||1109653200||tr||
3283610816||3283610879||1109653200||tr||
3285509632||3285509887||1109653200||tr||
3285513224||3285513231||1109653200||tr||
3285534096||3285534111||1109653200||tr||
3285614592||3285630975||1109653200||tr||
3286934784||3286935039||1109653200||tr||
3287448064||3287448575||1109653200||tr||
3287556096||3287564287||1109653200||tr||
3287671552||3287671807||1109653200||tr||
3288236032||3288244223||1109653200||tr||
3344552448||3344552703||1109653200||tr||
3556950016||3556958207||1109653200||tr||
3557588992||3557597183||1109653200||tr||
3557752832||3557761023||1109653200||tr||
3558196720||3558196727||1109653200||tr||
3558686720||3558703103||1109653200||tr||
3558801408||3558809599||1109653200||tr||
3558932480||3558940671||1109653200||tr||
3559735296||3559743487||1109653200||tr||
3559972864||3559981055||1109653200||tr||
3560054784||3560062975||1109653200||tr||
3560505344||3560513535||1109653200||tr||
3560570880||3560579071||1109653200||tr||
3560942248||3560942251||1109653200||tr||
3560942804||3560942807||1109653200||tr||
3560942816||3560942819||1109653200||tr||
3560944640||3560944643||1109653200||tr||
3560944648||3560944651||1109653200||tr||
3560944656||3560944659||1109653200||tr||
3560944668||3560944671||1109653200||tr||
3560944680||3560944687||1109653200||tr||
3560944696||3560944699||1109653200||tr||
3560944708||3560944711||1109653200||tr||
3560944724||3560944727||1109653200||tr||
3560944732||3560944735||1109653200||tr||
3560944748||3560944755||1109653200||tr||
3560944760||3560944767||1109653200||tr||
3560944840||3560944843||1109653200||tr||
3561013248||3561021439||1109653200||tr||
3561062400||3561070591||1109653200||tr||
3561971712||3561976831||1109653200||tr||
3561978368||3561979903||1109653200||tr||
3563192320||3563200511||1109653200||tr||
3563241472||3563257855||1109653200||tr||
3563413504||3563421695||1109653200||tr||
3563880448||3563888639||1109653200||tr||
3563937792||3563945983||1109653200||tr||
3563970560||3563978751||1109653200||tr||
3564306432||3564314623||1109653200||tr||
3564961792||3564969983||1109653200||tr||
3565117440||3565125631||1109653200||tr||
3565518848||3565551615||1109653200||tr||
3566370816||3566403583||1109653200||tr||
3566862336||3566895103||1109653200||tr||
3566993408||3567058943||1109653200||tr||
3568173056||3568304127||1109653200||tr||
3573284864||3573415935||1109653200||tr||
3574464512||3574530047||1109653200||tr||
3575627312||3575627327||1109653200||tr||
3575635856||3575635871||1109653200||tr||
3576365056||3576430591||1109653200||tr||
3577613888||3577613951||1109653200||tr||
3577620672||3577620735||1109653200||tr||
3578396672||3578462207||1109653200||tr||
3582590976||3582599167||1109653200||tr||
3582705664||3582722047||1109653200||tr||
3582976000||3582984191||1109653200||tr||
3583008768||3583016959||1109653200||tr||
3583262720||3583270911||1109653200||tr||
3583606784||3583639551||1109653200||tr||
3583729664||3583737855||1109653200||tr||
3583975424||3583983615||1109653200||tr||
3584131072||3584139263||1109653200||tr||
3585418944||3585419007||1109653200||tr||
3585769472||3585777663||1109653200||tr||
3586277376||3586293759||1109653200||tr||
3586785280||3586793471||1109653200||tr||
3586932736||3586949119||1109653200||tr||
3587179456||3587179463||1109653200||tr||
3587188480||3587188735||1109653200||tr||
3587287440||3587287447||1109653200||tr||
3588751360||3588767743||1109653200||tr||
3589021696||3589029887||1109653200||tr||
3589177344||3589193727||1109653200||tr||
3589472256||3589488639||1109653200||tr||
3589832704||3589849087||1109653200||tr||
3590225920||3590234111||1109653200||tr||
3641806848||3641810943||1109653200||tr||
3642049536||3642050559||1109653200||tr||
3642191456||3642191487||1109653200||tr||
3642744832||3642753023||1109653200||tr||
3644887040||3644891135||1109653200||tr||
3644903424||3644907519||1109653200||tr||
3645165568||3645169663||1109653200||tr||
3645763953||3645763953||1109653200||tr||
3645764058||3645764058||1109653200||tr||
3645764265||3645764265||1109653200||tr||
3645765312||3645765315||1109653200||tr||
3649241088||3649306623||1109653200||tr||
3651780608||3651784703||1109653200||tr||
3652033920||3652033935||1109653200||tr||
3652033984||3652034015||1109653200||tr||
3652034112||3652034143||1109653200||tr||
3652067328||3652071423||1109653200||tr||
3653404576||3653404591||1109653200||tr||
3653484544||3653488639||1109653200||tr||
