--||--||--||ua||Ukraine
1041235968||1041244159||1109653200||ua||
1042300904||1042300911||1109653200||ua||
1042300920||1042300927||1109653200||ua||
1044398080||1044414463||1109653200||ua||
1045471232||1045479423||1109653200||ua||
1049952256||1049960447||1109653200||ua||
1052495872||1052495879||1109653200||ua||
1054679040||1054687231||1109653200||ua||
1056178176||1056194559||1109653200||ua||
1346781184||1346782975||1109653200||ua||
1346783232||1346789375||1109653200||ua||
1346961408||1346965503||1109653200||ua||
1347231744||1347235839||1109653200||ua||
1347297280||1347305471||1109653200||ua||
1347727360||1347731455||1119506062||ua||
1348132864||1348136959||1109653200||ua||
1348182016||1348190207||1109653200||ua||
1348263936||1348268031||1109653200||ua||
1348300800||1348304895||1139120808||ua||
1348381696||1348381951||1109653200||ua||
1358262528||1358262783||1140839499||ua||
1358262784||1358263039||1137645303||ua||
1358263552||1358263807||1144796242||ua||
1358553088||1358557183||1109653200||ua||
1358823424||1358827519||1109653200||ua||
1358905344||1358909439||1109653200||ua||
1360101376||1360105471||1109653200||ua||
1360330752||1360334847||1109653200||ua||
1360512928||1360512935||1109653200||ua||
1360650240||1360654335||1109653200||ua||
1360961536||1360965631||1109653200||ua||
1364528640||1364528895||1109653200||ua||
1364739072||1364739583||1109653200||ua||
1364910080||1364914175||1109653200||ua||
1385218048||1385226239||1109653200||ua||
1388404736||1388412927||1109653200||ua||
1389297664||1389330431||1109653200||ua||
1401509888||1401511935||1109653200||ua||
1401874432||1401876479||1109653200||ua||
1401939968||1401942015||1132553332||ua||
1403651648||1403651711||1109653200||ua||
1403699200||1403715583||1109653200||ua||
1406853120||1406861311||1109653200||ua||
1432010752||1432018943||1109653200||ua||
1433583616||1433591807||1109653200||ua||
1436483584||1436485631||1109653200||ua||
1439072256||1439088639||1109653200||ua||
1439301632||1439367167||1109653200||ua||
1440710656||1440743423||1128569116||ua||
1450172416||1450174463||1149653884||ua||
1490026496||1490034687||1150176428||ua||
1500112896||1500113919||1160890689||ua||
1505296384||1505298431||1150176557||ua||
3237320704||3237320959||1109653200||ua||
3238060800||3238061311||1109653200||ua||
3238064128||3238064383||1109653200||ua||
3238065920||3238066175||1109653200||ua||
3239062784||3239063551||1109653200||ua||
3239077120||3239077375||1109653200||ua||
3239078144||3239078399||1109653200||ua||
3239091712||3239091967||1109653200||ua||
3239110912||3239111167||1109653200||ua||
3239112192||3239112447||1109653200||ua||
3239114496||3239114751||1109653200||ua||
3239128576||3239128831||1109653200||ua||
3239134464||3239134719||1109653200||ua||
3239136000||3239136255||1109653200||ua||
3239161344||3239161599||1109653200||ua||
3239169536||3239169791||1109653200||ua||
3239170048||3239170303||1109653200||ua||
3239171328||3239171583||1109653200||ua||
3239172096||3239172607||1109653200||ua||
3239174656||3239174911||1109653200||ua||
3239175168||3239175423||1109653200||ua||
3239181568||3239181823||1109653200||ua||
3239266816||3239267327||1109653200||ua||
3239269376||3239270399||1109653200||ua||
3239272448||3239272959||1109653200||ua||
3239273472||3239273983||1109653200||ua||
3239275520||3239276543||1109653200||ua||
3239278080||3239278591||1109653200||ua||
3239281664||3239282687||1109653200||ua||
3239286784||3239287807||1109653200||ua||
3239294976||3239295999||1109653200||ua||
3239299072||3239301119||1109653200||ua||
3239306240||3239307263||1109653200||ua||
3239309312||3239311359||1109653200||ua||
3239312384||3239313407||1109653200||ua||
3239465984||3239466239||1109653200||ua||
3239479808||3239480063||1109653200||ua||
3239480320||3239480575||1109653200||ua||
3239510016||3239510271||1109653200||ua||
3239523584||3239523839||1109653200||ua||
3239524864||3239525119||1109653200||ua||
3239525376||3239525631||1109653200||ua||
3239541248||3239541503||1109653200||ua||
3239550208||3239550463||1109653200||ua||
3239554816||3239555071||1109653200||ua||
3239556352||3239556607||1109653200||ua||
3239556864||3239557119||1109653200||ua||
3239567616||3239567871||1109653200||ua||
3239581952||3239582207||1109653200||ua||
3239583232||3239583487||1109653200||ua||
3239668224||3239668735||1109653200||ua||
3239686144||3239686655||1109653200||ua||
3239687168||3239687679||1109653200||ua||
3239706368||3239706623||1109653200||ua||
3239707392||3239707647||1109653200||ua||
3239709952||3239710207||1109653200||ua||
3239711744||3239711999||1109653200||ua||
3239713536||3239713791||1109653200||ua||
3239740928||3239741183||1109653200||ua||
3239772160||3239772415||1109653200||ua||
3239784192||3239784447||1109653200||ua||
3239789568||3239790079||1109653200||ua||
3239792640||3239793151||1109653200||ua||
3239825408||3239825919||1109653200||ua||
3239831552||3239832575||1109653200||ua||
3239834112||3239834623||1109653200||ua||
3239859456||3239859711||1109653200||ua||
3239861248||3239861503||1109653200||ua||
3239877632||3239877887||1109653200||ua||
3239883008||3239883263||1109653200||ua||
3239884800||3239885055||1109653200||ua||
3239885312||3239885567||1109653200||ua||
3239888896||3239889151||1109653200||ua||
3239936000||3239936255||1109653200||ua||
3239955200||3239955711||1109653200||ua||
3239959552||3239959807||1109653200||ua||
3239979008||3239979263||1109653200||ua||
3240030208||3240032255||1109653200||ua||
3240690688||3240691199||1109653200||ua||
3240699392||3240699647||1109653200||ua||
3240701952||3240702975||1109653200||ua||
3240705024||3240706047||1109653200||ua||
3240710144||3240710399||1109653200||ua||
3240712192||3240712447||1109653200||ua||
3240722432||3240723455||1109653200||ua||
3240730624||3240731647||1109653200||ua||
3240733696||3240734719||1109653200||ua||
3240736768||3240737791||1109653200||ua||
3240745472||3240745983||1109653200||ua||
3240750848||3240751103||1109653200||ua||
3240845056||3240845311||1109653200||ua||
3240858624||3240858879||1109653200||ua||
3240878080||3240879103||1109653200||ua||
3240885248||3240886271||1109653200||ua||
3241803904||3241804031||1109653200||ua||
3241868032||3241868287||1138079581||ua||
3241868800||3241869055||1125590399||ua||
3245089792||3245090815||1109653200||ua||
3245091840||3245093887||1109653200||ua||
3245094912||3245095935||1109653200||ua||
3245106688||3245107711||1109653200||ua||
3245109248||3245114367||1109653200||ua||
3245122048||3245122559||1109653200||ua||
3245124096||3245124607||1109653200||ua||
3245134080||3245134335||1109653200||ua||
3245138432||3245138943||1109653200||ua||
3245140992||3245141503||1109653200||ua||
3245142016||3245143039||1109653200||ua||
3245144064||3245145087||1109653200||ua||
3245148160||3245149183||1109653200||ua||
3245161472||3245161983||1109653200||ua||
3245166592||3245166847||1109653200||ua||
3245167616||3245167871||1109653200||ua||
3245169920||3245170175||1109653200||ua||
3245171712||3245172735||1109653200||ua||
3245173760||3245174783||1109653200||ua||
3245178880||3245179391||1109653200||ua||
3245182976||3245183999||1109653200||ua||
3245187072||3245190143||1109653200||ua||
3245207552||3245208063||1109653200||ua||
3245209600||3245210111||1109653200||ua||
3245215744||3245217791||1109653200||ua||
3245230080||3245231103||1109653200||ua||
3245234432||3245234687||1109653200||ua||
3245237248||3245237759||1109653200||ua||
3245238784||3245239295||1109653200||ua||
3245240320||3245241343||1109653200||ua||
3245243392||3245244415||1109653200||ua||
3245245952||3245246207||1109653200||ua||
3245248512||3245248767||1109653200||ua||
3245251584||3245251839||1109653200||ua||
3245252608||3245253631||1109653200||ua||
3245254656||3245255167||1109653200||ua||
3245255680||3245257215||1109653200||ua||
3245258752||3245259263||1109653200||ua||
3245259776||3245260287||1109653200||ua||
3245277184||3245277695||1109653200||ua||
3245278720||3245279743||1109653200||ua||
3245281280||3245281791||1109653200||ua||
3245292544||3245293567||1109653200||ua||
3245298432||3245298687||1109653200||ua||
3245298944||3245299199||1109653200||ua||
3245306368||3245306879||1109653200||ua||
3245309440||3245309951||1109653200||ua||
3245317120||3245318143||1109653200||ua||
3245321472||3245321727||1109653200||ua||
3245325312||3245326335||1109653200||ua||
3245329408||3245329919||1109653200||ua||
3245338368||3245339647||1109653200||ua||
3245340672||3245341695||1109653200||ua||
3246143744||3246143999||1109653200||ua||
3246144256||3246145023||1109653200||ua||
3246147840||3246148095||1109653200||ua||
3246148608||3246149631||1109653200||ua||
3246214656||3246215167||1109653200||ua||
3247066368||3247066623||1109653200||ua||
3247068160||3247068415||1109653200||ua||
3247068928||3247069183||1109653200||ua||
3247070464||3247070719||1109653200||ua||
3247075840||3247076095||1109653200||ua||
3247077888||3247078143||1109653200||ua||
3247080448||3247081471||1109653200||ua||
3247083520||3247084543||1109653200||ua||
3247093760||3247094783||1109653200||ua||
3247107072||3247108095||1109653200||ua||
3247109120||3247110143||1109653200||ua||
3247901696||3247902719||1109653200||ua||
3247912960||3247913983||1109653200||ua||
3247921152||3247922175||1109653200||ua||
3247925248||3247926271||1151383767||ua||
3247960064||3247961087||1138773515||ua||
3248810080||3248810111||1109653200||ua||
3249521280||3249521343||1109653200||ua||
3249676800||3249677055||1119852336||ua||
3249699840||3249700863||1109653200||ua||
3249704960||3249705983||1109653200||ua||
3249712128||3249712383||1109653200||ua||
3249715968||3249716223||1109653200||ua||
3249716736||3249717247||1109653200||ua||
3249726464||3249726975||1109653200||ua||
3249728512||3249729023||1109653200||ua||
3249731584||3249732607||1109653200||ua||
3250413568||3250414079||1143607959||ua||
3250589568||3250589631||1109653200||ua||
3250700288||3250708479||1109653200||ua||
3251182080||3251182591||1109653200||ua||
3251190784||3251191807||1109653200||ua||
3251195904||3251196927||1109653200||ua||
3251200512||3251201279||1109653200||ua||
3251205120||3251205631||1109653200||ua||
3251211264||3251212287||1109653200||ua||
3251213184||3251213215||1109653200||ua||
3251214016||3251214079||1109653200||ua||
3251214464||3251214591||1109653200||ua||
3251215360||3251215487||1109653200||ua||
3251220224||3251220479||1109653200||ua||
3251224576||3251225087||1109653200||ua||
3251226112||3251226623||1109653200||ua||
3251228160||3251229695||1109653200||ua||
3251230720||3251231743||1109653200||ua||
3251232768||3251233791||1109653200||ua||
3251366912||3251367423||1109653200||ua||
3252436480||3252436991||1109653200||ua||
3252437760||3252438015||1109653200||ua||
3252438528||3252438783||1109653200||ua||
3252439040||3252439295||1109653200||ua||
3252452608||3252452671||1109653200||ua||
3252455424||3252455679||1109653200||ua||
3252455936||3252456959||1109653200||ua||
3252932096||3252933631||1109653200||ua||
3253223680||3253223935||1109653200||ua||
3253230848||3253231103||1109653200||ua||
3253605376||3253606399||1109653200||ua||
3253608448||3253609471||1109653200||ua||
3253611520||3253612543||1109653200||ua||
3253624832||3253625855||1131943727||ua||
3253627904||3253628927||1146280152||ua||
3253629952||3253630975||1123644122||ua||
3253649408||3253650431||1130995540||ua||
3253684224||3253685247||1138342323||ua||
3253698560||3253699071||1131167730||ua||
3253702144||3253702655||1155693765||ua||
3253711360||3253711871||1159162060||ua||
3253721088||3253721599||1153190223||ua||
3253891584||3253891839||1109653200||ua||
3253966848||3253967359||1109653200||ua||
3253967872||3253968895||1109653200||ua||
3254699008||3254699519||1109653200||ua||
3254704128||3254705663||1109653200||ua||
3254706688||3254707199||1109653200||ua||
3254708224||3254709247||1109653200||ua||
3255232256||3255233023||1109653200||ua||
3255317248||3255317503||1109653200||ua||
3255318528||3255318783||1109653200||ua||
3255387136||3255388159||1109653200||ua||
3255800576||3255800831||1109653200||ua||
3256413184||3256413695||1109653200||ua||
3256415744||3256416255||1109653200||ua||
3256695808||3256696831||1109653200||ua||
3256727552||3256728575||1109653200||ua||
3256732928||3256733183||1109653200||ua||
3257559552||3257560063||1109653200||ua||
3257581568||3257585663||1109653200||ua||
3257663488||3257729023||1109653200||ua||
3258357760||3258359807||1109653200||ua||
3258365952||3258366975||1109653200||ua||
3258601984||3258602495||1109653200||ua||
3258625792||3258626047||1109653200||ua||
3258944512||3258945535||1109653200||ua||
3259194112||3259194367||1109653200||ua||
3260547328||3260547583||1109653200||ua||
3260915712||3260923903||1109653200||ua||
3261779968||3261780479||1109653200||ua||
3261782016||3261783039||1109653200||ua||
3262284800||3262286847||1109653200||ua||
3262423552||3262424063||1109653200||ua||
3262425600||3262426111||1109653200||ua||
3262431744||3262432255||1109653200||ua||
3262440448||3262440959||1109653200||ua||
3262441472||3262441983||1109653200||ua||
3262443008||3262443519||1109653200||ua||
3262444544||3262445055||1109653200||ua||
3262460416||3262460543||1109653200||ua||
3262478149||3262478149||1109653200||ua||
3263029248||3263030271||1109653200||ua||
3263034368||3263034879||1109653200||ua||
3263035392||3263035903||1109653200||ua||
3263089664||3263089919||1109653200||ua||
3263094784||3263095039||1109653200||ua||
3263684352||3263684607||1109653200||ua||
3263688960||3263689215||1109653200||ua||
3263689472||3263689727||1109653200||ua||
3263689984||3263690239||1109653200||ua||
3263691008||3263691263||1109653200||ua||
3263691776||3263692031||1109653200||ua||
3263692288||3263692799||1109653200||ua||
3264186368||3264186879||1135315854||ua||
3264188928||3264189439||1161837815||ua||
3264189440||3264189951||1142227527||ua||
3264312576||3264312831||1109653200||ua||
3264340736||3264340991||1109653200||ua||
3264345088||3264346111||1109653200||ua||
3264376320||3264376575||1109653200||ua||
3264376832||3264377087||1109653200||ua||
3264381952||3264385023||1109653200||ua||
3264388096||3264389119||1109653200||ua||
3264394240||3264395263||1109653200||ua||
3264396288||3264397311||1109653200||ua||
3264398336||3264399359||1109653200||ua||
3264404480||3264405503||1109653200||ua||
3264406528||3264407551||1109653200||ua||
3264628736||3264630783||1109653200||ua||
3264633856||3264634879||1109653200||ua||
3264636928||3264637951||1109653200||ua||
3264654848||3264655359||1109653200||ua||
3264659456||3264659967||1109653200||ua||
3264666624||3264667135||1109653200||ua||
3264669696||3264670207||1109653200||ua||
3264839680||3264840191||1109653200||ua||
3264844800||3264845311||1109653200||ua||
3266813952||3266822143||1109653200||ua||
3266994688||3266995199||1109653200||ua||
3266995456||3266995711||1109653200||ua||
3267008256||3267008511||1109653200||ua||
3267008768||3267009023||1109653200||ua||
3267235328||3267235583||1109653200||ua||
3267240960||3267241215||1109653200||ua||
3269200640||3269200895||1109653200||ua||
3269202176||3269202431||1109653200||ua||
3269212672||3269213183||1109653200||ua||
3269231872||3269232127||1109653200||ua||
3269233408||3269233663||1109653200||ua||
3269239040||3269239295||1109653200||ua||
3269241856||3269242111||1109653200||ua||
3270653184||3270653439||1109653200||ua||
3270654720||3270655231||1109653200||ua||
3270664192||3270666239||1109653200||ua||
3270669312||3270670335||1109653200||ua||
3270927104||3270927359||1109653200||ua||
3270928384||3270928895||1109653200||ua||
3270931456||3270931967||1109653200||ua||
3270932480||3270932991||1109653200||ua||
3271884800||3271901183||1109653200||ua||
3272169216||3272169471||1109653200||ua||
3272178560||3272178623||1109653200||ua||
3272210176||3272210431||1109653200||ua||
3272419328||3272420351||1109653200||ua||
3272421120||3272421375||1109653200||ua||
3272625152||3272626175||1133489805||ua||
3272892416||3272892927||1109653200||ua||
3272893440||3272894463||1109653200||ua||
3272898048||3272898559||1109653200||ua||
3272899584||3272900095||1109653200||ua||
3272900608||3272908799||1109653200||ua||
3273032192||3273033215||1109653200||ua||
3273034752||3273035263||1109653200||ua||
3273037824||3273038335||1109653200||ua||
3273162752||3273170943||1109653200||ua||
3273265152||3273266175||1109653200||ua||
3273439744||3273440255||1109653200||ua||
3273867520||3273867775||1109653200||ua||
3273872384||3273872895||1109653200||ua||
3274051584||3274052351||1109653200||ua||
3274163200||3274163711||1109653200||ua||
3274166784||3274167295||1109653200||ua||
3274167808||3274168319||1109653200||ua||
3274172416||3274172927||1109653200||ua||
3274174464||3274175487||1109653200||ua||
3274176512||3274177023||1109653200||ua||
3274177536||3274178047||1109653200||ua||
3274383360||3274384383||1109653200||ua||
3274385408||3274386431||1109653200||ua||
3274580992||3274582015||1109653200||ua||
3274586112||3274587135||1109653200||ua||
3274689024||3274689279||1109653200||ua||
3274691584||3274691839||1109653200||ua||
3274693376||3274693631||1109653200||ua||
3274700800||3274701055||1109653200||ua||
3274702080||3274702335||1109653200||ua||
3274801152||3274802175||1109653200||ua||
3274806272||3274807295||1109653200||ua||
3274810368||3274811391||1109653200||ua||
3274819584||3274821631||1109653200||ua||
3275415552||3275423743||1109653200||ua||
3275623936||3275624447||1109653200||ua||
3275626496||3275627007||1109653200||ua||
3275808768||3275816959||1109653200||ua||
3275931648||3275939839||1109653200||ua||
3276063744||3276064255||1109653200||ua||
3276065280||3276065791||1109653200||ua||
3276067328||3276067839||1109653200||ua||
3276068864||3276069887||1109653200||ua||
3276070400||3276070911||1109653200||ua||
3276077056||3276077567||1109653200||ua||
3276098560||3276099583||1109653200||ua||
3276100608||3276101631||1109653200||ua||
3276112896||3276114943||1109653200||ua||
3276122112||3276123135||1109653200||ua||
3276124160||3276125183||1109653200||ua||
3276126208||3276127231||1109653200||ua||
3276129280||3276131327||1109653200||ua||
3276135424||3276136447||1109653200||ua||
3276141568||3276143615||1109653200||ua||
3276677632||3276678143||1109653200||ua||
3276678656||3276679167||1109653200||ua||
3276683264||3276684799||1109653200||ua||
3276859136||3276859391||1139462907||ua||
3277178112||3277178623||1109653200||ua||
3277182464||3277182719||1109653200||ua||
3277182976||3277183231||1109653200||ua||
3277183744||3277183999||1109653200||ua||
3277184768||3277185023||1109653200||ua||
3277187328||3277187583||1109653200||ua||
3277191680||3277191935||1109653200||ua||
3277834752||3277835263||1109653200||ua||
3277835776||3277836287||1109653200||ua||
3277836800||3277837311||1109653200||ua||
3277839872||3277840383||1109653200||ua||
3277842432||3277842943||1109653200||ua||
3278939644||3278939647||1109653200||ua||
3278942136||3278942139||1109653200||ua||
3278943415||3278943415||1109653200||ua||
3279052800||3279069183||1109653200||ua||
3279618048||3279683583||1109653200||ua||
3279949824||3279950847||1109653200||ua||
3279991296||3279991807||1109653200||ua||
3279992320||3279992831||1109653200||ua||
3280003584||3280004095||1109653200||ua||
3280004608||3280005119||1109653200||ua||
3280009216||3280009727||1109653200||ua||
3280010240||3280010751||1109653200||ua||
3280454656||3280456703||1109653200||ua||
3280466944||3280467967||1109653200||ua||
3280584704||3280585215||1109653200||ua||
3280585728||3280586239||1109653200||ua||
3280587264||3280587775||1109653200||ua||
3280588288||3280588799||1109653200||ua||
3280593408||3280593919||1109653200||ua||
3280594944||3280595455||1109653200||ua||
3280596992||3280597503||1109653200||ua||
3280598016||3280598527||1109653200||ua||
3280599552||3280600063||1109653200||ua||
3280600576||3280601087||1109653200||ua||
3280617472||3280625663||1109653200||ua||
3280642048||3280650239||1109653200||ua||
3280773120||3280774143||1109653200||ua||
3280775168||3280776191||1109653200||ua||
3280777216||3280778239||1109653200||ua||
3280780288||3280781311||1109653200||ua||
3280789504||3280790527||1109653200||ua||
3280794624||3280795647||1109653200||ua||
3281339904||3281340159||1109653200||ua||
3281345024||3281345279||1109653200||ua||
3281346560||3281346815||1109653200||ua||
3281349120||3281349375||1109653200||ua||
3281349632||3281350143||1109653200||ua||
3281350656||3281350911||1109653200||ua||
3281351168||3281351423||1109653200||ua||
3281353984||3281354239||1109653200||ua||
3282092032||3282093055||1109653200||ua||
3282099200||3282100223||1109653200||ua||
3282102272||3282103295||1109653200||ua||
3283174400||3283176447||1109653200||ua||
3283180544||3283181567||1109653200||ua||
3283185664||3283187711||1109653200||ua||
3283188736||3283189759||1109653200||ua||
3283210240||3283210751||1109653200||ua||
3283213824||3283214335||1109653200||ua||
3283215360||3283215871||1109653200||ua||
3283217408||3283218943||1109653200||ua||
3283255296||3283263487||1109653200||ua||
3283664896||3283673087||1109653200||ua||
3284045824||3284046079||1109653200||ua||
3284049152||3284049407||1109653200||ua||
3285114880||3285123071||1109653200||ua||
3285635072||3285637119||1109653200||ua||
3286316032||3286316543||1154830877||ua||
3286327296||3286328319||1109653200||ua||
3286331392||3286332415||1109653200||ua||
3286339584||3286340607||1109653200||ua||
3286342656||3286343679||1109653200||ua||
3286346752||3286348799||1109653200||ua||
3286361088||3286362111||1109653200||ua||
3286663168||3286671359||1109653200||ua||
3286908160||3286908415||1154923714||ua||
3286909952||3286913023||1109653200||ua||
3286917120||3286918143||1109653200||ua||
3286921216||3286922239||1109653200||ua||
3286924288||3286925311||1109653200||ua||
3286926336||3286926591||1109653200||ua||
3286930432||3286930687||1109653200||ua||
3286937088||3286937343||1109653200||ua||
3286943744||3286944767||1109653200||ua||
3286946816||3286947839||1109653200||ua||
3286948864||3286949887||1109653200||ua||
3287171072||3287179263||1109653200||ua||
3287437312||3287437823||1109653200||ua||
3287440896||3287441407||1109653200||ua||
3287445504||3287446527||1109653200||ua||
3287468032||3287469055||1109653200||ua||
3287633920||3287634431||1109653200||ua||
3287638016||3287638527||1109653200||ua||
3287642112||3287642623||1109653200||ua||
3287643648||3287644671||1109653200||ua||
3287663104||3287663359||1109653200||ua||
3287664640||3287664895||1109653200||ua||
3287668480||3287668735||1109653200||ua||
3287670016||3287670271||1109653200||ua||
3287678208||3287678463||1109653200||ua||
3287851008||3287859199||1109653200||ua||
3556851712||3556868095||1109653200||ua||
3556990976||3556999167||1109653200||ua||
3557302272||3557310463||1109653200||ua||
3557416960||3557425151||1109653200||ua||
3557785600||3557793791||1109653200||ua||
3558506496||3558514687||1109653200||ua||
3559104512||3559112703||1109653200||ua||
3559284896||3559284911||1109653200||ua||
3559288176||3559288191||1109653200||ua||
3559399424||3559407615||1109653200||ua||
3559538688||3559546879||1109653200||ua||
3560252520||3560252527||1109653200||ua||
3560611840||3560620031||1109653200||ua||
3561103360||3561111551||1109653200||ua||
3561267200||3561275391||1109653200||ua||
3561679360||3561679615||1109653200||ua||
3562192896||3562201087||1109653200||ua||
3562430464||3562438655||1109653200||ua||
3562463232||3562471423||1109653200||ua||
3562692608||3562695375||1109653200||ua||
3562695380||3562698751||1109653200||ua||
3562699776||3562700799||1109653200||ua||
3562708992||3562717183||1109653200||ua||
3563921408||3563929599||1109653200||ua||
3564011520||3564019711||1109653200||ua||
3564039680||3564039935||1109653200||ua||
3564093440||3564101631||1109653200||ua||
3564183552||3564191743||1109653200||ua||
3564363776||3564371967||1109653200||ua||
3582066688||3582074879||1109653200||ua||
3582304256||3582312447||1109653200||ua||
3582616320||3582616575||1109653200||ua||
3582619392||3582619647||1109653200||ua||
3583688704||3583696895||1109653200||ua||
3583787008||3583795199||1109653200||ua||
3584024576||3584032767||1109653200||ua||
3584065536||3584073727||1109653200||ua||
3584638976||3584647167||1109653200||ua||
3585335296||3585343487||1109653200||ua||
3585761280||3585769471||1109653200||ua||
3585785856||3585794047||1109653200||ua||
3586662400||3586670591||1109653200||ua||
3588472832||3588489215||1109653200||ua||
3590053888||3590057983||1109653200||ua||
3590307904||3590307935||1109653200||ua||
3590316592||3590316607||1109653200||ua||
3590317056||3590318063||1109653200||ua||
3590318080||3590319103||1109653200||ua||
3641245696||3641249791||1109653200||ua||
3641491456||3641493503||1109653200||ua||
3641494016||3641499647||1109653200||ua||
3642007552||3642015743||1109653200||ua||
3642269696||3642273791||1109653200||ua||
3642298368||3642302463||1109653200||ua||
3642335232||3642339327||1109653200||ua||
3642343424||3642347519||1109653200||ua||
3642462208||3642466303||1109653200||ua||
3644977152||3644981247||1109653200||ua||
3645005824||3645009919||1109653200||ua||
3645472768||3645476863||1109653200||ua||
3645685760||3645689855||1109653200||ua||
3645755392||3645759487||1109653200||ua||
3648049152||3648053247||1109653200||ua||
3648339968||3648344063||1109653200||ua||
3650109440||3650113535||1109653200||ua||
3650285568||3650289663||1109653200||ua||
3650330624||3650334719||1109653200||ua||
3650612224||3650613247||1109653200||ua||
3652145152||3652149247||1109653200||ua||
3653403136||3653403931||1109653200||ua||
3653403936||3653403967||1109653200||ua||
3653403984||3653403999||1109653200||ua||
3653404032||3653404087||1109653200||ua||
3653404096||3653404111||1109653200||ua||
3653404120||3653404127||1109653200||ua||
3653404136||3653404143||1109653200||ua||
3653404160||3653404415||1109653200||ua||
3653404608||3653404671||1109653200||ua||
3653404960||3653404975||1109653200||ua||
3653405024||3653405055||1109653200||ua||
3653405120||3653405183||1109653200||ua||
3653409536||3653409575||1109653200||ua||
3653541888||3653544959||1109653200||ua||
3653545216||3653545343||1109653200||ua||
3653545472||3653545727||1109653200||ua||
3653545792||3653545855||1109653200||ua||
3653664768||3653668863||1109653200||ua||
3653754880||3653758975||1109653200||ua||
3674431744||3674431999||1109653200||ua||
