--||--||--||ae||United Arab Emirates
1103597824||1103598079||1109653200||ae||
1118968128||1118968183||1109653200||ae||
1118968224||1118968255||1109653200||ae||
1118968288||1118968295||1109653200||ae||
1118968304||1118968319||1109653200||ae||
1118983168||1118983199||1109653200||ae||
1118983296||1118983359||1109653200||ae||
1350213888||1350214143||1109653200||ae||
1357053952||1357119487||1109653200||ae||
1358899304||1358899311||1109653200||ae||
1383369728||1383370751||1109653200||ae||
1389201072||1389201087||1109653200||ae||
1389201984||1389202047||1109653200||ae||
1389202240||1389202255||1109653200||ae||
1389202320||1389202367||1109653200||ae||
1389202416||1389202447||1109653200||ae||
1389202456||1389202471||1109653200||ae||
1389202580||1389202687||1109653200||ae||
1389203200||1389203455||1109653200||ae||
1389203968||1389204287||1109653200||ae||
1389204544||1389205503||1109653200||ae||
1389207296||1389207359||1109653200||ae||
1389207392||1389207551||1109653200||ae||
1389208064||1389208319||1109653200||ae||
1389208448||1389208831||1109653200||ae||
1389208864||1389209855||1109653200||ae||
1389210112||1389212671||1109653200||ae||
1389212736||1389215231||1109653200||ae||
1389217792||1389218303||1109653200||ae||
1389219840||1389222567||1109653200||ae||
1389222576||1389222799||1109653200||ae||
1389222848||1389223679||1109653200||ae||
1389224192||1389232063||1109653200||ae||
1389232096||1389232127||1109653200||ae||
1389264928||1389264943||1109653200||ae||
1389265184||1389265199||1109653200||ae||
1389265248||1389265279||1109653200||ae||
1389265600||1389265791||1109653200||ae||
1399717888||1399848959||1109653200||ae||
1401423872||1401425919||1109653200||ae||
1403661216||1403661247||1109653200||ae||
1403662720||1403662783||1109653200||ae||
1403663104||1403663135||1109653200||ae||
1403664384||1403664447||1109653200||ae||
1410008064||1410008351||1109653200||ae||
1410009856||1410009919||1109653200||ae||
1410010112||1410010175||1109653200||ae||
1410013632||1410013695||1109653200||ae||
1410013952||1410013983||1109653200||ae||
1410014368||1410014399||1109653200||ae||
1410014970||1410014970||1109653200||ae||
1410015360||1410015487||1109653200||ae||
1410016288||1410016319||1109653200||ae||
1410019520||1410019551||1109653200||ae||
1410021376||1410021391||1109653200||ae||
1410021400||1410021415||1109653200||ae||
1410021440||1410021503||1109653200||ae||
1410021664||1410021695||1109653200||ae||
1410022400||1410022463||1109653200||ae||
1410022656||1410022687||1109653200||ae||
1410022784||1410022815||1109653200||ae||
1410022848||1410022879||1109653200||ae||
1432346880||1432347135||1109653200||ae||
1432352768||1432353279||1109653200||ae||
1441562624||1441564671||1142057971||ae||
1441564672||1441566719||1152476013||ae||
1446903808||1446920191||1130383120||ae||
1449132032||1449394175||1119852390||ae||
1475207424||1475207679||1143939027||ae||
1475207680||1475207935||1146193085||ae||
3227979264||3227979519||1109653200||ae||
3250324992||3250325247||1109653200||ae||
3258318848||3258327039||1109653200||ae||
3259302144||3259302399||1109653200||ae||
3262472432||3262472435||1109653200||ae||
3262475792||3262475807||1109653200||ae||
3262478109||3262478109||1109653200||ae||
3262478382||3262478382||1109653200||ae||
3262478384||3262478384||1109653200||ae||
3265569280||3265569791||1109653200||ae||
3265921024||3265986559||1109653200||ae||
3278943567||3278943567||1109653200||ae||
3286564864||3286566143||1109653200||ae||
3286566400||3286566655||1109653200||ae||
3286567936||3286568191||1109653200||ae||
3286568704||3286571007||1109653200||ae||
3286571776||3286630399||1109653200||ae||
3288548096||3288549375||1109653200||ae||
3560942940||3560942943||1109653200||ae||
3576299520||3576365055||1109653200||ae||
3582205952||3582214143||1109653200||ae||
3585700224||3585700231||1109653200||ae||
3587288576||3587288703||1109653200||ae||
3642347520||3642351615||1109653200||ae||
3644909344||3644909375||1109653200||ae||
3645764045||3645764045||1109653200||ae||
3651403776||3651534847||1109653200||ae||
3653744896||3653744959||1109653200||ae||
