--||--||--||uy||Uruguay
1125187584||1125191679||1109653200||uy||
2756247552||2756313087||1109653200||uy||
3187703808||3187711999||1151118653||uy||
3187769344||3187777535||1159752082||uy||
3189656064||3189656319||1161837604||uy||
3189660416||3189660671||1161312410||uy||
3189661440||3189661695||1161312428||uy||
3191865344||3191898111||1154657336||uy||
3192258560||3192291327||1160891078||uy||
3193044992||3193053183||1161837696||uy||
3193053184||3193061375||1161837753||uy||
3197544960||3197545215||1159243038||uy||
3198817280||3198817535||1159243088||uy||
3230854400||3230854655||1109653200||uy||
3278944761||3278944761||1109653200||uy||
3278945668||3278945671||1109653200||uy||
3355495424||3355496447||1109653200||uy||
3355582464||3355590655||1109653200||uy||
3356269312||3356269823||1109653200||uy||
3358064640||3358130175||1109653200||uy||
3358822400||3358827519||1109653200||uy||
3359277056||3359285247||1109653200||uy||
3359361024||3359362047||1109653200||uy||
3359462272||3359462335||1109653200||uy||
3359464448||3359465471||1109653200||uy||
3360096256||3360100351||1109653200||uy||
3362324736||3362324991||1109653200||uy||
3362570240||3362586623||1109653200||uy||
3362996224||3363000319||1109653200||uy||
3363618816||3363622911||1109653200||uy||
3363635200||3363651583||1109653200||uy||
3386474496||3386482687||1122445193||uy||
3386482688||3386490879||1139462934||uy||
3386703872||3386707967||1121575432||uy||
3386707968||3386712063||1135919480||uy||
3386712064||3386716159||1139983705||uy||
3387195392||3387228159||1162443077||uy||
3462605824||3462608895||1109653200||uy||
3473108992||3473113087||1109653200||uy||
3476221952||3476223999||1109653200||uy||
3481968640||3481970687||1109653200||uy||
3560946996||3560946999||1109653200||uy||
