--||--||--||uz||Uzbekistan
1347473408||1347473663||1130734459||uz||
1347473920||1347474431||1130036992||uz||
1347474432||1347475199||1129780631||uz||
1347475456||1347477503||1138684294||uz||
1347599616||1347599871||1109653200||uz||
1358530816||1358531071||1109653200||uz||
1365237760||1365241855||1109653200||uz||
1383073120||1383073135||1109653200||uz||
1389838336||1389854719||1109653200||uz||
1397063680||1397071871||1109653200||uz||
1407033856||1407034367||1109653200||uz||
1407035392||1407036415||1109653200||uz||
1412841472||1412857855||1109653200||uz||
1433788416||1433788671||1116818117||uz||
3239824896||3239825407||1109653200||uz||
3253248256||3253248511||1109653200||uz||
3259226112||3259226623||1109653200||uz||
3264896256||3264896511||1109653200||uz||
3266999296||3267000319||1109653200||uz||
3272651232||3272651239||1109653200||uz||
3276127232||3276128255||1109653200||uz||
3281470976||3281471231||1109653200||uz||
3281480960||3281481215||1109653200||uz||
3281911808||3281919999||1109653200||uz||
3287223808||3287224319||1109653200||uz||
3287269376||3287270671||1109653200||uz||
3287270688||3287270695||1109653200||uz||
3287270720||3287270727||1109653200||uz||
3287270736||3287270767||1109653200||uz||
3287270976||3287271007||1109653200||uz||
3287271104||3287271127||1109653200||uz||
3287271136||3287271143||1109653200||uz||
3287271152||3287271423||1109653200||uz||
3564037376||3564037631||1109653200||uz||
3564038400||3564038655||1109653200||uz||
3564040448||3564040703||1109653200||uz||
3587055616||3587063807||1109653200||uz||
3641462784||3641466879||1109653200||uz||
3642586112||3642589183||1109653200||uz||
