--||--||--||ve||Venezuela
1078738944||1078739455||1109653200||ve||
1089526784||1089527039||1109653200||ve||
1089579520||1089580031||1109653200||ve||
1113602048||1113603071||1109653200||ve||
1118966120||1118966143||1109653200||ve||
1118983744||1118983759||1109653200||ve||
1118984960||1118985215||1109653200||ve||
1160973616||1160973631||1109653200||ve||
1362423296||1362423807||1109653200||ve||
2170159104||2170224639||1109653200||ve||
2528706560||2529034239||1109653200||ve||
2661285888||2661351423||1109653200||ve||
2673475584||2673541119||1109653200||ve||
2713976832||2714042367||1109653200||ve||
2725904384||2725969919||1109653200||ve||
2810576896||2810642431||1109653200||ve||
3188064256||3188080639||1153457259||ve||
3190030336||3190292479||1155262952||ve||
3192651776||3192717311||1156904213||ve||
3225524224||3225524479||1109653200||ve||
3262473484||3262473484||1109653200||ve||
3262477636||3262477639||1109653200||ve||
3262477764||3262477767||1109653200||ve||
3278941400||3278941403||1109653200||ve||
3278941652||3278941655||1109653200||ve||
3278941672||3278941675||1109653200||ve||
3278944278||3278944278||1109653200||ve||
3290104832||3290105855||1109653200||ve||
3355478784||3355479039||1109653200||ve||
3355508736||3355510271||1109653200||ve||
3355510784||3355512831||1109653200||ve||
3355539200||3355539455||1109653200||ve||
3355545600||3355547647||1109653200||ve||
3355550208||3355552767||1109653200||ve||
3355555840||3355557887||1109653200||ve||
3355576320||3355578367||1109653200||ve||
3355639808||3355642367||1109653200||ve||
3355774976||3355779071||1109653200||ve||
3355781120||3355783167||1109653200||ve||
3355803648||3355820031||1109653200||ve||
3355926528||3355930623||1109653200||ve||
3355930880||3355931135||1148350396||ve||
3355936000||3355936255||1147834343||ve||
3355967488||3355975679||1109653200||ve||
3355975680||3355983871||1121405734||ve||
3355983872||3355992063||1132031750||ve||
3355992064||3356000255||1156561439||ve||
3356086784||3356087039||1109653200||ve||
3356163584||3356163839||1109653200||ve||
3356196864||3356229631||1109653200||ve||
3356279040||3356279295||1109653200||ve||
3356362752||3356364799||1109653200||ve||
3357423616||3357424639||1109653200||ve||
3357475840||3357476351||1109653200||ve||
3357507584||3357515775||1109653200||ve||
3357556736||3357556991||1109653200||ve||
3357559808||3357560319||1109653200||ve||
3357736960||3357745151||1109653200||ve||
3357753344||3357757487||1109653200||ve||
3357757496||3357773823||1109653200||ve||
3357786112||3357798399||1109653200||ve||
3358133248||3358133759||1109653200||ve||
3358143232||3358143487||1109653200||ve||
3358144512||3358145023||1109653200||ve||
3358159872||3358160895||1109653200||ve||
3358326784||3358392319||1109653200||ve||
3358543616||3358543871||1109653200||ve||
3358559232||3358560255||1109653200||ve||
3358561792||3358562303||1109653200||ve||
3358569472||3358570495||1109653200||ve||
3358578432||3358578687||1109653200||ve||
3359508480||3359514623||1109653200||ve||
3360129024||3360145407||1109653200||ve||
3360342016||3360354303||1109653200||ve||
3360382976||3360399359||1109653200||ve||
3360849920||3360882687||1109653200||ve||
3360948224||3361013759||1109653200||ve||
3361030144||3361034239||1109653200||ve||
3361341440||3361374207||1109653200||ve||
3361538048||3361570815||1109653200||ve||
3362586624||3362652159||1109653200||ve||
3385851904||3386114047||1129008944||ve||
3386769408||3386773503||1109653200||ve||
3388080128||3388145663||1116363336||ve||
3388145664||3388211199||1109653200||ve||
3388473344||3388604415||1109653200||ve||
3434299392||3434303487||1109653200||ve||
3436697088||3436697343||1109653200||ve||
3459340032||3459340287||1109653200||ve||
3459342336||3459342591||1109653200||ve||
3459342848||3459343103||1109653200||ve||
3459350528||3459352575||1109653200||ve||
3459357184||3459357439||1109653200||ve||
3459366912||3459368959||1109653200||ve||
3471057920||3471058943||1109653200||ve||
3485442048||3485446143||1109653200||ve||
3491973152||3491973159||1109653200||ve||
3512229888||3512230143||1109653200||ve||
3512263680||3512264703||1109653200||ve||
3560946496||3560946499||1109653200||ve||
3560946707||3560946707||1109653200||ve||
3560946709||3560946710||1109653200||ve||
3560946712||3560946712||1109653200||ve||
3560947192||3560947195||1109653200||ve||
3628608512||3628609023||1109653200||ve||
3628629760||3628631807||1109653200||ve||
3628636160||3628636671||1109653200||ve||
3628655104||3628655359||1109653200||ve||
3628657664||3628657919||1109653200||ve||
