--||--||--||vn||Viet Nam
985268224||985399295||1125799873||vn||
2111078400||2111111167||1156739331||vn||
2111176704||2111193087||1153258710||vn||
2112487424||2112618495||1152760653||vn||
3389391360||3389391615||1109653200||vn||
3389415424||3389415935||1109653200||vn||
3392954368||3392958463||1109653200||vn||
3394166784||3394168831||1109653200||vn||
3398934528||3398938623||1109653200||vn||
3400440960||3400441023||1109653200||vn||
3413213184||3413229567||1109653200||vn||
3413575680||3413576703||1109653200||vn||
3413582848||3413583871||1109653200||vn||
3416260608||3416261119||1109653200||vn||
3416285184||3416289279||1109653200||vn||
3416326144||3416327167||1109653200||vn||
3416391680||3416457215||1109653200||vn||
3418267648||3418271743||1109653200||vn||
3419570176||3419602943||1109653200||vn||
3539271680||3539304447||1109653200||vn||
3663989248||3663989503||1109653200||vn||
3663990272||3663990527||1109653200||vn||
3716415488||3716431871||1109653200||vn||
3716481024||3716489215||1109653200||vn||
3741057024||3741319167||1109653200||vn||
