--||--||--||zw||Zimbabwe
1043897856||1043898367||1109653200||zw||
1043900416||1043900927||1109653200||zw||
1080973568||1080973823||1109653200||zw||
1080974336||1080974591||1109653200||zw||
1407522816||1407523071||1109653200||zw||
3262478101||3262478101||1109653200||zw||
3262478161||3262478161||1109653200||zw||
3262478164||3262478164||1109653200||zw||
3263527424||3263527679||1109653200||zw||
3263536896||3263537151||1109653200||zw||
3278939416||3278939419||1109653200||zw||
3288481792||3288485887||1117925185||zw||
3290243072||3290245119||1138603017||zw||
3291176960||3291185151||1156471116||zw||
3301507328||3301507583||1109653200||zw||
3301511168||3301513215||1109653200||zw||
3512228352||3512229887||1109653200||zw||
3560944704||3560944707||1109653200||zw||
3560944716||3560944719||1109653200||zw||
3590309040||3590309055||1109653200||zw||
3590315008||3590316031||1109653200||zw||
3641668864||3641670655||1109653200||zw||
